Unnamed: 0,ret14593,ret10107,ret84788,ret47896,ret22111,ret55976,ret59408,ret83443,ret18163,ret11850,ret66093,ret92655,ret26403,ret59328,ret65875,ret17778,ret66181,ret11308,ret22752,ret14541,ret38703,ret21936,ret76076,ret13856,ret19561,ret70519,ret10104,ret75510,ret20482,ret19393,ret43449,ret86580,ret14008,ret62092,ret87055,ret17830,ret10145,ret57665,ret50876,ret48725,ret15579,ret12490,ret24205,ret49680,ret21178,ret77702,ret59176,ret22592,ret77178,ret12060,ret17005,ret13901,ret66157,ret61399,ret86783,ret69032,ret87447,ret18542,ret86868,ret10696,ret73139,ret87267,ret64186,ret71563,ret44644,ret39642,ret40539,ret13928,ret60442,ret78975,ret64936,ret27959,ret18411,ret17478,ret49154,ret77605,ret24942,ret75186,ret53613,ret18729,ret24766,ret56573,ret62148,ret45751,ret14702,ret70578,ret19350,ret36468,ret19502,ret28222,ret61241,ret12052,ret64311,ret85913,ret75825,ret48653,ret11955,ret81055,ret17750,ret24109
2001-01-04,0.0568101580586306,0.0587911450679428,0.2048181407042935,-0.109394400791392,-0.1159175565843588,0.1214246909917168,0.0071056670321542,-0.0535664253455099,-0.0580928884566302,0.1754549146852269,-0.180620627866223,-0.1717417973303151,0.0783256381625633,0.1004654044490674,0.1025107498628421,0.2073964167883388,0.0230100185684449,-0.0801840783341028,-0.0192071755211816,-0.211858714100096,0.3642393332056286,0.1147802053972361,0.1156495717877544,-0.1504796999417069,-0.1084537965148542,-0.1442293496759022,-0.0223491027948891,0.0794967788017638,0.1671562271279667,0.0373129992981401,-0.1540916713279782,0.0029578009726367,0.0001904693179355,0.1213203321943753,-0.2531337488892656,0.1581165373878388,-0.0281366932552319,-0.1231195278955836,-0.0036611825944546,-0.1425862719094746,0.1048432329430051,-0.0757104514371643,-0.0307065618459225,0.1352528903708194,-0.1464578097071923,-0.0716493681692851,-0.0474577164244596,0.0902385436395862,-0.0503466345855164,0.4822118633145749,-0.0551476026592074,-0.0188628888380969,-0.1850248504458104,-0.4117442579293479,0.0853272441462463,-0.0471006578339788,-0.123081813914046,0.0936310511432926,-0.3024228457014666,0.1348705420227622,-0.1776278511268839,0.1992486628366706,0.1847689116619322,-0.1076382278067925,0.1028897956000003,0.1387729753059443,-0.1681554254163474,-0.016168320653311,0.0061534611216555,0.0046610901739141,0.0756850694338086,0.22797085844136,-0.0472065918553856,-0.0850485977260962,0.0069892885268257,-0.1201595092093221,-0.1922582642361164,-0.0022801977673924,0.0719084882700779,0.113934110079907,-0.0544693308704551,-0.1646192319626937,-0.127303976808945,0.2420931768522556,-0.4114127565394818,0.0794068399285622,0.0929743344666205,-0.0692685376655455,0.225935955735959,-0.049310645806883,-0.0219044319346683,0.3026707774161888,0.3474223998743631,-0.0942769329397632,0.0063691174179355,0.0355091890634444,-0.3259382549013571,0.0712382021718854,0.2916272798223294,-0.1093664845636988
2001-01-05,-0.008915109351589666,0.01710048936595978,0.2917887882196309,-0.04781187263947737,-0.136196642930584,0.2638554542967623,-0.041827783088768035,-0.14472117173568064,-0.1501378162382645,0.09258142289369704,-0.13282682846903898,-0.0733804108920004,-0.09424061417117545,0.04105320293710297,0.03613641535379296,0.1575941733690001,-0.003219813654649605,-0.07924314528221978,0.04183160954546647,-0.06105024641268028,0.32111447440511276,0.10991616737777302,-0.15050871205190425,0.07281633160159143,-0.17932924144602788,-0.04372112804543454,0.03275514942909451,0.03664519464313784,0.24913182349732535,-0.030190057770565493,-0.040790179969743386,-0.06976142112895052,-0.03467053333163161,0.12251253889955623,-0.1566130913562077,0.013586713954484598,0.0014206799298647087,-0.007322518337175331,0.005924012786642782,-0.07306465804795344,-0.020445761001132292,0.04479516852930604,-0.10151674356974545,0.10002174028244669,-0.0816493071860176,-0.028671982010192547,0.0098121285501809,0.10351471766863427,0.03733617828795063,0.20632722349324392,-0.12124345275215456,-0.3040166800646128,-0.2544472073847093,-0.20762607577660094,0.015302810016714323,-0.08583734984345832,-0.2146507218373638,0.0025371550974004294,-0.11437037099513545,0.04746903421505116,-0.08194478723358142,0.031342799914519465,0.24486530038770543,-0.048672597550912855,0.16833433354381325,0.16667316479817754,-0.16352214442044963,0.2130832947757774,-0.20559448065101305,0.004351944312482606,0.1522709561104573,0.014783591152404369,0.12332336080097224,-0.2853040509311984,-0.1006301143315218,-0.14619131191129642,-0.10204758960972146,0.17215820353904657,0.14352165703414255,0.08451176883750784,0.06790255624967691,-0.0727713607456699,-0.05533277406916802,0.39709440702256754,-0.10952319891440275,-0.004580793090452023,0.12316474424930479,-0.32591148048244056,0.1558547491108963,0.009297603260008459,-0.025350006549374794,0.12464817018286807,0.08012453104322823,-0.410139027560953,-0.06328504710479796,0.05088430336990087,-0.12571122219046643,-0.06463671286372479,0.30810506682271604,0.07553240600712162
2001-01-08,-0.03842585476771589,0.0036482120460607035,0.09920287792740642,0.08765310480711286,-0.12475193637116076,0.2785533207356086,0.08677748577037538,0.18680367338001533,-0.18314003850823884,-0.009937255220824661,-0.11164774024845049,-0.09654582551988503,-0.03535621608634448,0.06854400936085352,-0.005926994290865336,-0.1316279624321253,-0.13384770813401858,0.027596011129201205,0.1681904136711669,0.0200408106138857,0.1574925155847333,0.014911574214035604,0.15914999138670172,-0.18727523186848816,-0.000998392506309378,-0.16963755219996626,-0.014804302101576067,0.10080670533674681,0.27519085107785984,0.038062422562869576,0.08991151880164822,-0.042954931002788015,0.030568301348139114,0.13165668254607565,-0.08223150699009796,0.2019358025155612,0.08887814020456843,0.007700299043941179,0.049322543562701264,-0.0437324325822498,0.02321834670960827,-0.11224411868391349,-0.029595199993718346,0.15256887533011243,-0.01570430672172981,-0.13597248819562371,0.20977284654943337,0.39116907579906035,0.047290079907144275,0.2742133200437168,-0.011289154850244164,-0.16593057549926793,-0.07525351415970581,-0.028691868489392622,-0.010908709400809822,-0.11172088672747134,-0.24478562471786006,0.14690608661487234,-0.13758269576467183,0.10703012214474346,-0.03931987288621266,0.1466056394330998,0.15601499815334272,-0.34696547406199496,0.22989150794547134,0.00445661279846352,-0.01770911502330454,-0.18594498318573888,-0.23995654618064205,0.035754360302332304,-0.044113962457175845,0.2775412333527676,0.07601973127484178,-0.18373906593072714,-0.20532456347518468,-0.13302142669310937,0.01501270491105333,0.026040607747912534,0.054433381787608356,-0.052290142228429384,0.013499491196058368,-0.15699975804057778,-0.07238907828207186,0.3854476402126905,-0.23176064048598122,-0.10134590928347831,0.09758106892196028,-0.32591148259969016,-0.05686559608386939,0.014508487271461333,0.03160709121111564,-0.11712733349275133,0.1039788412948892,-0.36769296963884646,-0.1298481928588038,-0.11360035443690851,-0.14511156758429594,-0.07513533472332967,-0.10983001244854235,0.1427248954759871
2001-01-09,-0.06561628506560531,-0.06922631089876054,0.15861735528082388,0.015040433908702988,0.016868469758785015,0.17090039287072553,-0.24710905912184014,0.03709831268148485,-0.14303329452475366,0.01817005549339492,-0.0021244213187246144,-0.009985774236853593,0.06506102470365875,-0.013520638558933103,-0.060855481549942046,0.03521001368427906,-0.029120125140040146,0.08338616828942326,0.11814284700784805,0.08992406070746616,0.23908030290420682,-0.053565869798449545,0.18391203747017304,0.03617872016842067,-0.007427344346889405,-0.1070252796826629,-0.020744922565834222,0.05284708060222835,0.30682364845578575,-0.037532483996184765,0.018169325230825137,-0.1499708925424903,-0.04199075036119094,0.09003732951824102,-0.1276395062974652,0.19529469692391146,0.02946875141377388,-0.1399332757204919,0.15380579770568062,-0.09738258695178281,0.09942934945492445,-0.03621735125156997,0.15455842085054616,0.38472816217008404,-0.11798302142996805,-0.1560353592706101,0.3312063703579369,0.14555631965484112,0.00047002663363608334,0.3660366179996343,-0.09682907091061539,-0.18073619136839386,-0.02604473876813227,0.058669314665198036,0.03303875597774951,-0.2290379896679252,-0.05640024080251866,0.03433397381809843,0.02244628791694316,-0.04029280465945304,0.09315932209670706,0.18963141494171495,0.10237004998006505,-0.090456425283156,0.11747377372401245,0.023489906916221517,-0.09652004277281831,0.0030961997132640303,-0.17049732551663832,0.17959192045593111,-0.03126328196774564,-0.018440906848431807,-0.09660103080549498,-0.23142375467192602,-0.11933389374033547,-0.1206286774391313,0.1253143276441183,-0.012939411224763931,0.14444799841516856,-0.2097005322295875,-0.03212943214759168,-0.0346928332076898,-0.31907107438117877,0.3272392030371483,-0.34722144773713803,-0.24138889496652888,0.14397792617044008,0.0002550567900927499,-0.19273574811376432,-0.06275761886263319,0.02915895183058537,-0.15506887129046373,0.1883619557106902,-0.250219845683519,-0.06193411824270102,-0.007089911971532936,-0.03302772922809734,-0.05649757014839661,-0.08046560649774971,0.14446857164539467
2001-01-10,-0.05921399018539888,-0.21592080259935126,0.023642789464005907,-0.1252499676661929,0.05324700530432756,0.21844206464911337,-0.042045059030751966,-0.2222208508273399,-0.08752882035895058,0.2212871502983599,-0.0013158359591138012,-0.13718801033033187,0.00019237811064805563,0.09873127817292601,-0.20018056995408978,0.2859685154489548,0.002080864357713933,0.1271030122893115,0.23821692919767717,-0.07116466008023295,0.3355170488498032,-0.12074629042066391,0.02695960144225915,-0.05288675103486949,-0.05006558202682032,-0.10476491756236905,-0.20866075933229597,0.007916678288037915,0.16274708308910638,-0.15299803312562196,-0.05594493002530817,-0.0503010544559234,-0.011930229760157977,0.1981656247679907,-0.17122706446111938,0.15080835351060023,0.16864121843188745,-0.22625207972185266,0.033434756076685265,-0.06943205210329229,-0.01591620970632295,0.020173129387337774,-0.03115535752966589,0.27659224326638887,-0.18438012824531236,-0.11967495482709399,0.26236806733261864,0.13885624328191845,0.17875149759141998,0.3684075901487528,-0.13650862907733186,-0.1495717499063744,-0.10836149658068606,0.004114967800949163,-0.013373249616711744,-0.15909590036841723,-0.04367240217975691,0.03044130704713413,-0.11038091717641661,0.0010469963184673652,0.037995427220741666,0.09919953983149857,0.1160451469939477,0.14175706697166407,-0.015719273920669758,-0.0030485226768462454,-0.2421181543896554,-0.05432612895577885,-0.2607059532240544,0.16494425499724907,0.19234785975096638,0.32252354544265677,-0.37704509342238035,0.08303514563418896,-0.014329151215675594,-0.03339899323420413,-0.0173607376891043,0.15319490522194656,0.060614791592725946,-0.014827568768243773,0.002487415140150119,-0.11992793092892529,-0.2233212264667082,0.31087383459902984,-0.07246364226610999,0.01703548755150861,-0.0029068826774325445,0.16896469812959464,0.16293403822046687,0.01547692914484467,0.061234953561875305,-0.04117953651649706,-0.010226909176022923,-0.26835619604770755,-0.11950582632571215,-0.16239192649936587,-0.0715194725584124,-0.05043109865955278,0.02857837296756427,-0.18636091619241726
2001-01-11,-0.018413537047930056,-0.27453704205256446,0.05374368392516257,-0.3605904320687283,0.14464212901306273,0.14236654188458517,0.005244803768891901,-0.344737021947542,-0.04489276580393338,0.41028022699775296,-0.13693409053962924,-0.29131808685939753,-0.04560617204365913,-0.01653071495767339,-0.17143776553665807,0.5205942755109026,0.009750719070987398,0.07202541913217196,0.1986898052559475,-0.10761536753673548,0.45542552239894785,-0.017861498016791832,0.16176721519548737,0.15763065933821294,0.1090564757348356,-0.2718275713129883,-0.2587413533086642,0.2031724155895952,0.1368473435115005,-0.002715590593702515,-0.2375473069868674,0.002902922006742936,-0.03216100481479132,0.09835670408481528,-0.07379876665368461,-0.09050588850474167,0.10945503870984691,-0.1099984127634485,0.01673618477719213,-0.07241611504488578,0.12467056668215146,-0.08913424467101212,-0.007779019765738745,0.021313795581236174,-0.038109349539821216,-0.17725063012774786,0.3065234055910513,0.24338392184874427,0.10763197375236704,0.34959689098450847,-0.2515634106710724,-0.13724633350100834,0.0060803127381360515,-0.1859327769431514,0.0637243064604613,-0.0852568131321754,0.22543217552512212,0.055076317276318384,-0.11464603125994142,-0.08805805051658713,0.05007374908507764,0.07980504691162149,-0.013854548165885371,-0.2170255757047813,-0.21804244460778963,0.08390583194929052,-0.08106544020410535,0.059177239045886294,0.012811896454129033,0.05208738550548037,0.11402011111407381,0.29633908058954145,-0.12550794267798285,-0.03446659326170864,0.023162010148758405,-0.04387933848326326,-0.05416995660611585,0.24046455390285693,0.03263292083128856,-0.04056164808454369,-0.24847668299610615,0.003432270695799685,-0.020753698037525425,0.2346702975438628,-0.0944518078605306,0.20031948151632015,-0.07919777708495472,0.0949798926645818,0.16055597341853722,-0.0011297080887232378,0.052123565737469915,0.153070569329929,-0.0740411278278267,-0.010505969125405027,-0.14532541621585557,-0.05106228838382297,-0.0025054820814744364,-0.06769447466075305,0.011365354225770258,-0.05950339906140494
2001-01-12,-0.07691416388327106,-0.026543192477632413,0.13372712947397603,-0.421791195134142,0.17076259340170116,0.045834487400513366,0.09954236124416074,0.25007304395208646,-0.07815359122654109,0.12995469149416455,-0.07236381077408396,-0.14534027932036445,-0.021792725346987892,0.10254564914305069,0.030281078184500345,-0.0926733238500177,-0.20742464403722635,-0.0023774971733137315,0.020977543336571522,0.06043572321268333,0.1409648069310838,0.08103850025537872,0.037622653156490174,0.09002914766628967,0.09961025587914148,-0.09136632260799422,-0.06272388393992806,0.1797539089831272,0.1146808693459946,-0.11589857045258711,0.10615241620598545,-0.10600993069888263,0.0041517494730870345,0.1545830194985983,-0.12412408839806237,-0.2757382419727737,0.0012482191098046195,-0.0632589149700394,0.03262859074203198,-0.05698533303127683,-0.033732410902062374,-0.13674870474399078,0.2097992284899856,-0.04245391783524647,-0.19107374150964207,-0.2109126256601524,0.168029884792797,0.16760307027722385,0.12340000801609172,0.28081315670038054,-0.1600240032743105,-0.21374278175678676,-0.051277237284122305,0.11833978769152277,-0.13106343741167034,-0.024000588501720106,0.12537158867213175,0.06274334143485712,-0.024441475774383478,-0.21715910744484995,-0.13155993891085743,0.09845847642797248,0.018925953944779743,-0.22942365240741738,-0.05280295788983734,-0.1304056691050721,-0.14712938386365892,-0.1306602148771568,0.09970197897601171,0.07589825173217897,0.07047134854171479,0.27823822107794816,0.14563597038414985,-0.1675075650221372,0.18955981860996432,0.07550998507006243,0.03809514834333006,0.11109721754539742,0.013598929216692217,-0.15310325860154347,-0.14645103109609803,0.26736824105802554,0.04728816315353161,0.32478954601865023,0.06703295583916466,0.014297646940330177,0.021594259884448866,-0.05043528573503696,0.019025722417824385,0.04052040583408196,0.11465075595728359,0.29591826460567,-0.1239154833414083,-0.11066541446632364,-0.09999901635663216,-0.10684375491358244,-0.11311786871946519,0.03613369347288703,-0.020338045142705416,-0.03940662207854345
2001-01-16,0.022962976981837264,-0.06372721908235558,0.16676795378274548,-0.31394360631532,0.019877861825901788,0.0022962482916915636,0.007118880843902696,-0.06703064696265851,0.053048283774445336,0.059812414777401915,0.20474370027813324,-0.03193219712060824,-0.1867013102768604,0.08218940742911969,-0.11080448325250666,0.19511572749669015,-0.07747479522306616,-0.11827314064264084,0.21597897472255745,0.04293271404196751,0.19831570295175915,-0.01457561536508476,0.25145402827636626,0.051064422539948535,-0.053827924141884594,0.25170210873762006,-0.03554903948319087,0.05006371511676141,-0.06561099603325125,-0.23135791010087065,0.09746567292661307,-0.057015933357267186,0.04208488855729518,0.1306946143151927,-0.12423280615439954,-0.0011019214847795605,-0.08658201874336012,-0.11047208362373316,0.15805545708106233,-0.024087800447013728,0.1453565728878646,-0.05343005178595094,0.2854252089250439,0.0690996850250722,-0.2673720705918125,-0.15070112204046493,0.1354813332003165,0.09614007703185619,-0.02301504927738921,0.09365130281592858,-0.03426615746148998,-0.23625750050305566,-0.022706552258295706,0.16933520264709262,-0.11546341364932974,-0.0751158172642722,0.09868972446103616,0.032314172146830196,-0.09085461418898677,-0.1230620063464708,-0.10400136755315582,-0.005988205190178691,-0.026762527095904168,-0.13706109897660693,-0.10972973970782675,-0.04652180594915927,-0.14055849409049848,-0.04002482092771366,-0.14907945423957203,0.07496074460331377,-0.11192954193031918,-0.16564816736624383,0.21451267305290447,-0.1927075301784852,-0.12915505286001971,-0.02128098234125723,-0.05730037135388833,0.11812882330285021,-0.1043080093100531,0.0142473768643542,0.0006467048779718629,0.21444950631643162,0.0379777623773167,0.4051504991794697,-0.11929388271974745,0.014743211448639614,0.20662963022323805,-0.15794401580813783,0.09914459499915937,0.053507692823801314,0.08695159362786582,0.2925095156745684,-0.02959831953237219,-0.1428696690704852,0.1333950880444772,-0.036504845863846926,-0.16475595575653945,-0.07277799357019087,-0.0849115679123207,0.06772194579880386
2001-01-17,0.019069208263450415,-0.05462057362176805,0.044464819110534085,0.03855294679795788,0.15115561881108025,-0.1749576499582219,-0.2330183106322864,0.5451549854949269,0.0451490064064029,0.12886654558187566,0.18825658079048133,-0.07664673877649941,-0.31244298526366815,0.14663227864169046,-0.00662789908346541,-0.3438852034680949,0.07498136723330369,-0.08160895153089498,0.012379897765581006,0.12148822398325763,0.0716022730166785,0.24879379570948373,0.15319236259555521,0.012369536167749355,-0.15789163402917603,0.024907361292910664,-0.15343172195802132,0.05062873850338353,0.12060954279744114,-0.14101460658030018,0.09083894602303624,-0.08212187272738856,-0.02590663172366358,0.11674693711526818,-0.16164859635914663,-0.04134472507356998,0.04112979595239052,0.02241880797775163,-0.07407388990558175,0.1605552203612896,0.05983998379658271,-0.06717995847442082,0.21667431136513052,-0.02374758947118219,-0.22451126687799375,-0.10128075705137037,0.14679793839718372,-0.02704447458044001,0.12969135404028953,0.09555715655416806,-0.08424670311063136,-0.08155272410080093,0.13395929087787467,0.18604716869793805,-0.08956205102292512,0.11288414441016167,0.08611760768026958,-0.09311472527755481,-0.07467386763282628,0.02799645454166165,0.03146209201670711,-0.033199282357419056,-0.005090045859174375,-0.10837018243054436,-0.0667312988944699,-0.03275908995582044,-0.0930894650943415,-0.23330472561320598,-0.3299224241636116,0.08955618356416319,0.24815237042613109,0.007069181674612181,0.3852858353940372,-0.04160963231223877,-0.09907191192386672,-0.08859514422343008,-0.005504864051286221,0.17724250727214438,-0.05830423069189411,-0.052648599078920603,-0.011579595895370437,0.004223149786923651,-0.1963262117034635,0.2894259826873961,-0.12680123054600878,0.21011488914208976,0.10543005562323199,-0.24093648941226334,0.14841872096748498,0.2787592079973739,0.15506299310550894,0.25695018478105824,0.043156135830219995,-0.18518698780811763,-0.058236015112052376,-0.10794683880584048,-0.13407979267316525,-0.09855169509595486,-0.13758652712822478,-0.11281608647197475
2001-01-18,0.04779959825916291,-0.0687242557886938,0.08724072106362281,-0.21878690174215099,0.40179315741464355,-0.06029137355905841,0.10836554714781572,-0.08060647631570726,0.046821412091732906,0.15397101781676314,0.2127971902149539,-0.06269133305935476,-0.2677493456975385,0.2784057732730018,-0.0056239250305004235,0.24614888703225946,0.11205727977347381,-0.19645512213667132,0.06745876709018671,-0.10886883903687544,0.10340136549448135,0.192854141725111,0.30531125805813897,0.2013802443355231,-0.060592415256654444,0.08267766084412158,-0.1772316488543063,-0.08280793227534074,-0.20177438622167337,-0.1587276775536455,0.0156772811755917,-0.06178358762505687,0.011860127177881343,0.09707860996729371,0.06757481352310692,-0.07031830995081444,0.026860360021614703,-0.036678890426976314,0.043654778579769904,-0.009890504818019437,0.2063725820491862,-0.07126875053315292,0.06375531404235064,-0.11463744245424379,0.032697919494487845,-0.1217427839678113,0.015659634517537546,-0.06904435444620233,0.06293369896924098,0.034758259176776905,0.11700838519979993,-0.15533575733807037,0.209770650880196,0.17388695536622828,-0.02491349780844489,0.08615329673419762,-0.08926684410477793,-0.24714529255180823,-0.2663003743781494,-0.011044736902178396,-0.10372766991934215,-0.00685999217887753,0.228199841462838,-0.19913579030075665,0.19888809877420457,-0.09735769937052453,-0.22549815915693033,-0.0520113462895323,-0.35249218883312305,0.1203722924018583,-0.012188220846805148,-0.006436412304784137,0.3280456985206041,-0.16047914149095285,-0.1859693145734392,-0.09947410363040594,-0.00550487166843588,0.26570164246031625,0.037262242906795376,-0.014134628139646829,-0.09459193331536972,-0.21370017160394175,-0.21058624816473925,0.2417262044568345,-0.3072296025617589,0.2856990233776129,0.24227079335765458,-0.10623539918230528,-0.06555681294344055,0.21592269846457227,-0.06747928051199113,0.20839191068469878,-0.18053626447603008,0.0037792083502030337,0.21378960599290395,0.015418817028952429,-0.11432337724560349,-0.18184744829291613,0.04903968171294471,-0.13668402873589597
2001-01-19,-0.029323643344749937,-0.23857995076134594,0.10282990742396972,0.08902166944611871,0.1696640781110528,-0.06029137922620502,-0.03351820805147943,0.1131510554222661,0.027368431968952344,0.28789431575071917,0.23629940298606494,-0.036440655800378564,-0.15139214579654522,0.26797389239667885,-0.08586716952783667,-0.06233543491543997,0.0506849896852396,-0.1073508654427501,0.08229875198826724,0.09884620751607182,0.10585121816194978,0.2518498563796782,0.2647159758610244,0.18544102166931728,0.016726331342146322,-0.07904625810916209,-0.07182213206254194,0.1439925904825228,-0.08359186614335036,-0.06189233731861479,0.11706756341354052,-0.08495413957665121,-0.14483155414759702,0.11511909977256382,0.00638443341946121,-0.17113227607443096,-0.16654434098825419,-0.04437701246158217,0.01837990705131439,0.005304492930865891,0.12288066082218706,-0.4079769487106961,0.09931573919710282,0.15644448318236287,0.0881824694307876,-0.15423640931868424,0.030399401837871744,-0.08002699600145963,-0.014801280012744372,-0.15329089206928995,-0.028870621403661614,-0.30396256709164565,0.09355402481872288,0.15767967878829983,0.014549961000982315,0.12205838982477618,-0.030604285522147605,0.20675711518672163,-0.20622126603014104,-0.025065128773674568,0.06279829677482458,0.02544214335794944,0.24537242612635737,-0.2457344292710012,0.07063743114016309,-0.26448826674711556,-0.2130995952625497,0.22350409093804038,-0.16147937675441715,0.15547244477161412,-0.06588676388383083,-0.17234540808319654,0.2763730995106801,-0.23121556465246268,-0.20067112121293423,-0.03716551820492775,0.015080429438114218,0.2453063520757125,0.005524810420882982,0.006033160134874016,0.03889991198292166,-0.0596985939127634,-0.08692797277215501,0.1203499766615786,-0.16788601792875132,0.20229635113815356,0.14673165485608275,0.1021056005176497,-0.006679110408726336,-0.09584332438774322,-0.24210188516447648,0.12221121606833404,-0.19990508458809111,-0.08642796949313876,0.09616716045502562,-0.053286908221538004,0.0894301816321188,-0.08789064692074451,0.06941282959498869,-0.14852110922512662
2001-01-22,-0.030811950081253682,-0.28273210773184654,-0.01908229002721223,0.062273173362618915,0.026804829204186875,-0.05573033855912476,-0.023018138413322228,-0.23327825984045317,-0.0874888138057066,0.21613655247398048,0.178498505634293,-0.10897028171581008,-0.1083901730851588,0.2748394443899292,-0.137871400578418,0.1912824273227826,0.19585783218102093,-0.055083815923024464,-0.13433675740416412,0.14548876827393614,-0.04689489528843823,0.11947506029144794,0.03034894185393655,0.1544263660535449,0.17259373961021504,-0.08236083622041257,0.04219639064468025,0.021440846922067467,0.20583239144723905,-0.07641025605569464,0.10136864665204369,-0.042183080049343145,0.022441335923952442,0.16697329561389254,-0.005192293469695298,-0.10798733584032366,-0.09048944790304875,-0.05547168261165722,0.018239542415641238,-0.1857048517240283,0.14936534263917256,-0.3176072334571803,0.037690277221289856,0.14054641000759402,-0.004430509702276505,-0.12911623097907396,0.2714511015577124,-0.18014230917737725,0.04484220143566511,-0.018343698210233492,-0.17103407023432313,-0.1751867074226026,0.05024363861597683,0.047538741473902954,0.025200633519306705,-0.11893376483297978,-0.06973050300719755,0.23994876976764076,-0.3590177726313979,-0.028822761770292093,0.12483968855978433,0.023927612362984216,0.3526882541171392,-0.2786267067517579,-0.0032820891974879034,-0.08698678271077537,-0.2121666314725263,0.08082687522738491,0.14801174328843586,0.15497032388364967,-0.22955357705076815,-0.1933191682457233,0.17821389559498532,-0.19770947028270322,-0.08713528570270941,0.12852526231250289,0.07516723201459005,0.16957866526420742,-0.06350580551278347,0.0547270645484732,-0.0033084905007059015,-0.2239070885259894,-0.007771787845736869,0.13093570624973788,-0.03289792578023331,0.18374561598531294,0.019572935271723754,0.2506205302418486,0.10531734148820106,-0.015701572023302274,-0.13395261043611884,0.0068990965767870725,-0.09079695613391778,-0.12657535280748985,0.04211486905409925,0.0979563509360147,0.041857227327907934,-0.08709991089130178,0.04341322628508366,-0.16430441549462424
2001-01-23,-0.012657092777860382,-0.36790262573270965,-0.009274971129854426,-0.04989085691826551,0.03460565752625247,-0.11643625556828821,-0.1651074083510649,-0.010498330436586994,0.033005256349627955,0.15508380274855163,-0.07005962143975962,-0.33868970047853414,-0.02077689879806994,0.33548239487445314,-0.0291693150956257,0.007958009097066133,0.06102598658015431,0.04607549449047073,-0.09639488679077085,0.21097270660475356,-0.1333692835799293,0.07000078073227638,-0.059802209679795555,0.14607939019119856,0.2542008972719744,0.02755738189486358,0.10748343895563237,0.019453357633357513,0.32247367976293934,0.06321431206636959,0.19092395858752978,-0.0507276345826832,-0.0775744613059222,0.13309222227940495,-0.049656451272345546,0.07836117701887865,-0.034370745480495464,-0.04141326242483728,0.07722721253664414,0.2134377982313295,0.15094937027323166,-0.2300849396384155,0.07464101570495431,0.07436663585187012,-0.09098059022479527,0.010489919477549872,0.412726514337287,-0.16227159546374548,0.020122206503900186,0.01807058806746718,0.05852026279105151,-0.0637662803230439,0.052948424581111965,0.10368720775461647,0.02899193129900566,-0.06741534152377918,-0.024167515424199603,0.20464029718554985,-0.1246448910295965,-0.021653330488141786,0.11097520818486477,0.0015471312786509515,0.09542003183258689,-0.04038245754104155,0.22156251675807997,-0.34260259253563335,-0.13852709296232596,0.015674434255441204,-0.020991761582284035,0.1267075151331414,-0.17073922414223372,-0.06142180164892259,-0.020812398925971115,-0.013063324212950124,-0.2711827129613298,0.0025495119293180864,0.05311577759953025,0.20506831608051368,-0.04114371728000074,-0.004075203611429434,-0.18662049350788695,-0.20104951668979182,0.014000805037869194,0.0072988715570343615,-0.10760528296972274,0.008145252629297866,0.10427748589017817,0.3086971112631983,-0.08959630977798025,-0.08812604654406407,-0.13478240867391547,-0.014876191447055613,-0.14298691788400733,-0.16254263308945346,0.10683613073514243,-0.012954486091978861,0.05923058940830434,-0.09845632227714603,-0.0058172042949239545,-0.10678751287958979
2001-01-24,0.027457236326290237,-0.24940357638326285,0.042986112972536614,-0.026087779860703375,0.14792531297419254,-0.007016964643014171,-0.21582669692203457,-0.05274357543123853,-0.09055375961441901,0.024705682153413882,-0.016014441582633977,-0.3794270267687866,0.04201275698847566,0.21460477860957358,0.010363642808666758,0.011880602842779224,0.10023401474697252,-0.0506038043782171,0.13468568567062553,0.15132069022379444,0.07793471189537111,-0.012711658791865057,-0.09622943632448383,0.20504730113011785,0.13705805652870218,0.024487814550666898,0.042240902664938455,-0.01162765704707167,0.10625217523496415,0.06622457413726278,0.09953032526019864,-0.015131827913388343,-0.0751637109415837,0.09778673875703474,-0.07195551290049802,0.06205529953952245,-0.07561199927635463,-0.0025412077680727558,0.027023558707150324,0.0346552106113859,0.20689362690838745,-0.1250088702687284,0.227393229734185,0.0665685038970078,0.11030877763302444,-0.012272853417899599,0.08060878629783855,-0.21668956467005354,0.0010894532391807145,0.004119464541143189,-0.0018420544726602704,-0.05248679674581196,0.047234691097143004,-0.0643504788132816,0.03693372109025895,-0.07071510751795895,0.04552920861162194,0.2252590692494714,-0.08770343916731733,-0.24791054974721446,0.13109814097635955,0.006511709121590334,0.2991337184183162,0.0660002618720289,0.1373613750783409,-0.17934706427867234,-0.1486184259142584,0.16931449342709481,-0.07817136268658159,0.0613669071029825,-0.2989015680788739,-0.01063208833427559,0.17161638784852998,-0.1119920366245715,-0.28806282338489153,-0.014040881715386522,-0.12079302989763605,0.27429465376813184,-0.08835264200513694,-0.023393817422055846,-0.06910904176985412,-0.15271950282403965,-0.0344118203784304,0.0011816438968840434,0.046753447952297134,0.05552041725949284,-0.057905073868371744,0.05385542614730102,0.05810748192228705,-0.05054994508599882,-0.14255377166630687,0.05465795244907484,0.04286907020648747,-0.09251166537688695,-0.00944823006610292,0.06167261260822307,0.09432367714407829,0.054638283844992926,0.1445250070939698,0.11743245731846214
2001-01-25,-0.026586367935453287,-0.17639905631912764,-0.09909700218185556,-0.009490536385915184,0.1811473885650178,0.05232077092846375,-0.01476080257901805,0.035229224019296415,-0.09964867163387497,-0.08838175196367772,0.0024221085748494095,-0.2727651223746834,0.025300044182201383,0.268307344048373,-0.04846746961558792,-0.08043600775762884,-0.008959961626120177,-0.09593357166156644,0.13468567834383482,0.11404975147228419,-0.183768663444412,-0.31427500195057145,0.1288447454589756,0.1306312263107599,0.10971497127818594,-0.1722047781503196,0.047398959177471015,0.05477242472757957,0.12529857336154124,0.0749083287902978,0.2762237540442892,-0.01103951478581815,0.011837779728582342,0.010114302530886559,-0.07577962882613262,0.08060961426821213,-0.021359830497330486,-0.03881395434283453,0.08701331719970062,0.13806631574328088,0.18877242321690524,-0.26818448224090513,0.21908100721278628,0.017401139489148794,0.051664590511967916,0.0594512260286061,0.29612901295599175,-0.05949939187367183,-0.04952867095492487,0.08333449442558262,-0.033423156435485796,-0.03972539875634139,-0.010889688697705593,0.054383042548470345,0.03540204393070693,0.12813665272447394,-0.03436994049054223,0.1637968592362322,-0.1372643288887326,-0.07198973390860636,-0.0003774744314702752,0.024597734773578232,-0.019430544344743547,0.13410014179065266,0.12807603639004947,-0.24064197413093527,-0.018400811444313825,0.07698378178439237,-5.073116609989974e-05,0.016139607840050505,-0.18226843134621853,0.06931085344153809,0.16487708198727172,-0.09685445097790632,-0.24812533163418657,-0.008523117982227367,-0.10814643931363137,0.08130012993381683,-0.09764078009704731,0.03423361616661343,0.00394854472079781,-0.07106633935734645,-0.06264957320779097,-0.053288952689698355,-0.0965130899033034,0.1172527118034025,0.011552448704049693,0.002199299762800786,0.0763782971436335,-0.02109331569939624,-0.1406651886509942,-0.08132221189080802,0.01910683654304493,-0.1639742615428887,0.07433295382730402,0.1001453640195099,0.05445194288269804,-0.1571863914781649,0.05281502891910341,-0.074454618066799
2001-01-26,-0.08374435430479782,-0.16756713155265068,-0.0784919410347036,-0.06277042906562522,0.24854268548741337,-0.004522774872510806,-0.15308132295186005,0.12509123064195782,-0.017877590764257562,0.17748617245988407,0.030053965452657188,-0.33315903673619207,-0.1207785250006868,0.14515886401397474,-0.04929383879126901,-0.2806078016640701,-0.23290259456303283,-0.20629089463835198,-0.011986561502571842,-0.13626336154482566,-0.07616953160004068,-0.1218826796845829,0.2750688126330966,0.10854865661925704,0.25159762588716983,-0.1272561778013582,0.025621780106316088,0.1177556057821942,-0.16229155648226365,0.12083392584652589,0.4459090087407615,-0.009394242961383038,-0.06938154777429512,-0.03612167537694,0.036744424180466126,-0.06649266988499418,0.0220040890737516,-0.04332589914253033,0.036344251122347807,0.12856177137651598,0.27713653243634456,-0.23058372476041267,0.3450315470681947,0.03517904115160536,0.011451627810541676,0.10683196471632468,0.3769080458944309,-0.08990339690880671,-0.11161135587380126,0.13262874492143914,0.01699153330822077,-0.03527525189679872,-0.002614616270929925,0.060230315403201035,0.05339353488036945,0.004041356655489733,0.04149448445911075,0.15562012870623124,0.07586745202509235,-0.048163374853917675,0.036842886721591035,-0.0313460594090207,0.08417668074372638,0.16647891129327252,0.14982780790147188,-0.17837837393526262,0.026823992964938283,0.13139523420902208,-0.07006901712404415,-0.14014955969484763,-0.10038151380575376,-0.13819801244517246,0.2317324184229774,-0.18805492560707676,-0.3597311369587179,-0.05225004637207224,-0.22737745978500032,-0.03488707273339804,-0.06132671909314082,-0.05252264571875118,-0.3348586308586636,-0.12067239425209658,-0.05801450641552714,0.11075240684878263,-0.03530221088764383,0.29197193196701854,0.012108160560614131,-0.28229306833392,0.029643423803053057,0.17244247420875655,-0.17981048162840146,-0.12727616329207722,0.1251455470068884,-0.24367659731882596,0.04480645278528023,0.12870215842037855,0.07009450972333019,0.07400699978538416,0.010531073662236748,-0.0028646981270144777
2001-01-29,0.005912619946752664,-0.1879552561772847,0.018301420839885736,-0.17690179336018924,0.14089061696902314,-0.05278286727104808,-0.14835821156832038,0.10911297020639936,-0.05271833703222581,0.14564097738691908,0.15832937187798782,-0.17307993899137175,-0.059724193161252985,0.021460377124525983,-0.012103072601439696,-0.23533323240912163,-0.08504716900660456,-0.07610360276408988,-0.021074947827067366,-0.05268614280917053,-0.11589390340022797,-0.14990389432744522,0.3103662752067075,0.027394731549897137,0.12999734279857098,0.010811773656547884,-0.008688556271225398,0.09242206808268515,-0.036203176588998895,0.12083392447955339,0.3258284271017278,-0.04418033889005604,-0.029306282275251755,-0.07885786273775298,0.049091512205295805,0.06876375685469072,-0.030850178565188596,0.04982800271037089,0.11675531595778357,0.09554008527605354,0.19949388196440657,-0.33736268225411253,0.33574115658661796,0.09060810322244324,-0.05346537501670268,0.00040274370051266356,0.19385669415705295,0.024826682483712025,-0.16145771947632553,0.12155539312179166,0.017045535067539138,-0.042114816094118906,-0.04284546818534004,-0.15170476959247944,0.014185165933428924,0.10679838543169999,0.014776610685342716,0.12935880532885397,0.003328908860311344,-0.06158463774832308,-0.17823565087666915,-0.09768253032343718,-0.08218232306468982,0.12489770441334669,0.16043795026040983,-0.06790053324922321,-0.03708367184478993,0.2724556654340287,-0.014471666121424866,-0.03849059183525562,0.006654029212549612,-0.1374442097198432,0.2513401594070989,-0.16765293185392555,-0.1726462611989177,-0.10840990457368235,-0.16439039886186263,0.0819332628570907,-0.01364199106124003,0.03761344357748353,-0.22239533482776982,-0.23834446955419109,0.1329191300526877,0.12362898373192206,-0.00733440501320065,-0.045503744339474274,0.11724472108517932,0.0382702254226584,0.012804793253377248,0.12856922790499742,-0.11614034846284542,-0.06926669267749429,-0.016877441910553896,-0.005587420162221082,0.07575046415477095,0.08869436580662073,-0.06555664490022695,-0.00857135713585691,0.010531062628308347,-0.03237846082407278
2001-01-30,-0.018639807508285144,-0.18638814204979978,-0.03554149852082614,-0.06365811089411512,0.09468714771368766,-0.05178960397549333,-0.1430869024746414,0.4862885616228405,0.016635444081525102,0.03410109825462009,0.10922917113596045,-0.22950557273582775,-0.020591400421077006,-0.03148096057918664,-0.08718326672041028,-0.5228774074229062,0.029923559975059556,-0.029604050627190754,0.0657383445587407,-0.002231356293857753,0.008009756303424157,0.03409432457932423,0.34672295428810446,0.01572321545693744,0.16550473858843515,-0.1484592978306161,0.00219682041751914,0.15943765061150802,-0.06847473924673607,0.16370772169706238,0.2108163775838553,0.023391255742640636,-0.15575892309049677,-0.037997795139795065,-0.042614216255548926,0.013162685989514344,-0.06160036496130377,0.08893227370271183,-0.01154696571953068,0.18232070720217108,0.1517567027098035,-0.31800534520015244,0.13233992501283962,0.11100457896567616,-0.05752223012020867,-0.17034837625245247,0.11505561327001673,0.02557279773734719,-0.13056739501533698,-0.07372031284627724,0.06971265593878145,-0.1418037633907397,0.013310208326393643,-0.14277894108536127,0.05288088651070272,0.11193413841076835,-0.09714436353410133,0.048394309974432954,0.04191153460756437,-0.0915518745375838,-0.05789858245727222,-0.06720238136347202,0.03109484442375869,0.04243932507026937,0.026065420842835633,-0.09356137446043898,0.03267238600717476,0.24751521223396072,-0.0633358837732143,0.031038206411948554,-0.0789947582987258,0.1772306611203844,0.1291119291440238,-0.13178348568286782,-0.13890618591398066,-0.17666875451894365,-0.12178585631597476,0.01994953263208423,-0.0065191196635193864,0.10639534303441454,-0.08381928447574333,-0.21978740231617727,0.11001430462576835,0.04632189261138912,-0.026090250398558508,-0.015908252750462478,0.03888431303458543,0.03827022447358028,-0.022423434820368928,0.02385357172763559,-0.16098359829833778,-0.06928938562234797,-0.01972536338428388,-0.017180686634034874,0.05389049051291924,0.060346156057897664,0.01068733706488866,-0.03613941811291106,0.11984361662863952,-0.15691757710693505
2001-01-31,-0.00017439718980520748,-0.19776038348718958,0.06296477686143001,-0.0430435609519183,0.22457433743476193,-0.042335551737800334,-0.1440655993790547,0.10011722484603697,-0.0544605851947325,-0.10811283725717079,0.054986662008749035,-0.0467468326304121,-0.02630969232635022,0.009898734641440681,-0.09627940946186679,-0.11939050814372534,0.0490680061951219,0.0894416878677552,0.07264090669745774,0.24474261614736634,0.0663691792010967,-0.08062928415280012,0.1894160514411052,-0.0842878762679187,0.15550871663188479,-0.028682218669567796,0.012354479153105117,0.0716420506870532,-0.05190307601802529,0.17025704524813132,0.33527888796329486,0.001545961876244752,-0.16146854119806525,-0.1402422778793915,0.01330843028004655,-0.0647729918908798,-0.09207893157607094,0.11094891520379054,0.09486780668968431,-0.04742735252997568,0.19372411112213805,-0.20509868396166558,0.049106909159845044,0.08658075019421839,0.02789329713859218,-0.08351805852279666,0.04932824787967849,0.018392700314260692,-0.07711002519403701,-0.13794723150067797,0.03798849375519369,-0.19589715773977517,-0.08692869280570346,-0.1587801267612871,0.051493595513405724,0.07403981201450939,0.07471424166725715,-0.019418365394420545,-0.008808168851784754,-0.09523036631381875,-0.08996224877730188,0.01573564247497653,0.13839026376457816,0.03286903397942587,0.06254882525363924,0.0632419956641467,0.020279591185153503,0.22596292046504454,-0.04803248632208513,0.05307777027117582,0.020870764122165864,0.05964519208938719,0.0294953493651334,-0.06174480213207348,-0.10956855081947839,-0.09560998123944657,-0.07814616492006224,0.1240004852483703,-0.026684463854699227,0.011452845735330728,-0.11077299086682213,-0.14273557660511524,-0.03328992191984296,-0.09057897998406049,-0.08910523831828407,0.015562740711707098,0.04435496367414342,0.13238425735611015,-0.10158927267409702,-0.039576625770821605,-0.15029312615514606,0.06811317863331631,-0.046180661020936035,0.00562437546391045,0.09474662871046773,0.06034614210804766,0.13521648700276112,0.11094420406838847,0.05905923439701703,-0.11532681450865696
2001-02-01,0.007092124540658187,-0.01771019025670697,0.05660696452791065,-0.15116185445331518,0.1721156401731987,-0.11420797065392235,-0.16238870305336017,0.4705453259606391,-0.06066870506808365,-0.09086602590342147,0.00676183701986369,-0.09480145997861411,-0.027971196105934387,-0.08448269549518161,0.023834203107969677,-0.37833739019237117,0.046564066607944446,0.12957657044986412,0.009566942222724684,0.15791959747006906,0.042833595080238554,-0.07896246607057782,0.14358179129469323,0.0018242544088610754,0.07713871797947837,0.03470481375040612,-0.031779723384904,0.1964446197806358,-0.14868820896763826,0.2181041426018026,0.32578647201898414,-0.07589394688680653,-0.22480601340328107,-0.09305415517436535,0.027769715088631252,-0.09588492483972179,-0.059589063476537314,-0.029417554338943434,0.08341959558986528,0.023406961078931244,0.15879584187246065,-0.06966743135012898,0.2535881583641242,0.03962024087941652,-0.05283973838334374,-0.14609052734936165,0.16721017248995462,0.020644193694620297,-0.11620901609649778,-0.142456141922062,-0.059400944456916564,-0.1492669443704873,-0.02698383872870944,-0.05123983083171981,0.03768912329923829,0.05070986472362509,-0.05268340727800292,0.09802602817693604,0.0618213675526609,-0.121295743554865,0.08871215148083005,0.01573563377624195,0.08309119861350796,0.10779000244330766,0.12284271569541,0.1272475007962341,-0.0017602731720832343,0.06071836571077485,-0.15299679314600279,-0.011358266529253024,-0.0349620518373511,-0.09386502245282288,0.06783325910081509,-0.2259883706930811,-0.14415194842309229,-0.03360347483988448,-0.041635539091674646,0.0748733050735656,0.02380925394617316,-0.02870548448799395,0.13176292603798279,-0.08208922498054565,-0.18303371891231113,-0.01893667715729351,-0.06633000852200707,-0.1116242209660664,-0.02242677838180958,0.011153047583955746,-0.12933590432897868,-0.003946344275302132,-0.12073371990318092,0.11276950872973703,-0.031877324517458734,0.08714003646477399,0.08973180195241152,0.1067103119355312,0.16339504137370134,0.14904535393912482,0.09575874267885513,-0.07220546243355505
2001-02-02,0.036795667651854685,0.006779921808241445,0.09408935092569426,-0.22469512781620332,0.08496008822067301,-0.012739690254493367,0.05389474694108293,-0.035604508454566926,-0.06059925908668539,0.05830520871385341,0.11215817708948468,-0.0408147229117721,-0.07214170734936103,0.053914616284883615,0.051079493802124135,0.11278058376701439,0.031045412742981296,0.07250960011603412,-0.07039568878448567,0.11189405893330366,0.08526883560148692,-0.04300425884070758,-0.06732064347693556,0.10950570435916632,0.1833269888818943,0.32799200758008973,0.006697792295190939,0.013409546185212722,-0.12228162521038465,0.0997775239650576,0.3265454436276651,-0.03299792355467681,-0.08030278087529545,-0.06399403762271086,0.10415589703922115,-0.062272747979066644,-0.08677965334682602,-0.08748712517830406,0.1565934205969826,-0.02326560964556739,0.17947931096467779,-0.07083147599753363,0.3211391294768807,0.18977549874139982,-0.11561438951072342,-0.12711077231593654,0.09080938555878143,0.03601216931969673,-0.1672891820486955,-0.14954267071793179,-0.041444690544173345,-0.09871513274094774,-0.06272026123324202,-0.19002110744609596,0.024896298150117846,-0.20532619344859523,0.012236222644973833,-0.01751397992653603,0.08065507837125264,-0.1877142924444459,0.04625780599140129,-0.06081226645024312,0.13938119050552375,0.12025708220830494,0.12381392941999923,0.10841146025402168,-0.02682824491798381,0.16753360083692725,-0.17778578075464865,0.0034731736720243172,0.0522649779751428,-0.1283543211756602,-0.11279410320473031,-0.17366894642119382,0.013729908888257161,-0.11074644821305717,-0.14723551993156597,0.052760161771965595,0.060824711325235675,-0.08212850383721475,0.14077878719190917,-0.04182361937749462,-0.2318015293873158,-0.05427495558779877,0.09831531235432393,-0.14495359018012619,0.010156981498094107,-0.04655407694615463,-0.19443307411072727,0.06850578339422535,-0.18718482417881266,0.15029716682878788,-0.005156428812575861,0.06375420867725982,0.04247085159762012,0.20349773924211673,0.04290084055028226,0.13089807096744885,0.009902234751905194,0.03513476070051145
2001-02-05,-0.07686513158173301,-0.17732736856939404,0.21252807345698885,-0.2686543803156252,0.22730723943147849,-0.005321310811720697,-0.15143670971838227,-0.27067479259799515,-0.029210794061428978,0.1647244508824777,0.009762851533419662,-0.4099441247885385,-0.11758146875197617,-0.15585267704108344,0.4429739106678993,0.02265669765735596,0.04337940942636901,0.3519864661773543,0.024089017977626626,0.06811356273722141,-0.003573724306764054,-0.13928825331617725,0.2731025178086299,-0.09116621806746449,0.2645736403643454,0.28289282930317433,0.14625664975748118,0.2430888698615291,0.007830286632432851,0.08211151866478938,0.2776203987883995,-0.06522194191847372,-0.30973529760140195,-0.09502853420869177,0.10134067360116601,-0.19742516084210396,-0.10779805841828363,0.012695474151885192,0.06908038205766918,0.07533365103472728,-0.09468679115903467,-0.07975048560016115,0.306324687844525,0.16373780090066223,-0.15402909708314194,-0.1813188292954846,0.16517732324628878,0.18402673543768708,-0.22618280619762102,-0.2027951647328439,-0.22705034606408916,-0.126049179081651,0.10905783624934569,0.07859317836967246,-0.11169830211807198,-0.24118842199941193,0.12691642554518615,0.09381515595958673,0.11633941942234159,-0.29601130931072683,0.18663599355925956,-0.11093626233008629,0.051809170506713645,0.012924236020917582,0.10635575496113045,-0.059215416973676493,-0.19136710343011135,0.3930511409193468,-0.2110705304120306,-0.05106279836547675,0.05226497781786993,-0.4315466817847928,0.21890904374480244,-0.3563383367544555,-0.10180126699026075,-0.00028773845367832885,-0.07773750125098634,0.2925652949143388,0.015981593210301397,-0.23260344583562848,0.1270106613887539,0.10228170713395314,-0.12029322810569827,0.0069064223503588085,0.271702857873704,0.09903347289841267,-0.011872977904286607,-0.019567535049523778,-0.16148156408596948,0.023024198068717073,-0.15561653802120304,0.08318974352100544,-0.17286366332577538,0.011140055305222572,-0.042838134286625536,0.11423381370068277,0.41055523911425645,0.21969788068175183,-0.09463796184254221,-0.07795518505052464
2001-02-06,-0.014843873988167474,-0.2596501973234364,0.15339468541542947,-0.11795584252508692,0.32207692023247503,-0.016354630100606803,-0.11297925871660265,-0.1661432704986101,0.00042390921454881424,-0.16613612274407102,0.08771162931724982,-0.3555454432294589,0.1467163624638753,-0.046378561352377314,0.3985337961689064,0.13883635970320923,0.007687829206628941,0.2670131969131218,0.008785205736759297,-0.10726783419501258,-0.194927287291218,-0.28048034873824884,0.5098027880217143,-0.13170672526424648,0.12101943328706018,0.13334407485343863,0.10509368074752588,0.16451015673628105,-0.07709041874347536,0.11881459585421068,0.18693566934409878,0.018802185400139986,-0.16897335363820296,0.021266437743128155,0.0807124875635354,-0.02741385142185624,-0.18302137106329777,0.010615393249393595,0.12276947863721747,-0.07535166795890255,0.1586718346519865,-0.21025459831687235,0.2856064705749119,0.16879433549638856,0.060339356532444335,-0.18608201343999783,0.03427105124929392,0.18898808121990854,-0.25200122776625333,0.008484446169784436,-0.17359742667678627,-0.038787329755815836,0.051888801548815276,0.06699229890731183,-0.21518056576723935,-0.03671527657925921,0.1768962960181557,0.40062693822392714,-0.08990349107580407,-0.245416632314616,0.02383362858103676,0.015110041892490864,-0.2690763599916146,-0.05337506042123019,-0.10188449397171,-0.26249492846693623,-0.19038555116248498,0.8157271921931899,0.0413085222374466,0.030155926283295303,-0.30736299886576796,-0.09732479422342387,0.03500764736552256,-0.11973487046116141,-0.04317687920163512,0.10654844211773626,-0.13911949949830651,0.11982093416171427,-0.08508534074596721,-0.15428073959164848,-0.0036261091196975207,0.07348766590852973,-0.13795793041930848,-0.11678886462397738,-0.06852541710586438,0.09889286811779935,0.12534429135751382,0.07178340273451725,-0.07022906237609489,-0.08417141087743885,-0.2123128115883858,0.08905220235183192,0.00044745802178625674,0.20303994905898304,-0.09669872542037282,0.01979992833625286,0.18135917388831466,0.10632103151235954,-0.08012581547114425,-0.15871627171189276
2001-02-07,-0.08499963554224527,0.04593617356798121,0.082680238621594,-0.15870020692168646,0.42321985552833796,0.05411223651373031,-0.09021277067353903,0.06384597781114164,0.0004674243531381335,0.19084403988720974,0.060388028871461004,-0.28802936755627095,-0.12235936692091502,-0.005286829948104737,0.18101816617792477,-0.0009659593135796924,0.06828183622685353,0.13622522893169328,-0.1721520955397861,-0.2273464172392767,0.06009563038873811,-0.02604760577649723,0.10861760830964372,-0.011604245970620873,0.2027409370362985,0.13380736440790325,0.03242628483374221,0.21039544908620114,-0.3155118715556024,0.13469209765287374,0.041351730925816475,-0.008161404049034891,-0.2633854184867374,-0.02275689124932862,-0.10236667415252995,-0.20572920244763113,-0.12038285114016958,-0.29195688853201235,0.14242782675634236,-0.09153638383704131,0.1257232136426147,-0.013780217933950808,0.09859672257394621,0.20689580231049387,-0.08782491416176036,-0.15962397408460952,0.007034439558929047,-0.09861499245208454,-0.13727791807413842,0.07319870541884181,-0.1983218097104576,-0.03538143185861474,0.01918784533276447,0.08126868174539012,-0.07947074139885761,-0.020478065040618176,0.24048422216112106,0.10180442551077375,-0.06938055848949777,-0.19593020813389364,0.15367201129808872,-0.1256197588175265,-0.09842816929026062,0.08312010311837148,-0.016845090934318387,-0.1499210661471538,-0.06334497770170579,0.5264317142552535,0.05145251531224775,-0.12676883395922373,-0.07850592512734299,-0.19459573109983322,0.03500763386204021,-0.08909625050410101,-0.15145929458534393,0.15768069721861597,-0.22946056658649766,0.2383783176063709,-0.11947877448630588,-0.07189059768340055,0.16338927308230627,0.23856697362115115,0.007763905311591407,-0.15149460773392506,0.0870546691553458,-0.03696316349748298,-0.04261945802048248,0.17087040225350192,0.002266981219952557,0.0049704597340988485,-0.16363564105732442,0.3148832483415483,0.031610300915827144,0.26317998605439547,-0.002038685537085481,0.16791163809677645,0.18135923631633125,0.0172682403307441,0.1309687974344493,-0.22390040175661116
2001-02-08,0.013748841627737079,-0.23875080258312315,0.06963091479615441,-0.04113362746175003,0.136637736586795,0.012314248421077712,0.03712304886258255,0.11727417602670673,0.05245215850792293,0.03059306908293604,0.047031358238279454,-0.3244590294652626,-0.1933035532575034,-0.09618899303184457,0.2561996231747782,-0.1608124773721533,0.12769904315902028,0.07758298723914259,0.1597047671665564,-0.06523080482735201,0.14726184238876405,0.10593138764157217,0.4859704629238438,-0.09989842304629201,0.15369111698446042,0.06615812753551228,-0.07555378281405714,0.23943648367206247,-0.31776406473122165,0.15884512913804033,0.09068978376637356,0.07273154242314751,-0.2797608941315479,-0.09789809733533081,-0.07460350029205097,-0.09085424086773707,-0.172873537661684,-0.059828344869275456,-0.016700204383320785,-0.11626520992069118,0.1116066435988987,-0.2746576420210363,0.06207326391947219,-0.301626338895235,-0.12136911896721046,-0.052217696960976966,-0.08345505929555595,-0.08964768039204284,-0.13727792978606068,-0.09175922602265474,-0.13711204577181765,0.1175229983260577,-0.021703305928906538,-0.1104844994102479,-0.09741349110004938,0.05115094085425846,0.21982067361940977,0.1804059047318957,-0.07261427260587332,-0.09149523414467664,-0.044756751832265,-0.1113407014035735,-0.0003818743093707904,-0.19160641879490176,0.14864461555777408,-0.14304584750884575,0.06836006816705548,0.31674728989409745,-0.13058818957944526,-0.14011946981225318,0.25429773050482724,-0.05597085058475575,0.0720296575977824,0.0504836926504043,-0.13094178920839622,0.1268304103253398,-0.11336603890873362,0.26192380708706964,-0.1731511947481599,0.12390419020813524,0.14571178487952194,0.06018647631507021,0.33900534429390783,-0.210512448853457,0.18485178022333115,0.21366272433480651,-0.05269448717954247,0.10730837472588743,-0.1299133823195175,-0.1449764617742178,-0.2076276256911596,0.39434022161499466,0.08028588825419941,0.21462530089506646,0.11186769391366692,0.05379613588143267,0.02905012261124865,0.08951887063100253,0.10649844427434815,-0.3951676614876233
2001-02-09,0.014331320525353484,-0.10365515534282525,0.13228537964646261,-0.0911947862257745,0.16889199908709976,0.11665404569834066,0.1734613666339725,-0.18688080282830488,-0.010667601997431988,0.19626175754074598,0.07437503175918483,-0.1645773691315252,-0.22878470877625687,-0.06976594082449922,0.24579135323439277,0.03879115872131096,0.09727709467843373,0.05915448386531971,-0.0521194186466572,-0.05464928700054693,0.06444848984411504,0.08508886135039585,0.5220008776061815,0.12762223117320382,0.11132560882173273,0.09485886140577073,0.16721114421354394,0.27834203013764175,-0.26062072514960205,0.19053387406503458,0.1374174897171292,0.020414584010497665,-0.2310288001825042,-0.17235168438697965,-0.04463370807990646,-0.19956423989042857,-0.22552049096949486,0.12877258580894718,0.04437686193955055,0.05925192150516526,-0.03888917769605301,-0.21689901562881864,0.13409153299206095,-0.10671302863115216,-0.11125187252456786,-0.09104676423096368,-0.12436237213892276,-0.0022880192647276127,-0.20898897471967195,-0.13550564556738948,-0.06129082002787701,0.004990041588288944,0.05564865896247667,-0.0869604831249622,-0.08116242522268599,0.3057591915538119,0.08931559095878468,0.23652812120338962,-0.14984764726618688,-0.028926121650604576,-0.10879911033207638,-0.013950411349453606,-0.08212947629997733,-0.4621907984185673,0.1595395030070268,-0.1223952578619684,0.1466402442369872,0.19347429180384146,-0.019166080575483975,-0.10169532709596449,0.19048274532684234,-0.42737303659541714,-0.03814474487555249,-0.1625690636467794,-0.016507071502426706,0.16832389771342895,0.1417874559048074,-0.01746963796903005,-0.1760277718977557,0.08919491252838292,0.13721245283537384,0.00801098729561273,0.2856035641676057,-0.05031414114247934,0.09469227637207443,-0.06328572992574631,-0.005939058796120097,0.14368899358648507,-0.23518561427836082,-0.2623550981328858,-0.224369054927367,0.1413700938093678,-0.16751389509939824,-0.12952074917134346,0.20920099923278057,0.07189406766350409,0.17632848862113593,-0.005410839946473917,0.1612342432276711,-0.0736165633055687
2001-02-12,0.0658582501773156,-0.00777842179456156,0.1876671260594841,-0.03743037653067077,0.11113540423223173,0.2106007405696773,0.15048502513593714,-0.15179814887817125,-0.04935995108878665,0.03061384324206811,0.267789477798443,0.11927888853234823,-0.18078098508892745,-0.02513526291323218,0.1893870331454402,0.08214224272429435,0.1730545870877202,0.058273602621659,-0.072884964216558,-0.11270430340788105,-0.11362633143075739,-0.07658629633141695,0.25353273980788904,0.02280745255231108,0.261992633299875,0.346904615546169,0.3500787097062027,0.01670597391516953,-0.4194390618713633,0.22725190349243077,0.2633009335991953,0.04950477869774486,-0.33592138108593683,-0.10803575455964873,-0.0865707217934098,-0.058407435612516934,-0.16973919018216546,0.06925862340850715,0.04686408006762206,0.00845580342225065,-0.011401659686819268,-0.2187046361473956,0.06407219888823669,0.04274964187037821,-0.17741003250544285,-0.14629143064727163,-0.21776118775302525,-0.18866155208081034,-0.12308975890620742,-0.026844009426263367,0.09672915088579422,-0.11157304647351543,-0.04146001325269808,-0.2940399425128914,-0.11398955378154764,0.13250824426790075,-0.2024068225689118,0.16965732761148766,-0.23269069916291443,-0.21073116675978978,-0.062079182287323294,-0.040997264108484366,0.44990423339891955,0.021841365677636997,0.10295988059386045,-0.1296706097902652,-0.016238713743250848,0.11282640604257226,-0.31922357885722863,0.06552588814761937,-0.0836826450496456,-0.43477422768361973,0.047662116058785606,-0.14740647052105604,0.16864755699984083,0.1403876303644607,0.1922390778920801,-0.09616406226405268,-0.0986471517167796,0.021164356590557806,0.32593715077544744,0.05031753124869956,0.052054512479826696,-0.15107570009013951,0.029145425244498552,-0.09752754983989466,-0.07355552741490225,0.03395044654295593,-0.23681538201582686,-0.015862384941411175,-0.17123857683192933,0.1562014521509032,-0.15360269806959637,-0.23649066608932703,0.13023019204187367,0.04857506226916622,-0.009487774646523991,0.11799125746997217,0.04598965432591187,-0.1617898853002795
2001-02-13,0.0785075762016968,0.022618058263700842,0.08023435514576407,0.20907641630459628,-0.3340783775685354,0.0035110471515955822,0.04475218477976354,-0.7960644314486035,0.11375236750429951,0.16310994587870167,0.18936940607099834,0.2251927894495016,-0.30852312486375283,-0.13806909793715444,0.05432150646637738,0.5403759891298872,0.23798514205985194,-0.06374271815251792,0.36776908046730583,-0.021096498306708376,0.1068651723071365,-0.24226857895414225,0.3334821532234731,-0.08696487335491987,-0.029706313495401215,0.13549938831210584,0.15656529754304507,0.012647756795636737,-0.27540545606123995,0.03148293222496503,0.12074247076148241,0.1551047814238794,-0.18597710219775032,0.08998513302877599,-0.004128536112971662,0.066749094449676,-0.15554816783993247,0.14099225429539075,0.19529821241537776,0.07443030700026862,0.03565580030108065,-0.1397344723783444,-0.25092657362170967,0.23717475202032212,0.14760107447034712,-0.18845292507949493,0.017561459476433804,-0.14671379186783887,-0.18350853232921704,-0.07077300424918713,0.06215921844219503,-0.24341233722070973,-0.058944699103851785,-0.15695903192187685,-0.03093706122887649,0.1259446640132888,-0.08448566923644811,0.1296740562431729,-0.23980441122560944,-0.13204996254308474,0.013250955597553288,-0.09757039068061345,0.12496141287815607,0.1492634649599418,0.05204462119727612,0.012638635988870866,0.010026076943440364,0.03433073171698932,-0.34226072470993957,-0.03063250260785867,0.14057653605837056,-0.31384310216830613,-0.19344229943178035,-0.04262128205532887,-0.23504223679612965,-0.11281714434759474,-0.05434290080962386,-0.0639638150180192,-0.10771214399233876,0.06842972518081859,0.34345108371640515,0.012341958802839543,-0.07662895930802592,-0.08370751962525763,0.08748323800136869,0.14718310825560296,0.0730474681635746,-0.1119777998063861,-0.14736931913601262,-0.08673555836963072,-0.3351803995202761,0.14358298687713245,-0.09996156273950095,-0.13229147493377671,0.11563699655731924,-0.03849637274322611,0.03495124295432112,0.0065854581269983925,0.10470255899929473,-0.10022035195403649
2001-02-14,-0.10765919452643515,-0.09507477851125025,0.038554824678304664,0.2979477254738694,-0.06086193435878501,-0.03550476233082664,0.10931607538408564,-0.33924109649547746,0.06964212019091717,0.3730774672029933,-0.038278342303717336,0.025615318446664752,-0.03922172541572928,0.053478260215976424,0.039430584015721054,0.10256481608730307,0.11195959158024985,-0.008101967163631239,0.19586024111208686,-0.13286853299493576,0.09747694283133367,0.021879076755548354,0.2604453383159456,-0.0846368380869983,0.23029570846935177,-0.013602808393720845,0.1557540517781567,0.09544134986079172,0.005323420554068514,0.2096691767252383,0.23282901892470395,0.09629774598615339,-0.18492172308133073,-0.06651374879604852,0.04280119371963234,-0.16131373375416314,-0.10548946243990286,0.15928059686836873,-0.03098472427792705,0.016991135728321026,0.026075894995807914,-0.28006624450359335,-0.21127065619147892,0.15065372930674223,-0.03575679356119491,-0.02842989074579572,-0.004985466523837135,-0.14893578675208188,-0.13026992651089006,-0.19362347820162618,0.04301665839885129,0.015190600640581774,-0.11220388034463215,-0.314243970513356,0.07247237055699497,0.021374618760116995,0.1024871460401227,0.03362929343730465,-0.08306123112996286,-0.07985996025337185,-0.1265261769383213,0.02384132279734104,0.1734775422379182,-0.09393239176310672,0.05431760013293772,-0.20658713253551583,0.036712530595576554,-0.032769421648000056,-0.03618450491971815,-0.019210682453664696,0.39568455343298764,0.06654122753718632,-0.3527491536363436,-0.03190708083239849,0.03815194782442297,-0.0022070141699878157,-0.033195992018964796,-0.10829162127816862,-0.007697052271146557,0.10308363944778347,0.09039288693312783,-0.051150974048349944,-0.038558715537258904,-0.2897106468682773,0.07403987427021587,0.2798119114156087,-0.10293316431961294,0.0026934805900293932,-0.1752635530770603,-0.19323336901796564,-0.2901986146328974,-0.006820078554254483,-0.10400565524587958,0.06695740472918746,0.08289716783116756,0.04126937363837265,0.11250193723227725,0.24299277483418408,-0.05256417998262169,-0.049975755689057044
2001-02-15,-0.008205743547773627,-0.09507478037716406,0.06601794670703096,-0.007831863659492183,-0.000770124540982085,-0.0023207873570469913,-0.008834746615318741,-0.01405321310843215,-0.07930410371698295,0.12421492857965515,-0.07528323901552861,0.155457319432334,0.015306090459688112,-0.010518137276481118,0.06531942897759585,0.08618166990748564,0.13328514327306387,-0.16157403606450582,0.18222874674093398,-0.35583260789469456,0.08785602458976839,-0.19116864884857745,0.30683866432739415,-0.18898002850127696,0.1603675117772679,0.18257472240033232,0.12018693468548823,0.07566707761832157,0.1385094276767412,0.23830206389424594,0.2634116829210483,0.027109895929814016,-0.11937049617941338,-0.11023707297535694,-0.012709629951570399,-0.05446170161232156,-0.07942882311987436,0.00038664858901626725,0.14446038056410154,0.01624267034872505,0.15334621754690014,-0.230174430927045,-0.15257178847337594,-0.1356452021488019,0.1006533045384818,-0.009521797416536096,-0.12289664778751323,0.21330810546996762,-0.09954038594667114,0.00037933218357399717,0.17147761265006914,0.19321802032928678,-0.015577719790177033,-0.3231557366054507,0.18412191260138028,-0.10396509955575703,-0.006953918939722798,0.08736162821710522,0.04296098043515023,-0.14599646111116182,-0.10991610119632975,0.09661227114179091,0.1708347950564509,-0.07682696236773932,0.25955485553078744,-0.1927499667783132,-0.10842213470564777,0.29144531327703005,0.07232525504918122,-0.025792094675296348,-0.14535465769544215,-0.32933824617617424,-0.16876834422856585,0.2357529131955215,0.04165501914251517,-0.13043454306688307,-0.07192018588965665,-0.03478918652723587,-0.18940565207213836,0.16294866778432118,-0.08803564849819721,0.09681536834611104,0.1675207812124846,-0.1445448697573595,-0.21290763542997995,-0.3374230607736251,-0.18887471210794118,0.3091442172497695,-0.13906842855698193,-0.29979833164103925,-0.05585262257626577,0.17726877424288273,-0.14408517829176706,0.18024285387474462,0.3162187907387641,-0.12378423941674487,0.20866019481561834,0.21463868120078622,-0.023758271230161415,0.17918073908596158
2001-02-16,-0.04220576164051411,-0.006287556879305896,0.11888671898406569,0.22196369994577764,-0.21572258778718728,0.11200349759926036,-0.29797370332312073,0.1643807908229312,0.04168706318560492,0.13110020436718853,-0.02291677472379566,0.08898824994750708,-0.09429705832204523,-0.25783285384748283,0.04403935255447461,-0.035101110235493935,0.08310173378301253,0.0821344018884725,0.0841656692540517,-0.055469523077113864,0.043475451149800504,-0.036825544910763695,0.24694694358355151,-0.21326357406333557,-0.00018644917538334138,-0.08696315658227413,0.17443127742974282,0.1823533795946243,0.11376834833326159,0.20815381707009342,0.2997760336061349,-0.17935067006089744,-0.2135074625806258,-0.03405234695604063,-0.011628959406369349,0.016651116685813955,-0.05710588476893889,0.19910788926070547,0.08275339769976803,-0.08021272362630737,0.12335587162186389,0.019589151433715257,0.020058519085024037,-0.08953205818093717,-0.10635650271352341,-0.024033647409275254,-0.012410813705776381,-0.2227560740245334,-0.09983905727737599,-0.10417185215719252,0.11142383590193718,0.23896683767172447,-0.1205192567404227,-0.28884313113507887,0.0008245831997382585,0.003808914635654003,-0.08845611912712595,0.08544126438418438,-0.08316456943429988,-0.11952748221756591,-0.15205403086781047,0.16738848104628423,0.04852066946420125,0.045949219786470076,0.16375601633671535,0.016152723191606436,-0.15976708501581835,0.21949311191505494,0.17898123436263846,0.005603466639208815,-0.03399237191413003,-0.12952367667201137,-0.02078466911322666,0.07378419041667268,0.03205133557253677,0.12270604582461103,0.13551029842339643,0.1004789600243707,-0.05391627420085834,0.009805313479627785,-0.016982629384907015,0.12283311318560337,0.16527618870368818,-0.05603199935976249,-0.13681214582386916,-0.23487020493645644,-0.22300135870421908,0.305855981018104,-0.11825382963710288,-0.25723759346730785,0.02623213335906295,0.07078233952775694,-0.06846053528565112,0.12177743433091319,0.02493318212362369,-0.224267477672918,0.026953226229154057,0.259019750666726,-0.28792126738361234,-0.16360930159201137
2001-02-20,0.042866412843845736,-0.03370601428614993,0.19420773080775278,-0.04615914958124574,-0.0158457838560202,0.010593993067362377,-0.16950401449460165,-0.11577677643539791,0.09937005153897241,-0.08388596493597716,0.015978296486503552,0.05937941402993376,-0.047974945819345825,-0.24153970849297768,0.13085189852379225,0.2785673507805163,0.12739258737980927,-0.020619869264792135,0.26478007365333933,-0.18609024913032712,-0.05926430615962066,-0.2452692002805464,0.13190319633236028,-0.1476458258517591,0.003570722177786171,-0.06835471663402562,0.21566768851691753,0.04664076231097956,0.016197761397683384,0.22528298887424164,0.17540495809511936,-0.16724919904051036,-0.14681143218091902,-0.05383689020983581,0.006764459182850656,0.13439663808352767,0.0017443611549685153,0.29888501536534223,0.14549140762438223,0.0901379616162199,0.1100996712354853,0.2706133368946652,0.049457597691677374,-0.03957458440762523,-0.1680406434603981,-0.04925534713025972,0.017967700882617756,-0.13339132981449572,-0.08547100424361376,-0.028709914970357412,0.1682132166465165,0.15382213878285583,-0.024436321828907554,-0.305817285155954,-0.07088015861645602,-0.002012961876510269,-0.09924179340065324,-0.21123515057227207,-0.03213723545448727,-0.1510505971083134,-0.31550940836656166,0.09541299452942716,0.01874431174823693,0.23246671729999635,0.13380487520957848,0.09002954559808322,-0.18625988233472596,0.2862816675311786,-0.13687873563912578,0.06633729943621233,0.04796631685476042,0.001110498436835473,-0.07531065910765541,0.029680414091283313,0.09500180108369422,0.03846943941832574,0.0732688572452238,0.15725083390926078,0.05196245430055534,-0.11219220890913839,-0.11159942412205634,0.13368531339441844,-0.012896271251523884,-0.16803727388699322,-0.2983274910014015,-0.06779947773963492,-0.08309145241877472,0.03401430720627542,-0.31016044779904656,-0.06534988736325827,0.1310033572541822,0.03623406352834594,-0.11488351362146589,0.15317838597840966,-0.04025417767154404,-0.15297479646449588,-0.0694759899889094,0.2610462696593126,-0.21522407410833705,-0.13457735536852394
2001-02-21,0.02713140929579067,0.14285876816816873,0.18987841549500434,-0.2005521964541881,-0.047275076741799815,-0.006105288903218683,-0.012334737851867946,0.10187367521938422,0.12183952602307926,0.18036854718032458,-0.2006773329636209,-0.0015537516630371364,0.04940854305101095,-0.07807245100935496,0.26342950472819,-0.046838009658595435,-0.15531766458712395,0.03053758666534782,0.07845895439561609,-0.14972138870762144,0.25321496824703565,0.006305022103784381,0.05761505617653529,-0.26166992443759907,-0.08185895483318467,0.14993846156794446,0.18567127757819665,0.05728507154661426,0.010692488076768914,0.1662221416532045,0.2147997557615187,-0.15256757825272466,-0.1047656179613426,-0.10186407411730188,-0.009484250904408336,0.10197264347761088,0.02091938224305787,0.25589378897139303,0.13197885573151222,0.11856024250087345,0.05040168907067893,0.21521385278298072,-0.09103821681082432,-0.10295392843824379,-0.03313532607378654,-0.003714180240379585,-0.17937331632499948,-0.10386772220865124,-0.007153664129629806,-0.12322530687469618,0.16945792915753263,-0.03254107294953941,0.05293449201570109,-0.13205204557091044,-0.12011178030504391,0.25396163375871034,-0.06739774355175314,-0.0482621455554732,0.0657207581151453,-0.24997065169210297,-0.1850268621602526,0.14640757764503498,-0.1736057990224589,0.05557455264852986,0.216094124010735,-0.0628114075332491,-0.11499258683471693,0.14263937842014798,-0.20009767368292622,-0.0056825699544954195,0.2476916086790493,0.009152436164307961,-0.09098720452696249,0.08060754423808598,-0.0024593653311580145,-0.06262375862849272,0.06600624419822135,0.11916267217365267,0.07161668214226423,-0.10690024893746071,-0.06476473806130113,0.3468543481138501,-0.2105778700210434,0.036241553733212674,-0.2875769626695151,-0.09667771782267737,0.11504109107820444,-0.09638119095189605,-0.18534634300250005,-0.23036311367125425,0.04374198288678827,0.07651065379932954,-0.16176805752507206,0.11228322913671727,-0.02348478901743025,-0.15974220242833925,-0.03269480742856565,0.14439667737779913,-0.16484710277727718,-0.06089112367679629
2001-02-22,-0.07868529196681333,0.10890688542446009,0.18987841418026835,-0.13595792754022307,-0.07517385604250383,0.02668036413745238,0.04989287444014836,0.26938845088333585,-0.08285677632686768,0.07815374665175236,-0.26625875144699945,0.218428932337171,-0.18581305126598333,0.0036389380293980074,0.2228981464013526,-0.2528666770009568,0.04687165127525051,0.22592166425071034,0.18469517756870865,-0.14669752777456338,0.16753707702303045,-0.03808563372426317,0.20923312597832294,-0.2577075323160433,-0.06975442925103048,0.2115816184230142,-0.006905330143047835,0.1325673289347612,-0.18166612691982376,0.08931437953932682,0.2181667327257864,-0.1521468436258291,-0.02839273274335062,-0.007912502227008239,0.05686552608245516,-0.09138590090241927,-0.07056449478555393,0.15552117135506296,0.09164997287607461,-0.07825873437663326,0.09971600556895185,0.18851384679990935,-0.1687232253586996,-0.0937818991892922,0.020150300969188618,-0.03762918041958007,-0.3214908004925631,-0.021264837766361577,0.029192423948081813,-0.22876752881553325,0.03969923838330751,0.005739376843042857,0.0318999661988894,-0.10037080892194691,-0.021492703503636027,0.1663217000864147,-0.04494591029665274,-0.10991783755656921,-0.03669044792469116,-0.16416764102758508,-0.17431582555724834,0.1288839843485807,-0.11317850911513926,-0.11070049143579815,0.11214265942616587,0.060041382096865485,-0.04775556646638081,0.18798907172916002,0.11125336493552146,-0.16044346947272856,0.14833016795848059,-0.0913552707614152,0.08720817746341512,-0.15085417798144546,-0.06736705402173362,0.11580789094700628,0.09300787937957476,0.1667260984562133,-0.0005842411437072826,-0.08218405139388314,-0.1333887246593684,0.1817900454999185,-0.2937342864866574,0.05899341688208592,-0.24406545684039496,-0.13537018915409316,-0.0014386882936168618,-0.19516785027691796,0.039081035874737,0.060710320872277554,-0.0015836768100644454,0.07865212655500607,-0.09709316064288906,0.08168249475607316,0.04114931687640823,-0.11009027025609394,0.027360482575769934,0.06552495758219641,-0.10497073636666936,-0.07404739113005851
2001-02-23,-0.05319603560525441,0.054611410564178654,0.1590983765313791,-0.23851195818813023,-0.05522393525890457,-0.03156225565531714,-0.04253569410718124,0.12639967567363952,0.002109561444432332,0.07077892447174636,-0.36077941786172474,0.37267692184854506,-0.3057775073843845,0.26539372102885467,0.1266516125756141,-0.05963106130521201,0.1119828188198176,0.46210913497364625,0.08754330500939933,-0.2029396274910996,-0.16121678116832233,-0.06442579514003562,0.17233399041774905,-0.26522064168028925,-0.11046026269287994,0.010984571243775521,-0.06589332068222849,0.13992496028948764,-0.2650325171395736,0.07072654977416759,0.14141588953799727,-0.12026559355045524,-0.07777630133426322,0.04726860082151058,0.0971882087492227,-0.14049488215492628,-0.03664702536412183,-0.023928884950141786,0.19709840435722353,-0.27169576128544637,0.09590602740367385,-0.02727127664241354,-0.10914038740006107,-0.024138969678227994,-0.22801011241565985,-0.0002749806430851496,-0.15588389152944493,0.23208904397542457,0.043236299213062476,-0.17317657373769302,0.020228034599539375,0.04410042293682471,0.03422332214081181,-0.011166527034369753,0.021018633866676732,0.04271070276352166,-0.027736056447132756,-0.16320609228613453,0.04939449896817913,0.07010245310395329,-0.34722175606990774,0.014865869004476825,-0.09993735658250662,0.14156479661322416,0.201752848236372,0.023541845719915945,0.06319417675123737,-0.012709626671949456,0.26520348103335556,-0.15560851845201354,0.10059270443859149,-0.2414064601612496,0.16982487560938156,0.005598603829427388,-0.10291622203755242,0.07523639016018016,0.24366933278184372,0.08735169609712438,-0.018599813502862928,0.042993047976219265,-0.1377045580174671,0.19704559926835113,-0.3260908807894313,0.1124136125684039,-0.3713681488783414,-0.24387738322068644,0.12330261000920119,0.05672176118627475,-0.05917869998285361,0.04100552209106525,0.07216626867444548,0.014848650262836664,-0.03055318471436682,0.3233954921176425,0.19402893776304814,-0.11035059002170697,-0.003318856721560847,0.032308233514928605,-0.27995924169774544,-0.21536520995593444
2001-02-26,0.008216025261363438,-0.02377270561362164,0.12533468946445114,0.061501681640395135,-0.2153818166823746,0.09897785867234231,-0.14208244199024758,-0.012624193193004542,-0.05308367900774808,-0.009002429056127087,-0.25531658460391266,0.28437736339351394,0.013484301236080977,0.1792955688180189,0.046782079084419836,0.025383499756108877,0.10833501329103432,0.49145450208445435,0.10909757181314929,-0.12444506641649411,-0.09135218462512078,0.02373648604981763,0.14602377346779213,-0.2895469978913029,-0.12869288700615977,0.1469137575377529,-0.05297916997621649,0.09281329589520203,-0.2004721205479989,-0.014002874393002589,-0.10378663823316102,-0.06004126625116472,-0.07868803049804803,0.13619278383021147,0.17322024032108585,-0.1415852410652951,-0.011824777231845858,0.011527610709519876,0.012492465984934543,-0.3594167080141778,0.11485672123835368,0.07271143460178095,-0.07826649668204462,0.03294819591899384,-0.164504463352216,-0.10527706479330602,-0.3695845622765206,-0.23747697544241878,0.06372092895201344,-0.12681044248874723,0.19577832767727768,0.016185552786632734,0.00014106104403915313,-0.12440833111919467,-0.10432984994577908,-0.042260184707633895,0.013378317560527186,0.11905943628538776,-0.044037301431959046,-0.05517243696359983,-0.25762257854693665,-0.15701394889487433,0.10002410827966124,-0.07746577448013073,0.2205375574932126,0.2479143527860858,-0.1118782711575488,0.045800524455883944,0.16705876300516656,-0.12971278781154444,0.0950671114524958,-0.14369185925492242,0.11396221202789489,0.09275003333715613,-0.04991006025091337,0.1274410200123467,0.22993313156705852,0.21609508340159264,0.013325387962334604,0.03613930930077885,-0.11204574359615793,0.07074137193565325,-0.3139903332049013,0.2614824005103946,-0.2580185213713225,-0.007436295912931375,0.042923981704539135,-0.11772529909038967,-0.037990332510768,0.12589591027040675,-0.022396034668161435,-0.018000921117315896,-0.01720405088521433,0.1371061180097982,-0.008927813146209164,-0.11868467340858406,-0.08269102738778006,0.02713329655441917,-0.0720559239808603,-0.1617670330782373
2001-02-27,0.004368936909452852,-0.08288403384333444,0.17236100988813033,0.1551502528772276,-0.2668812776845961,0.24534411007424956,-0.13729186107899521,-0.22376772384424617,0.05999589303003368,-0.25793789415021484,-0.16772293768059163,0.16825204740995564,-0.1275893565454069,0.15617228204543496,-0.006700173994206994,0.08669995502681137,0.027448161514966922,0.3802514348565873,0.027069297614612537,0.4081628243153225,-0.03307627916319413,0.016817259094987196,0.11448510343103542,-0.10674406878830985,-0.12274559512777562,-0.13803410788858264,-0.07267209003243784,0.10172265910247139,0.17553264340828256,0.03340619586611194,-0.18567150088610818,-0.06518970043410753,-0.046268190005043765,0.054352280520241866,0.1531455131320717,-0.020708786845913266,-0.0010871364170758672,0.16204560679959445,0.006483562624195718,-0.3835405086979748,0.16078615198988264,0.07798214082285275,-0.1398311380330037,-0.08630900536555386,-0.09684662974982118,0.010402827949195642,-0.25026602165615586,-0.11337249030661638,0.053410928991332624,-0.22040589464716845,0.05503535093850347,0.05286378475954066,-0.07999233573818804,-0.22300829462414806,-0.10455461571452802,-0.014891658817074013,0.15040433575692716,0.12741629619926942,-0.04553856086807381,-0.052486418393799555,-0.2742958935070611,-0.15831608816570594,-0.09978428567467398,0.06399716577451114,0.04884955531220303,0.07335874557606048,-0.09413257161803013,0.12306826286710724,0.14121852630377354,-0.16951146204117515,0.13450376846081344,0.10684357225391472,-0.029709284267167523,0.2479622421346733,-0.0690061155342107,0.18146532553001823,0.3710641407382314,0.27503590916912196,0.09811847923188058,0.026373538586108105,-0.23024847224235978,0.23743844504078113,-0.059534980851238394,0.24899488036715406,-0.2167685632465038,-0.17359048510991118,-0.007495266139495129,-0.032860919878884065,0.005033736157617035,-0.1431555808812674,-0.07696088819803933,0.056274271379116454,-0.16601975714304565,0.040675369634934226,-0.03679619655386141,-0.06673634879599243,-0.07179565394580875,0.03699326391820203,-0.05664814681501339,-0.17279588201666463
2001-02-28,-0.06955966309379528,-0.059184545149553555,0.1395521111661012,0.28288076070565626,-0.15721661127555359,0.17547271202284623,-0.03251840496566384,-0.26380599452875775,0.1312637099163867,0.026177597743435456,-0.1842821728045362,0.062430794678206884,-0.03522139043957291,0.19374183606052434,0.043428257581975216,-0.0010362901322614544,-0.07323486642820856,0.2739999780575301,0.10769288360988666,0.08570621155901874,0.18654074524752043,-0.06361868341961367,0.03546220148454741,0.12851426325672327,-0.06771626525075872,-0.11367043121365522,0.06503640836372473,0.08606429327976266,0.1290031050985476,0.07139690783238148,-0.07990588135301177,-0.011669828924375864,-0.07446383242646527,0.0826238520051452,-0.04901786906303326,-0.1035252260903451,0.020407573208387687,0.4564573288726283,-0.08259928870107426,-0.3284389530739219,0.01431114689788409,0.10334684305482182,-0.24545454596796185,0.007539247976272646,0.024885521529447306,0.09666161598152634,-0.007379397843098856,-0.19543698390847886,0.15614253753791688,-0.3743447909966026,0.042170822210754064,-0.08506208680647138,-0.0045035054265328755,-0.011464030772136325,-0.05448033453910559,0.06102638086770361,0.16105243525946938,0.04709502903311458,0.0901204845773704,-0.06874653646671247,-0.09160027859522074,0.02142366037949738,-0.028413470810119714,-0.14725194460485427,-0.053943877884969835,0.1362510192327996,-0.05375563891408275,0.10651764745238956,-0.018682889340873594,-0.16249062996948696,0.04147247294313048,0.24336836597514505,-0.20677241687505493,0.08430953907139432,-0.10521985667310121,0.23020460698673675,0.237156531002293,0.008805055987550926,0.0888995054148009,-0.031835814172327434,-0.18858664404750297,0.28826479133587624,-0.14480114064904867,0.09672400222633702,-0.1288321804703982,-0.016943205350769017,-0.029224770999872085,-0.171473292716926,-0.015000141247366674,-0.15034955795443905,-0.15650628082834714,0.07511026909300084,-0.04200240647135212,-0.20849398185014378,0.02000029833114808,-0.06905095577316074,0.037838256250605204,-0.01235387694798439,-0.13455841306097976,0.018485617733970304
2001-03-01,0.042999962020596624,-0.10164088326469385,0.12567604233114346,0.13869233412529064,-0.10606320404802383,0.09369270633212107,-0.05361313519399028,-0.2638060038460028,0.09693338032291161,0.08207942080936936,-0.05128142619326103,-0.03501976363984858,-0.056064989118286834,0.16398333591280548,0.09020665500661199,0.031778567991527396,0.06515776172153763,0.14385040446918607,0.04603676038198656,-0.0915304643780765,0.11399800454491554,-0.05767062534527428,-0.08501863955888195,0.0050875540083455805,-0.1384594480405843,-0.034278033276990034,0.11550876577543996,0.07760769892196272,0.07889292149965307,-0.033517281020603716,0.05097452012661075,-0.019706960497573225,-0.04867987415590775,0.013997454613003148,-0.00893627199863266,-0.020523313280087403,0.03083522754150701,0.3471959278559485,-0.03796476555361415,-0.18535211169000698,0.009206464206647618,0.021438284333141194,-0.08763062787853408,-0.06378716684783055,0.006005887154259328,0.1394275563787388,0.17223764506515954,-0.13886645986017646,0.13323158558218667,-0.2566418204925101,-0.016670803951367146,0.01434490482744171,-0.05338874340628542,-0.07911025494754405,-0.09591389217288894,0.009853141177704697,0.10839251650337928,0.010011836915502942,0.044989249945501616,-0.00435820938135376,-0.13622941674769629,0.02904554563345255,0.028090520777299673,-0.1867937868861456,-0.1426565532876292,0.13619257160793774,-0.004356633888872728,0.1878596945180804,-0.057159364403562396,-0.07160543020645627,0.04082620458068373,-0.015230323931074347,-0.10554600714765187,0.06356575373193193,-0.09055475215728852,0.08920645217390476,0.20269816777589397,-0.009178657048033185,-0.009870334651220211,-0.06300514783700646,-0.13834006981853988,0.15738765720517972,-0.02598039311600514,0.03782664426712869,-0.051480273150458146,0.15774066672494128,0.07841934868291693,-0.03763275980110389,-0.016901601070012002,-0.1841617363670114,-0.06886652986032084,0.07256192136438341,-0.08436080938948226,-0.17328152736839125,0.007947453214423977,-0.13700028937981898,-0.03504922528076909,0.1257337891294894,-0.1378549812363827,0.08403427075619009
2001-03-02,0.047456554996410785,-0.1689645703860015,0.106058043594009,0.11240773858079435,-0.2658251497671494,0.05094227819576884,0.021298871514884517,-0.1275205355424538,0.25762327589904366,0.10046695309622941,-0.003047510608651637,-0.08984356322772548,-0.11325026744177315,0.051694069418123566,0.04346103548748237,0.08728860054714661,0.031086724416250218,0.18444234800576825,0.14613668263533142,-0.11972153876703275,0.08529320713294863,0.04700813424236751,0.0216561383095819,0.010277400772510032,-0.0625734169294102,-0.19112256707134295,-0.007423341693977356,0.15465194302013777,0.025908426912768744,-0.016144271228712197,-0.09329880868820005,-0.0434690255337825,-0.025643594485931103,0.1951263584932369,0.06157047067006754,-0.10202422480084639,0.053038995483622745,0.2983663584416062,-0.061033018402594355,-0.18265211073381257,-0.08456499026697759,-0.08619348118586496,-0.08396671563577428,-0.10291374683356905,-0.05572701394638179,0.0907562356889965,0.23828259252204823,0.13989323263948944,0.07908974465392846,-0.14537727503752468,0.025173631227164477,-0.05887679244756269,-0.040599453794680974,-0.09048538569095495,-0.04399736668422449,0.12896997060509788,0.08198701765355901,-0.01576965842114703,0.16725282567176206,0.0804526372039583,-0.26666252380903666,0.013212169213959226,-0.06548840504959912,-0.17128529606628135,-0.1304369819554307,0.07137867975673849,0.032935683508702004,0.10588038983040968,-0.06217284031590207,-0.08462683765334011,-0.024486942343912098,-0.19568319367979595,0.0034467008152137607,-0.006261653494638223,-0.0909799662088448,-0.027760654541776984,0.3350419970629015,-0.0700966215418403,0.071097003913299,0.0021243548377580758,-0.27684279021501446,0.12460068068308593,-0.04058417893137599,0.17158873375246456,-0.08028701558385207,0.08543142321146929,0.10430126063350809,-0.097983577813921,0.07129562113989493,-0.08794600919932814,-0.00010791065371227062,0.06226030036501524,-0.12814865278409995,-0.034987020456835397,0.08603911901649194,-0.23297828483635577,-0.028540178303465284,-0.0686297601193927,-0.08723979518659883,0.06720874795952564
2001-03-05,-0.015285161847794042,-0.20498302940297047,0.07657273051633784,-0.007305155332601975,-0.21101373579850785,0.1570582298048171,0.07456735009762162,-0.196244084711586,0.27659872391470003,0.12278219991810792,0.02193571990195616,-0.09293001813895828,-0.07427559255171363,0.0863226142811094,-0.028234978163502077,0.09799973688998684,0.08267633282481411,0.17202619677589898,0.0015903761933406936,-0.005042288063976497,0.04507759734677353,0.1779024024996018,0.016259881855970618,0.11856343347067659,0.09938177693352211,-0.04320128551855892,0.25932471482848196,0.07917144978682207,0.06223091153034045,-0.013496398159385503,-0.010874758129278074,-0.016932087642369482,-0.04618704629453878,0.22340857545450793,0.1784437962163039,-0.06130627758783706,0.08906503220126535,0.34629266672281556,-0.07993819407401563,-0.11232018072359969,-0.22938903878802666,-0.04728142278973743,-0.15506299401158344,-0.009590090906258755,-0.2443027255059478,0.045852952010163185,0.013231880823055138,-0.013672607518907693,0.05010761849862091,-0.09397754037133885,0.12510853822168502,-0.11568125140363072,-0.09353133480090492,-0.1806145414730584,-0.09651668644766453,0.33939549494315446,0.06941695489308027,-0.08874302659059943,-0.06448905140422297,0.028974245478803458,-0.30654962646060263,-0.09534435664950713,-0.10169207067231503,-0.25264692311364695,-0.11826127851435195,0.11088692079679714,0.03472947360910411,0.10389325332741015,0.05370295799032547,0.03710065279406213,0.042065781446852905,0.07087923221224168,-0.14503886738516097,0.10642199373646068,-0.02090298199822399,-0.029944705464296402,0.2540287203738332,-0.008549557798160532,0.05733514323433854,0.01727690114865462,-0.26012481246872216,-0.02714987780084019,0.08938415218469387,0.09540756495855535,-0.11028029309692645,0.02769556673883407,0.09231353690015791,0.12738695669693306,-0.038809410646826505,-0.09373735107101148,0.05258386265527078,0.07181318083497897,-0.059602262153285915,-0.006550506041797619,0.016429487260054096,-0.25984377229612304,-0.09236984609538927,-0.1944994746829619,-0.18444430145963656,0.026351039898115557
2001-03-06,-0.032009674515111414,-0.18082625952506512,-0.08292567277934726,0.046454391809005464,-0.09813302233315105,0.060816931904533064,-0.06144907049893227,0.5046396532198172,0.19333554498071384,-0.004011101147078124,0.05738663462524014,-0.07907886189858737,-0.028206761944260177,0.07885569114089003,-0.07139049507414354,-0.5470805293779951,0.17767709914268828,0.20592577666162548,0.03183434955914639,-0.008642979900768248,0.02383609818537074,0.1727671253562874,0.15431058843943976,-0.21538378503830952,-0.1321521764706733,-0.1235738866185353,0.12032061327629949,0.18211588802528436,0.10251272907808745,-0.0360836033171673,-0.0423683696680226,-0.003009329631714184,-0.10389904870503744,0.10834905660561295,0.18876891582048283,-0.1804672405928838,0.11138644616685413,0.3169676673639841,-0.13892836672124112,-0.12340362524262885,-0.0428283800929301,-0.004150703792829265,-0.12236655889981723,-0.04641983295469317,-0.06586718840392317,-0.026060944294331437,0.03407404778197536,-0.04714817006262138,0.04799254512798081,-0.11357477730221885,0.12611993137301394,-0.02176595497541714,0.029293885805211393,-0.08663617756320136,-0.05940095069345927,0.27333411575046607,-0.13233571014984255,-0.06488792970279192,-0.06872003525102091,0.06924546087745588,-0.22925208245917317,-0.004739468673017948,-0.09085622570448532,-0.16886109888945214,-0.05745318709069763,0.1665833967107207,-0.011560160073793967,0.04297222693600831,0.02966471896122002,0.011021959760116743,-0.12883727346600535,0.07035590386072364,0.07566485497890274,0.07801139415697675,-0.05925333013641938,-0.0774609851995989,0.23682330410226377,0.07406833658078878,-0.13846587151276485,0.01344501231937248,-0.09603963229488721,-0.2161022162087881,0.1101928355478884,0.20984782304191377,-0.13560444413289047,0.16048588789818446,0.03718764069318774,-0.014099382998332102,0.06689561941889655,-0.1327409139959456,0.0777020948723156,-0.1527377466477352,-0.08289768255967327,0.05308841825596511,-0.03496507475847889,-0.28218357827173063,-0.052316821426283786,-0.20646213029035707,-0.025095799780140416,-0.02318436598074806
2001-03-07,0.003622458995171178,-0.1629790880017022,-0.037595635172685785,0.04784701374549626,0.0761435357347275,0.06542825730841181,-0.048304732660654874,0.5277215157579368,0.12220539814870322,-0.043690091467177665,0.02799653724777733,0.08675476375432321,-0.03922417803489834,0.008661584171090952,-0.17217656340593226,-0.49137057539278367,0.19240230513813752,0.20081886017940573,0.05868791089764718,-0.08760403673311204,-0.057383978185298425,0.15955679679466916,0.14909098579878002,-0.1941996215814066,-0.23343012543122066,-0.016823901833250585,0.10509339227940658,0.10018590651907473,0.008259909962362536,0.004536695142060687,0.03577937087631464,-0.056406459534473076,-0.13288391267974434,0.1713009319791647,0.1301363564979117,-0.16313036781054963,0.06875577073977485,0.2616750600681442,-0.08019556463868542,-0.1416304894350711,-0.006698823193268854,0.04005450204564905,-0.04905641983088619,-0.007571157554220221,0.05804428071849728,-0.07060389812576066,0.0995952249229887,-0.2822283863625963,0.11634939772800432,-0.1016171566968191,0.1554989327645945,-0.09089988235445971,0.10053133175109567,-0.01293058582364666,-0.041416244687344755,0.18401402153902596,-0.034060098090124884,-0.018974810979582882,-0.07634687457134441,0.044202368281071804,-0.11325162693762715,0.061297095408306766,-0.06313983314444328,-0.09933474577874285,-0.10575537360390705,0.3285946500827879,0.043115589921774465,0.16002386464356685,0.004238995938239438,0.031598950584592674,-0.25157028692421735,-0.023763340350968703,0.054704722455112514,0.1124410666749058,-0.20063381407875006,-0.10592015090387524,0.2787898132189058,0.08646495140387175,-0.13533392202067684,0.041239836032470466,-0.04205632904569501,-0.2756536695852721,0.027840636443301293,0.1854274959339504,-0.13210063756840856,0.16811761287867025,0.009707900012789894,0.006793737107695199,-0.1015128030707234,-0.22391581578519712,0.037891171668360604,-0.17916356343638412,0.009628070052349526,0.08326873426838399,0.011355548568522271,-0.2313315399009974,-0.0751280589741611,-0.2284186202563023,0.06552505707534334,-0.06445176506871908
2001-03-08,0.05180484024302314,-0.07625240964329336,-0.048946735212253116,-0.02213917539969349,0.012001124972346601,0.022227721162393202,-0.19943793310608793,0.46054463123238615,0.13995616881975526,0.11064424744437153,0.13486002566448527,0.03356257899299883,-0.15833366337796714,-0.08009707027797852,-0.16560113718928926,-0.46684341062612333,0.024861861608493446,0.18568477898966645,0.0926989737268488,0.009554706124701183,-0.06947425183966174,0.29292828280888605,0.08678085630746048,-0.176883297679691,-0.13549855268249764,-0.09428664758351815,0.0509122445342473,0.12705388593818068,0.09578698924682429,0.17360743281398727,0.06343408309299961,-0.09303222794483547,-0.15879346689192347,0.16079539836545637,0.016708152590449565,-0.17679157754045385,0.16482572951707558,0.22493205759900833,-0.2063191413186805,-0.032035057384994126,0.03927016893784424,0.01191939110708083,0.04768310046558443,-0.017157114644327683,-0.14345456938962842,-0.04827643179111984,-0.03512625024097236,-0.19015904868146255,0.10477216165698479,0.028441838041876926,0.06838354605620381,-0.15234119830937912,0.25405175090443505,0.006808852628681817,-0.0037436410729272808,0.23450858079231296,-0.15876605565478452,-0.0985987035111997,-0.003921083897597479,0.08689676346363667,0.030813413563939972,-0.004148648771481464,0.007985514146811932,-0.14929150387224374,-0.011750744112501564,0.19040883847757942,0.04225477737416024,-0.32684564675934386,0.05092302244863253,-0.055621916224651506,-0.10905923395364005,-0.12357716982237522,0.14658078263371932,0.1608150196672795,-0.1256093325067062,-0.11191903051777044,0.34110862957714866,0.044526944898629656,-0.033049751598687095,-0.05604475979549274,0.004981654384714392,-0.20063366612477357,0.02684499891572868,0.2488873479382463,-0.18915696604093127,0.2121216907503832,-0.27005276603806105,0.08234762670054864,-0.1845369741502526,-0.04900476557639296,0.0825334615704584,-0.2859879333288645,-0.04702663413285059,0.1585423943521173,-0.0730436475064441,-0.18357550416323856,-0.040537488239762,-0.03334728713053425,-0.07396264729307686,-0.04695366613222273
2001-03-09,0.06267768452495975,-0.07423474424956937,-0.007736529888865332,-0.0633897625820297,-0.1606750739773932,-0.04082148208441823,-0.4124672144648739,0.1826690475708795,0.129743228961104,-0.10303996899163669,0.06261680845312168,0.022224909447122077,0.06312130605505083,-0.06104617141563687,-0.04121025140568758,-0.21473126201605763,-0.048150082277646986,0.15034410201414147,0.09575787813731196,0.1499186736325424,-0.04704846651629321,0.28150678492768405,0.07807756932555955,0.05142988058469198,-0.24808089880128975,-0.06760380206740342,0.05266754769512315,0.12263284501338742,0.1434253518023259,0.03895520289851,0.01814240328958209,-0.11545358177576749,-0.0017567209041605212,0.13711078850370076,0.06605487551865304,-0.0952021702969355,0.10430036918866684,0.3095795151937196,-0.19444781837326844,0.012838912983463121,0.01721192230136776,0.06535572819587185,0.09931274645433541,-0.01619334869724061,-0.015600707236513144,-0.026226187496408194,-0.14865208056440518,-0.08954115909188794,0.016416592206218588,-0.034822733153857595,0.0683835451311899,-0.1327726478275317,0.2461042458575347,0.05008271703473227,0.010437272841642371,0.27356368371927126,-0.21121585663476786,-0.13467910329230875,-0.0235915616045365,0.14691349088799577,-0.15195212347466633,0.030573774951668336,-0.03374844506077609,-0.0431491140055683,-0.023833495031644784,0.11205052718561079,-0.07541153579419296,-0.25839723495754674,0.17971136751945524,0.042783595865283006,-0.13994845194704852,-0.16282624713646296,0.11710332347092292,-0.0005676538744342898,-0.06455786620169039,-0.03990317401791079,0.2010580603314524,0.059884119240469644,0.022691847778437458,-0.07220127172629254,-0.029571796665305926,-0.19124843202467695,0.029709956677941667,0.21359479295201442,-0.18596896534125476,0.20000882124485725,-0.11383523141054075,0.04873878218073884,-0.0943475395576696,-0.10023926337335298,-0.018271060249561304,-0.1911780419686451,-0.02802406973089928,0.07774895398001659,-0.033163976539420846,-0.14116147445319868,0.0074085149836650415,-0.019331569188574694,-0.0257841314902595,0.12589344136351738
2001-03-12,-0.07660172987400611,0.06050844904057704,-0.06829881664839,-0.03356793584583425,-0.043571048129524316,-0.0177417704741139,-0.28367414432100085,-0.23348976897689852,0.144381501920308,-0.08471034484430622,-0.00785558226022372,0.02989131576374696,0.041948911653550566,0.10542792143999133,0.008640758389840124,0.08433965282965993,-0.10887070865437193,0.05185604839214121,-0.105133611725288,-0.024211629123130397,-0.021531548532110797,0.06288498078883673,0.01824354707067629,0.22988988302060084,-0.2041173960786697,-0.06760380256063854,0.055157696787315,0.060008708672999615,0.08186302163461572,0.0034571036215950107,0.06290950300168234,-0.10242975942546274,0.08280328706963812,0.12904628804758247,0.1726354582108244,-0.11178028789713672,0.20909695911457948,0.23307396362072363,-0.10727209205759843,-0.06927547722763891,-0.006936651638698944,0.22434626833623278,0.028944449205818807,0.04959792679975748,-0.017817957634292895,-0.03175157186005474,-0.049460274573946195,-0.024404433678735394,-0.030099837426612323,0.026180171133242874,0.08511339630030179,-0.16989510579391537,0.1626384758904024,-0.08898950060233711,0.013640531973908037,0.21323370255029406,-0.21247216261773127,-0.19836956640928533,-0.04007653538096831,0.10650649537033698,-0.09355850027820739,0.10202033383594618,-0.10453493259281585,0.12320753310446309,0.11079545199642137,0.0018215726202983236,-0.08738839886510531,-0.11837867778961528,0.14739348284759618,-0.04465902866183829,-0.14986582306651275,-0.22822425656015422,0.1726803750026055,-0.06258852639151735,-0.04938513246172867,-0.03951784223831881,0.024116058527992854,0.050334528985158326,-0.043725834007436036,-0.11971620205670562,-0.09644297115453113,0.0019325825408522252,-0.06302046303726,0.25719170542675146,-0.06407890679548982,0.007043623504759624,-0.05074626058412368,-0.0318882668035694,0.058025800425605595,-0.08591599953308639,-0.022050267044797758,-0.2973100352401635,-0.006506045091045219,0.05153365312506646,0.0437366830539746,-0.0006940548095597053,0.03311011824206793,-0.10504021215959956,-0.02578415692264082,0.13929320031422962
2001-03-13,-0.008176112977483519,0.07422820099236593,-0.07124126607654829,0.012335353488148683,-0.09666198927631223,-0.10214621813897332,-0.4506198476615147,0.1172904484697841,0.13066425442273552,-0.11882187769161033,-0.025299491496717976,-0.06467902445519648,0.16055252497505043,0.09547559969838795,-0.022692342624847546,-0.16961244507408066,-0.10987578333340409,0.10464185542585025,-0.009419467808735114,-0.2059900915660083,-0.0020946994370985563,0.1796808202604017,0.032239477477575135,0.07859204171363167,-0.06189120945820582,-0.16387609783885917,0.02467031505144359,-0.023461335286449184,0.06178235699919182,0.0493690217102996,0.04954886562464719,-0.07869104839312387,0.11925644765266323,0.1185605038487075,0.08037035156996031,0.005911479335707724,0.2123412673510357,0.14035500794847655,-0.09726891652983771,-0.14305749714491917,0.06711343066059311,0.0912220719170682,-0.07044604007001065,-0.01947244134598373,-0.004923639050376381,-0.02236589922635958,-0.05269017007812925,-0.079500638344775,0.005927693694584472,0.1305749036115579,0.1016961283858537,0.0001965564480304083,0.2498052574619739,-0.05656523615744963,0.0615609448275858,0.15615610507339608,-0.10193162240516766,-0.09159861072226845,-0.008554355068804137,0.10698107998683658,-0.030602306041006198,-0.03559106959703741,-0.04315906203024525,0.08371621118313197,0.12927281287070505,0.014080557421901207,-0.04537049719577944,-0.09159091205813556,0.16770296543256183,-0.07075414957437444,-0.008021714680443633,0.016960959127176888,0.028968438568969326,0.011280364918493458,-0.13652443005378745,-0.08833630694735237,-0.07646848572142798,0.11896351925978005,-0.009289398933461104,-0.04213345400781862,-0.18121668747736241,-0.00969045797879979,-0.2012344442156658,0.11345513449960665,-0.19795240413472082,-0.028089831120458517,-0.027943487911329935,-0.03797308887809483,-0.01629497907582915,-0.003438111232758325,-0.0017210869409120945,-0.02578882659300175,0.2545587339532968,0.20643477011881867,0.05727003092648623,0.05343907870736031,-0.017750762473331533,-0.06447629355547435,-0.2540336453589161,-0.054463752729190046
2001-03-14,-0.05018371346819957,0.019067877650729977,-0.011002375527061905,0.0609369423920482,-0.1391014780043799,-0.24143725287153492,-0.5253835241578503,0.04490634267649802,0.08262827604364957,-0.18988719427361628,-0.02529949159756302,-0.016560802021623165,0.08807135259611093,0.09547558655578153,-0.06677717016744956,-0.12949256132240528,-0.049600817598474026,0.17440170672299513,0.0850037284276639,-0.019694994416640358,-0.2692781916819261,0.22534020931575063,-0.06768094069209803,0.02148670144701744,-0.1177698882926574,-0.10698657261710612,-0.027915528951809775,0.030610634757658902,-0.023059419764130753,0.028629217489988847,0.13168864683576278,-0.13491972070666955,0.14144598449024023,0.31061583300698853,-0.05782449086516435,-0.13342884007797753,0.06162014000225783,0.2158915253510549,-0.05752085625033748,-0.16735475820862772,0.08690531866578784,0.20908753041657044,-0.13447184119946454,0.1387553780444702,-0.16974466869325597,0.009009451322679054,-0.0027447415735792503,0.13979785485022772,0.014103483212703011,-0.18765686579400773,0.15881523008505063,-0.0658846096820238,0.2438081332233747,0.15999955995195303,0.021206020952135394,0.3473265417817139,-0.010943235110618392,-0.32205307160858415,0.00465262264102569,0.077114037792494,-0.04493439081248358,-0.10539899231704937,-0.2570610446112287,0.2181725702296879,0.29333583485047626,0.018605753362290662,-0.06114879505581492,0.1349987081521377,0.08037078666854558,-0.1578821472203968,0.08163212336567466,0.22623714543054457,0.015034796044309049,0.015951381111824134,-0.24357647260041243,-0.18741183568187078,-0.15972331286720315,0.18549177041496825,-0.12468321848640201,0.004382599493661632,-0.014912916513215134,0.008326156722799011,-0.01305680222051807,0.20549709391722007,-0.05830830720302269,0.11506865502630362,-0.0058811095940036655,-0.01335958502591138,0.019942760680310787,-0.0794177074798147,0.02548313302960232,-0.07920977888587453,0.27240067523930267,0.1642632946365277,-0.024506355719785176,-0.05985032775778656,0.030987551400603785,-0.044860484246478774,-0.12748015845617194,-0.07092808077328076
2001-03-15,-0.11010113098554507,-0.13117502748375534,0.007399481978825871,0.18308995298544506,0.013791133595618675,0.06164210964532796,-0.38542674514771946,0.42497095320859696,0.025864480617122917,-0.2618440712532309,0.09396767715940058,-0.05746202245582707,0.07660324139030043,0.04977659237800447,-0.04831236437177068,-0.37368022677986856,-0.12509617605864212,0.2264440366401084,-0.08547468216601914,0.06814275367065908,-0.10270594221479297,0.21693698784184967,0.005032248366781993,0.0888197602008507,0.06576839859383626,0.14789999805845125,-0.08945524048495453,0.11732424841390134,0.05615046412163781,0.12178312175899046,-0.055044391339147306,-0.12875281496115593,0.01539095391309134,0.10530054176535023,0.09307626012411986,0.0654658066731614,0.0848246660167413,0.1418561944768238,-0.1274005518066886,-0.11168638645718915,0.06545040354635584,0.20275409601044472,-0.2142489924071219,0.13221674731518387,-0.16497897282289484,0.08199130536389125,0.08815272301688255,-0.12005138168308989,-0.004527678821566501,-0.09305829892117512,0.05209024194389084,0.05478408486800537,0.21897539217442602,-0.06672141023282697,0.035583685763846004,0.12956494284768882,-0.048545499328237984,-0.20996766129170277,0.001372757986491887,0.0404358792138909,0.0783424997059959,-0.08235561487731283,-0.2321045661604238,-0.017616443723287606,0.1476859947138132,0.019695834213517272,-0.05287712256112522,0.10508923788074385,0.12999933933571062,-0.09395383876469357,0.07279556810443842,0.10007302619323433,0.07742217644134372,-0.07464854691737832,-0.16259289773691263,0.0016154212701936976,-0.07055743862734487,0.13224185157288393,-0.054954999081534665,-0.12920083808832122,-0.028361059440106508,-0.040905416222739535,0.16716253380499865,0.13749399623987216,-0.04414530423106862,-0.0718163073617528,-0.06731959449504778,-0.03453934233442657,-0.04496578228411174,-0.04222486250141708,8.059949910753736e-06,-0.24513282216953344,0.18516850672592733,0.015029790987362174,0.04118346801483401,0.05586942845009823,-0.012256530167904118,-0.13467858039772498,-0.1419393189310399,-0.122929165010979
2001-03-16,-0.01410129891689586,-0.12956616528296847,-0.012521647502975129,-0.010573121971401886,0.03163596269566565,0.04629923334674959,-0.19985445648891603,0.05989051829526877,0.15541394148271445,-0.18234525975958235,0.03599204182707011,-0.07852898047808368,-0.015524906272843763,-0.05658888404611812,0.01671369033599166,-0.10282334389429693,-0.14102769675492424,0.23556007804067855,-0.3982718380492362,0.09460512998395394,-0.3793996881028507,0.28890677703395473,-0.15514050021622652,0.19989778266827524,0.22598571550865887,0.1538519372216291,0.12599782399453377,0.1497884025116008,-0.04542002758258403,0.1663227307374738,0.14899976249325872,-0.22146615186145033,-0.027673440036165044,0.12312702819032886,0.05762566485088398,0.018905884232361825,0.058811646138775056,0.25214915555319084,-0.033199336021170055,-0.09442513472194487,-0.022744731684109832,0.20206047993397216,-0.20595583817377539,0.0715846154876054,-0.14933512580292238,-0.06481912334399265,0.03318324724702826,-0.12597035485104788,0.08414353017944896,-0.07203096140620893,-0.004481290262454576,0.022101895992348013,0.20327423801926142,-0.013563033051269258,0.006773612800403794,0.23882001296586852,0.062221112137055994,-0.2099676632852072,-0.14739724383566752,-0.05314501094365787,0.003194650995365281,-0.09142875604334581,-0.18139343652545634,0.02050984019670678,0.3326169562545265,0.2000611044322367,-0.08374108580384093,0.07993079741102561,0.020351422652488956,0.14894395646004507,0.0010187910645732998,0.12768653272865585,-0.3184640804121575,-0.0948366028917802,0.01102086508118602,-0.0413642562952514,-0.00552717568577507,0.19535354883262337,0.09634356057443276,-0.1283645579205228,0.07136922078855833,-0.01703205175618843,0.056207753892477064,0.11173244847235281,-0.20940472542209634,-0.36427909841249967,0.011730108289118996,0.08848098601206303,-0.03726173845253669,0.0017025932664066965,0.10394812598811659,-0.02415979541752812,0.3008090502242711,-0.1209707382619484,0.0866324515861948,-0.057496400774796216,-0.0988988723925682,-0.05820423293068109,-0.09527977795469725,0.0023998415214467354
2001-03-19,-0.11373982201739291,-0.1480447159706332,-0.028882526020995534,0.03236649607196459,-0.1370924072526878,-0.012484003776039627,-0.020646413275599837,-0.4033656939308459,0.17573449221839493,-0.18234526102885953,0.09128610012503731,0.030984794095084492,0.023104097733925646,-0.014959206176934232,-0.14020816418734106,0.3380938621179452,-0.17512246285959285,0.11469480897151947,-0.050471448108095604,-0.025324874879834806,-0.19345673785128167,0.24207114802498764,-0.07148474755599919,0.2522347377609319,0.3196140708589509,0.08342592314683286,0.21249726734464067,-0.013082545288696958,-0.08194027147667204,0.15170373800766482,0.16557166507933715,-0.20434155083072714,0.10535734751305754,0.14342779929809243,0.0829881867175414,0.14424795481207797,0.060530015201872664,0.15415986089394487,-0.050799179494732255,-0.08702642250596873,-0.13578751335436445,0.23651144026292006,-0.14823509512139113,0.090898962965157,-0.19210722351410298,-0.08738102322632746,0.24043849616609797,-0.2127055014515758,-0.01286236564546405,-0.2805960939558084,0.17760173551603714,-0.14707863773213883,0.021697871430514167,-0.08794747806735233,0.016449083793907856,0.11765437237347784,0.06840617848886002,-0.2768941603574537,-0.13161668704732662,0.036443623068629784,-0.1135101475180498,-0.07449842202724537,-0.16363667191972267,-0.027065061369519125,0.3063872061378356,0.18088934852744928,0.05705083828301873,0.12949934096328714,0.04703675852353173,0.06883558433137742,-0.04450860364441773,0.16168058547542874,-0.3173628004962236,-0.19331667771385058,0.0409095457023785,-0.05317899786453299,-0.02476780807545458,0.20304026581449727,0.14482803006727082,-0.18020096489475212,-0.09706101754597163,-0.046779675522624194,0.1359404521163906,-0.023939493428863954,0.008619205153304525,-0.19402418733674395,0.06378802744646334,0.08441364872772568,-0.1414680958794158,-0.02182541447440024,0.04088980579135453,-0.07912361257631648,0.2195810581806646,-0.12804374032714638,0.0835644658953458,0.08469412540677464,-0.1758615472165661,-0.20429395022516933,-0.2610235271100423,-0.06262784227197239
2001-03-20,-0.14916987263994358,-0.19035945975631366,0.03373193794272249,-0.004365458852313908,-0.026837634914275446,-0.02988788481922896,-0.2602294354802362,-0.06707332724589189,0.040417208468483554,-0.16999705014958588,0.04013618251682589,0.09359016896107326,0.02315326481462762,0.2544946096948547,-0.10209386149118534,0.04071882574841644,-0.10424918213928533,0.07362712266105995,-0.16974079707834092,-0.1067763617864249,-0.0760978650920595,0.1661085595985859,-0.02554308392327772,0.13876981842251696,0.12083360900105941,0.18161019751506005,0.20725584133796268,-0.1445104217208613,0.1149967307449023,0.1632152067090019,0.27762995392578893,-0.09916067429755364,0.10348067691671856,0.3380801683862013,0.027712151190665134,0.1949896698201419,0.0630220595039438,0.17628187323346375,-0.12261019730153658,-0.061917685928025594,0.014926947073777593,0.21024908933792638,0.0725352122813318,0.014549797034153728,-0.07644047445273114,-0.027087433679737212,0.09885686415063825,-0.04959076761023618,-0.07112592319642301,-0.12131499969959685,0.17276538528903393,-0.08435753281156431,-0.013030218848703461,-0.07186579247501187,0.03357307293148723,-0.07294740886696086,0.07267830311562097,-0.1986265504603648,0.0671332096199933,-0.0481141292129353,-0.06607462710096686,-0.051800611288168624,-0.19901573137690695,0.013909146028946811,0.06320762048389275,-0.1240882129813103,0.06502232410580323,0.09664736935156883,0.08003656709815378,0.04180379109046838,0.08881937092992549,-0.1675845940579612,-0.4199437277037887,0.05103440508734024,-0.0380955215724068,-0.16328608225494898,0.0455908230094406,-0.004103992052683146,-0.027598064044276872,-0.01751240985969992,-0.2168759005720621,0.14908866106608087,-0.13177062881303675,0.09243662012254907,-0.01696068770455679,-0.1514015865102494,0.03804591227568539,-0.01315254829197104,-0.08680756547853252,-0.18655917603918729,-0.0022915198260349597,-0.11558139989353965,0.2408025337305445,-0.060055013485565904,0.04214046274103066,0.07597408725442395,-0.08325092334900583,-0.005479857395320362,-0.1121802790179763,0.23268884225476769
2001-03-21,-0.10523264601930017,-0.15303453848600082,0.011604543565157202,0.2363308045065199,-0.14314440356798713,0.08442375420527856,-0.32140820771836753,-0.28134069449831495,-0.030368925771351148,-0.07392907722956348,0.1875097856348591,-0.07336399961700345,0.09343345637503961,0.23945473707120268,-0.053793972535027594,0.052639923595574546,-0.10156821297254627,0.11836415239270756,-0.14521177149620637,-0.4268907677635383,0.06437963592733029,0.17672452020989957,0.03127668760190284,0.03649918523774844,0.03450144333158714,0.2901754740507644,0.17591135972402824,-0.24193662395896523,0.044167633267688106,0.19647579312604613,0.4183788928351127,-0.012741696602601682,0.10396758519090549,0.31346644813315205,-0.09511190717771237,0.15918106117573766,0.13978026508849245,0.06111575582483195,-0.25271225913333434,-0.25910254797548504,-0.17572912899958515,0.1464874771573218,0.3084856202169424,0.06428813797564599,0.09568088377805024,-0.023337347502422157,0.13966772553169446,-0.04959078013012939,-0.036076239680089356,-0.09798730783407951,0.26413047541230306,-0.051795572237039435,-0.008465189323189985,-0.30389622120590437,-0.04507946887982974,0.08972140289351956,0.08970845822864455,0.014837588334803819,-0.009724759090326242,-0.09717680199766192,-0.03948944665829372,-0.12511440163356785,-0.020282815017726906,-0.08453195219283133,0.10022236191394139,-0.01814624980813356,-0.038960226920861284,0.031603506642484964,-0.012371678287822067,-0.0036694859975882,0.02774178678549961,-0.08824522170137719,-0.39757045535439905,0.04038369977063061,-0.004681246997312455,-0.09220617317267032,-0.03790744751878543,-0.11701362336225336,-0.05012284083200107,0.07578208648811914,-0.105994062790912,-0.019941184121257234,-0.050673307707258884,0.1668799664209025,0.19911208049745682,-0.1926093744453413,0.007876635834334903,0.11974030861192807,-0.023724646013984906,-0.2290908793608857,-0.0369416419740374,0.04781672256942054,0.3253641835552435,-0.32173614449754395,0.06508170311684602,0.07683132425325157,-0.15146447026818252,-0.028937185150116056,-0.3310334693112878,-0.030495037019582866
2001-03-22,-0.19085106220237974,0.053479227661890186,0.0006382608949881949,0.2947460845769686,-0.03971175168702009,0.0757098948923385,-0.2987311945208454,-0.2879337983183004,0.12281401266309278,-0.1260783583989315,0.26278520390671717,-0.03084333474583601,-0.1758453431981914,0.026233134985838142,-0.1558646933316337,0.15402717273476543,-0.004625259086515112,0.13724560483208922,0.0690204048895097,-0.29655534692143587,-0.23005805144087924,0.17341186682912554,0.08110172549739457,-0.11817658978499761,-0.031537315219330904,0.11144803899650928,0.11695630629811118,-0.1396479962140364,-0.1567026043708979,0.1325149796413519,0.22481211367853712,-0.08470778763905173,0.16431125806476543,0.39510882310391754,0.10498789806961119,0.10378344553039745,0.2031992953887826,-0.19596663596676692,-0.17333894309277562,-0.35840065866309256,-0.24711755653063378,0.20126092059444758,0.19983614551825674,0.18254831422191758,0.036885220501956945,0.10934015337628836,0.22096447428024954,-0.04782011156920344,-0.15190365985966092,0.06930688468052071,0.09421588359907272,0.03962698157445014,-0.0346271400077161,-0.13671440713780586,0.01893406146139217,0.01960437355350105,-0.14661261987048796,-0.09086466065411336,-0.1543374131060509,0.11201238078009779,-0.14335562022949636,-0.131293916628107,-0.12766624810310756,0.10632570228414363,-0.20524563647105162,-0.07083382651240755,-0.013944756887287715,-0.017960500520855877,0.1698631535600361,-0.0483186853723258,0.17511711140775416,-0.24505331014770815,-0.3724650570629052,-0.06654805018751779,-0.28268515077748674,0.06322945814125355,-0.11241276325607555,0.047334564421367895,0.0617582582938811,0.1755533894068957,0.012602145767261723,0.12634970982908295,-0.18069537252130732,0.11828111758870931,0.14311391654868538,0.02022703561709148,0.07004940059095548,-0.15572239805804977,-0.09815410753921174,-0.023532395629362022,-0.0733909544055937,-0.015777359955067422,0.45031273122086357,-0.1453756435282632,0.12061710894264027,0.13667287128535957,-0.10203049566494508,-0.028937196749350056,-0.26672370186821687,-0.014410470219862491
2001-03-23,-0.10061795988395363,-0.065846671719264,-0.0008404537916100674,0.16019021027668032,-0.08928961009983143,0.05850086302560274,-0.07506624436634879,-0.5128367895343128,0.08180717337138371,0.14713591863186043,0.11009730468696378,-0.006342348859329315,-0.041686528689211313,-0.21019098919892085,-0.18700655355434875,0.23370880907243316,-0.10681621569703906,-0.0624444195048552,-0.16639816160115906,-0.38036064054792207,-0.10245232573275981,0.1434129647559094,0.17131073505225589,-0.2321652573966857,-0.07804278870435877,0.07012938293010608,0.13992566877845486,-0.3385293802313004,0.11758655507920661,0.06570979841974835,0.21678429022782233,-0.1378798027765068,0.19260617393826548,0.2280762581987594,0.09461066761712679,0.16456078882707764,0.15865292079634732,0.00529770150188962,-0.05250584144185678,-0.4109583485311276,-0.21590416391063524,0.14325128714894547,0.23024100553025276,0.1578596031344689,-0.11151330688809696,0.1328600104801092,-0.03270009241538421,-0.22536901385087776,-0.06418207354216497,0.09315069772128998,0.042136765163799876,0.02880088056184861,-0.16098239215069554,-0.06127767938749001,-0.018224894223927746,0.20148272703043069,0.1627863564625935,0.004175992925246789,-0.24198955507743042,-0.10628523327459931,0.07933182287179269,-0.06119179787919305,0.05412619489914426,0.2538255501307176,-0.11673901475555455,0.07349562326311412,-0.1058508338252796,0.23707436189506617,0.14216480230082615,0.0651375111950699,-0.043944334137322245,-0.2333029056090419,-0.4016037515570819,0.10048865954495446,-0.2014129872450005,0.03498823342775298,-0.013075116480834618,0.2043565650979345,0.025469925556851042,0.17308147768709917,0.12984328013139648,-0.010723158710661476,-0.30529027950032667,0.1490522936476141,0.1157211714586164,0.2972936461989803,0.01867884384202129,-0.16632495835791158,-0.17266427066853676,-0.08147546868890254,0.026951979166373926,-0.14213052019985845,0.41876139855517747,-0.08545316535577098,0.023554102535435346,0.10456978200367545,0.02531779660448064,-0.16173046134066493,-0.36435233304631026,0.11652548648157846
2001-03-26,-0.08697767005506096,-0.1454927137180219,0.005397338574315366,0.11962350939094103,-0.09393397733437608,-0.023121848426546614,-0.02347391490530815,-0.38223465744360774,0.09903117738483073,0.27227466649456084,0.1100972915084711,-0.11060842120525363,-0.0966828809383181,-0.1354303486023748,-0.12083113972334021,0.15342917264011416,-0.08583388004703615,-0.11425262960756857,-0.02015908714951606,0.04683586582361821,0.14047838264005005,0.03631753961453396,0.37111882050913947,-0.2510095920154018,-0.057422137088944065,-0.043499479698971,0.16685466504694282,-0.22536398970892052,0.20084979135659917,-0.06628923622632066,0.2015028471494629,-0.08590474231067502,0.22816602191692434,0.015781401868264683,0.05270518132874383,0.22081678381675252,0.099875071059794,0.08511109437078208,0.0019352669914422709,-0.10936690166215121,-0.2060280043980028,0.18677941472771667,0.16811519727453847,0.09259701190005547,-0.0765028589563822,0.12105851166218076,-0.02183519993297512,-0.18286220102140516,-0.12868635365286277,-0.06521888094044334,0.049909422369292106,0.09265176726490713,-0.1054223425828761,0.12392534845348982,-0.05459132088069763,0.44090534597730663,0.15067382804313387,-0.04041873990196278,-0.24584422287627683,-0.13105326392197533,0.027325989438994478,0.10179712946937532,-0.037517242378307815,0.008001433095969427,-0.0005639834518109074,-0.04507044394113062,-0.05406326605260622,0.05717715380383494,-0.06126403136355602,0.048872536187344266,0.29814349693594666,-0.09338576391555109,-0.24286994717901925,-0.03218969098315119,-0.0798399975723535,-0.0023324899654058218,0.002106514483289258,0.138422440170902,-0.023433209614590594,0.21093183191067402,0.2287918594998763,0.03934163005682904,-0.21297417906985253,0.022659153583720875,0.026073531732201213,0.11398403459258198,0.22696811101259254,-0.14610466875865785,-0.136326089944687,-0.22329359942091836,-0.024385250648649978,-0.3737411593010965,0.29502490751799076,-0.11259794468632575,-0.0009109486638734965,0.05990360688281192,-0.13110146143971652,-0.22332902307095007,-0.23995906685937426,-0.05412040452167079
2001-03-27,-0.09898541046058368,-0.06950426956948393,-0.07611641635333624,0.12319753531677674,0.37482203173646683,-0.19085037776324046,-0.06268897465146371,0.08474448411118082,0.21478483689616445,0.11108795751387324,0.18158642726730068,-0.11902833980464841,-0.21251596282335236,-0.12486417181375246,-0.1411594370476777,-0.12736811554405086,-0.0657462948017738,-0.0745705288692168,-0.0420430478227641,0.2651535517076425,0.12915119123526203,0.04571690154020031,0.45043291083935755,-0.13345303881195011,-0.10737773773252028,-0.2104860403890787,0.054022275049907156,-0.02877987276850736,0.07038402026647117,-0.16888475624729202,0.23672750162430467,-0.10331739424078469,0.12122893438851781,-0.0596665223014475,0.06548581861967835,0.0031349036728692613,0.05963982612781986,0.15173860946458717,-0.04076193377988082,-0.05606088403741324,-0.2902116579604147,0.03267779961217124,-0.014738663571341248,-0.0773211231661303,-0.1482511081793969,0.05440351850829333,0.08209795561546858,0.03171048626574814,-0.1102777104603118,-0.1463388648198816,-0.009493089669694697,0.09516282439542584,-0.02199798355855037,0.05998333798174037,0.13380989409196903,0.20810392082275347,0.03959733625035476,-0.2352457762780633,0.013914238399206936,0.024069670802513488,-0.055061539498526456,0.22825896547581903,-0.19156657180907563,0.06067098467955905,-0.29187335935677017,0.013381149589548839,0.11703181732615478,-0.04118211168228139,0.026905974383078846,0.07706639274216541,0.2981434938299879,-0.1826876763475283,-0.4258134541839425,-0.176774872826091,-0.1163283640056236,-0.15874184893600893,0.022844396886194895,-0.02015267405041449,0.02269399678859127,0.05833829469591923,0.19520686257790357,-0.0069315529143469555,-0.041195871024137756,0.13785394899191447,0.06643662026530758,-0.2613250791369038,0.3027101508847198,-0.05874750572895273,0.03666725596381561,-0.2676304126572281,-0.06202186485276086,0.06074548120836189,0.19336400864136247,-0.10320672332240097,0.21135232257537465,0.09643433754212846,0.02195831013711229,-0.047535790494974764,-0.04463455659570396,0.14480700381994624
2001-03-28,-0.07547819616356179,-0.024843986711054016,-0.058988787779915904,0.07442355120447738,0.5002172509200817,-0.16708490969908987,0.05773601093796364,-0.036953328770546544,0.012593277420028384,-0.03468999093099248,0.03471248924466372,0.033765161414418966,-0.1234057291482351,-0.0984241307752193,-0.12335592129778328,0.06798553177328738,-0.004463236409040682,0.04826288808719599,0.04993796645759417,-0.04878898226876543,0.005328509640370309,-0.08881285466075672,0.3169951771463763,-0.0929150128283772,-0.028245605371682143,-0.08185951996404336,0.06725095862230379,-0.16013355477159372,0.01851541472200582,-0.1455109169069669,0.2011960337649728,-0.11451757722683263,0.13924174877862766,0.16233329570400562,0.06329136283981368,-0.11067930467369616,-0.006584494129258706,0.1114342527706783,-0.02787953867028438,-0.05606088513684311,-0.30341460803559633,0.015255026905548124,-0.13770212125551337,0.07572177193908847,-0.05278397969645978,0.03219389862280741,-0.03694535714445813,-0.09855836480609538,-0.02277965358986005,-0.11660733644514218,-0.01529355253768792,-0.121652251213045,-0.16967500931381366,0.08946915252800011,0.14865096609111975,0.30176977411696704,0.08532263913505918,-0.3225407033041042,-0.16178796928906025,-0.043443136705058935,-0.04553297438724344,0.12323754294104627,0.01690827540707884,0.01812876630003992,-0.1482799451905381,0.16872417859206468,0.12575473962852513,0.08515175522468743,0.13344432458143005,0.11938423897747866,-0.016343973551436457,-0.24163605562013465,-0.31637548205889,-0.05829717662444846,-0.07220953046230244,-0.17058231193343015,-0.039077448580293384,0.05465055721620124,-0.03203158272485315,-0.16325649332282102,0.12027621781814919,-0.00693155147387301,-0.3420592022710019,0.21290645778859058,0.06096184881466876,-0.19075528754287907,0.2849517956429181,0.11457162618963064,-0.0080868007961962,0.14244315018829373,-0.03105742439162852,0.27183109546664946,0.1135440544931204,-0.021297254383289128,0.2175043079714671,0.07018086099451253,0.10921832880925099,-0.3149409449291735,0.011933505398127845,0.26988762169031844
2001-03-29,-0.013949898626651322,-0.027716860739622987,-0.04363239168162513,-0.03532630204930325,0.22747253826076114,-0.08478934409460105,-0.04321926280260113,0.14739986134667604,0.02380880033202326,-0.15793840098948664,0.07235411653252333,-0.08565930875152443,-0.0967185369407994,0.011671995165593928,-0.016894566967254138,0.11097687900428059,-0.09646764756349992,0.16161675791557398,-0.16207132333529492,-0.008347897705236477,-0.00833023620140702,0.16804266575491925,0.27995261323441045,-0.024820549675282612,-0.12515527777509286,-0.09474815756972862,0.04962284188724559,-0.12239587737440631,-0.019208681922223813,-0.17658737972766447,0.11222356767399765,-0.1408982070814946,0.13815885120927104,0.0996869794231589,0.08782991326273146,0.05473697589749417,0.027374515199885038,-0.30674929481262364,-0.0440412021524411,0.04176966295987743,-0.12122011013702295,0.10117088551329556,0.047382677979714134,0.030167831566934696,0.08240309279157551,0.0012201371247018643,-0.16051003569829633,-0.13551474427500562,-0.06347212117351533,-0.09031225053649285,0.15636411026772018,0.029214208501614755,-0.09271374934835044,0.08169661205412028,0.07614372565240278,0.26633331463036347,0.002561107090845223,-0.22401311186431327,-0.02420418956630198,-0.06624578143338107,-0.03307256065245437,-0.04048695445367176,0.18325081162169077,0.07629037268135691,-0.06573820191901825,0.07243218186936891,0.01613533413840753,0.0255720248210523,0.0005484046744458154,0.14377313411167764,-0.10159390016171274,-0.2485265047082868,-0.2679898235672309,0.001542858924822463,0.05123081595459908,-0.22361955470638034,-0.09191572777143217,0.08511848234352852,-0.056623924066020556,-0.1551260201013852,0.12027621136418153,-0.044976964980168156,-0.34863978441664045,0.2536829305813279,-0.10736371507983723,-0.07277482643439903,0.1471921875977237,0.2583276294362067,-0.018424896244253846,0.02937678128414624,0.0027827335687284926,0.2190101718812626,0.12567513466311422,0.21697602612078484,0.22596525604370024,0.08757951070768362,0.05198384923366776,-0.2566885984104599,-0.1322363672524881,0.14429211191199492
2001-03-30,-0.04038030815873708,-0.008776557120673571,-0.09676681933346172,0.015455668426958658,0.005164345390320484,-0.14811830173873236,0.13559020673092853,0.23114350522822724,0.06424181023495028,-0.16007027901996018,-0.06690549962645816,0.021914427800212487,0.046248975619400855,-0.04404301480477205,-0.08857676902106282,0.13929496228431293,-0.1293128546387335,0.29096537545510864,-0.045135516534618406,0.012045879325935097,-0.13432466341024585,0.18347296307510344,0.3539820309054777,-0.026675993519452785,-0.15454769854461575,0.14487634983140682,-0.09735234910707385,-0.05181601791250739,0.0314208930988748,-0.16412808131314224,-0.1922632947961147,-0.07402636338577166,0.1264392518323673,0.13188751999506212,0.19646933598773844,-0.1629365829730426,-0.03286874827794212,-0.30965521780472843,0.05075171423620022,-0.04240549477775462,-0.03906974290529327,0.07097501781372606,0.004202651797209995,0.18374839405705792,0.06968586404270258,-0.009235112195866837,-0.19813055113007336,-0.009731790736622834,-0.051547379620805286,-0.07695047495624668,0.17465343587670845,0.018443156713303408,0.005240907659526303,0.015496997157849208,0.052504040064125734,0.3066680983711879,-0.03787795568056892,-0.21995987443811124,-0.3005361463729791,-0.05076136108747822,-0.017986961068677646,-0.044170957787915084,-0.17403029642061804,0.17947185414577274,0.294741409998399,-0.08927616499162842,-0.134091164570293,-0.01748176619776569,-0.09668741453610936,0.11417843979926842,0.13013457361448508,-0.30541327122826406,-0.12178193923535813,-0.14517281338987373,0.14605619790830718,-0.11880587875446706,-0.19022797557842566,0.20106544045893845,-0.11786896018264013,0.02450501809051806,0.10936998079975761,0.05377927392151178,-0.25094228748835257,0.05492253047087588,-0.01855177306848541,-0.05217506311982799,0.17888781836358916,0.03359702168101526,0.08949729575321984,0.2523541758753088,-0.03236045988584473,-0.021003830074888038,0.10419845014764857,0.28633848093679304,0.25405958460777095,0.12063645269300959,0.04850616706022992,-0.20288756391587814,0.010647060489371857,-0.039893520228171137
2001-04-02,-0.04835979307486441,0.07252746797866257,-0.034687461912090274,-0.14313889166395113,0.2751551080748856,-0.00534287177528183,-0.010363788682017087,0.24594371020933575,-0.014675857031216257,-0.10042058263216785,-0.16726777143800425,-0.052594203536311245,0.07042725251355289,-0.067486032721945,-0.07892721316101338,-0.07688331026389097,-0.2077416596350028,0.2888597148456752,-0.23857666482177034,-0.042476285350647895,-0.1657642254408989,0.04504889083786596,0.18271718540912016,-0.06712560156284424,-0.16187517450164668,0.3248383972427587,0.02052386191125733,-0.21088559711099197,0.1202815295893866,0.030063578902871344,0.03537387041592103,-0.13412795278905418,0.058319424668809,0.08032128644374215,0.05555931952638741,-0.01887739871720824,0.035799835275365795,-0.26299181284682555,0.0017097958528003781,0.10849272300878234,0.03637449918734749,0.13401664902995333,0.13343935535432,0.24201481099864697,0.07905900239991984,-0.01803508800140112,-0.41635729467162175,-0.18710246896490101,-0.010522575723267745,-0.061580994496956656,0.049618146498619176,-0.07969946739493403,0.05978584676832192,0.16911548133797383,-0.05498841331362899,0.20604892270770228,-0.17150668074741826,-0.1344104983984922,-0.11848097644163452,0.06388523684458294,0.08111557328771764,-0.04175198876667414,-0.11472149640658469,0.2192013230830174,0.1641597708775949,-0.2327593756847357,-0.13780345481256875,0.03970296682451524,-0.07020096497596484,0.1618870703431292,-0.11173169306377438,-0.24047475007676003,-0.14980569749679917,0.009618367965397244,0.011408060508616204,-0.014262830495195862,-0.1682616085448241,0.21841054967024565,-0.10102236804668269,0.012083311635285114,0.21118972405549125,-0.05096518372440843,-0.2511109721651075,0.14161265352706442,-3.2488604153826906e-05,-0.033774327348288315,0.2560544831617124,0.1436559731425901,0.03634678339810606,-0.016823347815299036,0.009264660705983247,-0.039688655788334054,0.006982052132671892,0.06375385574959684,0.04817527473850483,0.14436792223148737,0.07644705198827267,-0.17484540060896256,-0.04354322630332515,-0.1379109118400066
2001-04-03,0.039971763085565055,-0.2605815831361533,0.06862670893194532,0.10872292464463411,0.2054016682349795,-0.017260452592241557,-0.15407636790327278,0.15357686912026974,0.032089296080268684,0.1513886686310073,-0.1548614425837935,0.02700766437681985,0.14097590404490695,-0.16593551120293856,-0.12807550327346157,0.03726434696546695,-0.34681624625884583,0.31619584084747543,-0.20308158427604378,-0.23816057671709634,-0.2476005096488423,0.20953024623573757,0.2662550940263664,-0.2224582293280114,-0.125691597501984,0.14976481519571253,-0.31921804534337733,-0.24930297823248299,0.10180013657010595,0.08087487586947943,-0.06598653224254096,-0.13120545139203216,0.20268068647593543,0.05464015166944213,0.1614492712744542,-0.15998880166459434,0.00977761586508545,-0.24042782036537827,-0.047050617942781,-0.17974651472305866,0.3134047486755998,0.08254257074477604,0.028024452811852098,0.23491934900202202,0.2211582901923442,-0.008155091138458167,-0.04281610122428243,-0.12401005785988232,0.04664474440815889,-0.11255404251416914,-0.09250374951993,0.06126217986079456,0.06505669402073452,0.3395912296165248,-0.12237134795074743,0.04020449863188276,-0.13953581755704933,-0.2633844850583563,0.08593117352679538,-0.018628618909854712,-0.007905464925873107,0.0213282218437431,-0.02219087120206403,0.37907520598309863,0.16415976034886728,-0.28404567482070286,-0.09624058609417084,0.2566677294948471,-0.1399900925495211,0.15715126676436686,-0.3016003927655108,-0.41167223494423544,-0.054195387840455654,0.1486460972093136,-0.10064844401977352,-0.13265263640254246,-0.2338949646054336,0.1837280017196429,-0.04204117079318896,0.11823308428033044,0.34359313398342295,0.10583997943016998,-0.1788230900514231,0.12551829630062944,0.029599685660559805,0.03544438237263012,0.3785794807708473,-0.1364380768363799,0.20372776129520848,-0.2387844936380617,0.0011267560776729516,-0.19319237302297676,0.1380994833496824,-0.08013853681832692,-0.0035748351369312386,0.11939400465821463,0.03702864024134113,-0.15233760001367172,0.1556185523750058,-0.18123930738668323
2001-04-04,0.050025330302580245,-0.17897209078754578,0.16352257324067265,-0.05699374183472851,0.09886569686740904,-0.10775837347768769,0.00038931280796554733,-0.06913226222048224,0.009850771088895502,0.2742815323284564,0.0005161588159798575,-0.21866282066928758,0.026922978498131918,-0.10190504175621579,-0.228819361863544,0.2928838629407486,-0.2945966153078853,0.22186189869741557,-0.10024882281266283,-0.35191730142168715,-0.3177200364152585,-0.055693457032415634,0.14705155469839187,0.21630138853845016,-0.1772907864983326,-0.09638037107525085,-0.14533711536751123,-0.24930298759318015,0.14484508646565564,0.16073620195558347,-0.22489750628824784,-0.14608696883887598,0.17918896482978308,0.17533604845645084,-0.021663109867040654,0.21518782914151663,-0.0023071495548645303,-0.25150941589856485,0.12541066568920586,-0.11165851147404394,-0.008882069633040671,0.058707736466577815,-0.048101622759094166,0.01996004084731879,0.16767629982761537,0.09869903490537349,0.08421576268695213,-0.15471119355949803,0.10425302227443509,-0.09583441867780915,-0.14283342615194222,-0.0496823199339454,-0.029774440842227884,0.09409556599941105,-0.05958270562763898,0.40792952706341196,0.1344706065089721,0.000844177308888973,-0.10139112254604447,0.008400470172563427,0.11162797680868465,-0.10327221747772466,-0.0009562237504356693,0.041055299176056353,0.008932740517926073,-0.31426948133770494,-0.049507974054509275,-0.06698548373229976,-0.1059742470664934,0.16721424495822682,-0.24074685125507309,-0.19063297489421407,-0.1887899236407892,-0.03321832521003763,-0.028250222444537208,0.0019892420247339957,-0.18848327565361575,0.016660292424698575,-0.01095621346077124,-0.10459038140799061,0.00980646505365702,0.09724035541650243,-0.0002275099727808017,0.018196993025131402,-0.060739662194768944,-0.08644881037275753,0.17643088198026466,0.751553379483499,0.1022465455169867,-0.13286232288703045,0.07996195709586884,0.11431219629651018,-0.018997148768411323,0.05484542299919554,0.2794849397285859,0.13054489585140103,0.12041783774936753,0.0067566219329994745,-0.008524720922499512,-0.2807882578912801
2001-04-05,-0.03879610037615786,-0.021316949535230015,0.0610518483328379,-0.05495959166226582,0.03994989503512691,-0.19779084967887436,0.1933410760969297,-0.6138442330252629,0.08316672909100316,0.24485141517414213,0.051153691511594324,-0.25142333099074476,0.05981577497611867,0.009805054261576714,-0.23503773073290246,0.4974528016979846,-0.37087179679208004,0.09442533836746143,-0.10884900532242582,-0.2982991196895605,0.011382275602949027,-0.007161858218804945,0.03234326641628592,0.13503485056504774,0.03000146695425928,-0.19054066016337456,-0.09654446020673242,-0.15978839943379985,-0.0005557909164114708,0.14219549650083022,9.087594353144246e-05,-0.18526463743960203,0.12385069860824764,-0.006249577687720979,-0.10059918529974807,0.08161346996817802,0.0668108774996158,-0.2117895452185182,0.004880993313833261,-0.11960645723729017,-0.07235860205160213,-0.06440603943403259,-0.04218455023151889,-0.026263309998787294,0.057694111668976096,0.12107653664546249,0.1095132093828901,0.11118633220467763,0.08571010300882918,-0.029266631729008313,-0.17883618694425546,-0.07377029169286486,-0.20267881383136005,0.07824263468578625,-0.057098494380625295,0.4180810390370286,0.10267221131505791,-0.18726054176371504,-0.012995170368371884,-0.04345939007336918,-0.029701044276769107,0.04088727077101043,0.0010130826337471375,0.004803875069159503,0.15816568672592782,-0.14487134199858967,0.01099202319840498,-0.12756333271022238,0.02484206175374916,0.06417420274304488,-0.3441659908242134,0.030004127722168806,-0.08720378113014722,-0.07507858537369017,0.28880967928516504,-0.017457821626506775,-0.25169070505875707,0.04721696645316838,0.07426220509951235,-0.117474059264621,0.04167193706677798,0.18054144794018875,-0.18711163030682076,-0.06764991721829106,0.009753379798073978,0.016874608526269635,0.18727163272094108,0.240555034601685,0.17143929581409836,-0.09083847028371671,0.1826619388983362,0.07378612337454417,0.09034505575756087,-0.07225547822079638,0.1941791732163712,0.17508195486848485,0.08888178153090057,-0.00558294211595953,-0.1400942476044145,-0.02770683531765627
2001-04-06,-0.05953459962927543,-0.05079368140705659,0.09425346095968483,0.03850348218728036,-0.1377652722646756,-0.06947876139651052,0.14388042757732908,-0.011817263478580173,0.0314185804690459,0.11588327885998027,-0.16102615970119674,-0.018170956226153057,0.17941962748265572,0.11433119809464758,-0.046225930307746035,-0.3216192757853003,-0.12866174790621068,0.09164335030772587,-0.1250966063761022,-0.14284425356754757,0.12564591434459765,-0.10961787989051072,0.2951901022483766,0.18942354909679981,0.08698933134781299,0.036515831343253036,0.07077698874274731,-0.31564038264998395,-0.3228145572450482,-0.022070037386008524,-0.02123801250344147,-0.08375380484732341,0.10328587396076233,-0.020909889171766418,-0.02457488796725158,-0.08170925420383474,-0.11290317200853142,-0.10144544511070747,0.1085517875355597,-0.10284818823909045,-0.09654031544092065,0.026430559550991255,0.14898884116368236,0.10071427918091574,0.24741799863070194,0.24084543507431172,0.22768964480613213,0.023504214756384263,-0.05580652616761019,-0.08269436448226114,-0.03846871607007737,0.08268766351023184,-0.3664610786700241,-0.04203744625737752,-0.06815886660328192,0.11164508704660307,0.33046327592125435,-0.26841666407091846,-0.061832897575016754,-0.11826677162492862,-0.20282092928585813,0.05519309540216108,-0.045405217630090915,-0.1627304005331438,0.19012325913788058,-0.1249721674190295,0.17412076162221835,-0.21436327331275107,0.2101310211106233,0.03612704876514759,-0.4063873687062459,0.27552407267082046,-0.20106644378185454,-0.30279588127777224,0.04020698451672701,0.22702531504771026,-0.30269924619698924,-0.11623070743284208,-0.06658919877144816,-0.2591313793802225,-0.2156677150180256,-0.12345498136361924,-0.04795895540896726,0.04149131020530889,0.06775592978794602,0.04394354702588513,0.2735826182019762,0.48154674877229336,0.11760789234514446,-0.061706926821348006,0.053246968993438115,0.08025492013408539,0.09838946263242339,-0.0751349669793951,0.34668789025028934,0.16931190624350276,0.03884003606331486,-0.158923078757666,-0.010865167005331078,-0.005940831872394347
2001-04-09,-0.18748072946917524,-0.13407931692945524,0.0808103735253145,0.038503470558500605,-0.09869779164180977,-0.142155236375262,0.3316849025126099,-0.22230127661939444,0.0025676461020039134,-0.16667979426117624,0.03828319784894707,-0.018170937849200628,-0.03909154677606175,0.15108827110236236,-0.08208638318118468,-0.13619044635947952,-0.04657039587597829,0.05811427382809039,-0.22841608096913693,-0.09012067781391156,0.11957314256285326,-0.20063105744585658,0.2659897312592464,0.19813792774803268,0.15037427612950519,0.11170368114810625,0.07629381627638482,-0.2664123433339476,-0.17933661606215834,0.14631792984616085,0.006534104849512428,-0.09133668598278862,0.036801623444807544,0.02015787188312901,0.0513305784446393,-0.14375509407663953,-0.07896227882897729,-0.07835239494857489,0.006273537776631792,-0.1032859889382827,-0.03527661229510589,-0.016477292992881927,0.08519068965512938,0.05888744181802466,-0.10189352401005433,0.43277136937266936,0.1492741933483795,0.1702229816105652,-0.0445953065275795,-0.035350703965529126,-0.16896001400275204,0.06979308655729782,-0.44033030309098947,-0.13727704168866117,-0.05793510376320151,0.018254713677797074,0.16575818118862118,-0.0955664447581206,-0.10803608334348022,-0.15300275714496966,-0.05906399878174277,0.0017771043262493754,-0.03270148682409232,-0.07560954572522209,0.14978603022297007,-0.05772406954413417,0.16650575556195113,-0.08286384122193134,-0.16808482908496009,-0.05882298777012173,-0.19826189185914392,0.4416680661348264,-0.12874462923332705,-0.08304886697430386,0.0047095611555908745,0.2839376375124902,-0.153065446302331,-0.07901256638724027,-0.03805894179206106,-0.00679268398513582,-0.020601520746671355,-0.03040440171575489,0.033907801809204705,0.21544649309460429,0.08387002981233076,-0.01661015820604203,0.12747394147116214,0.26126957830420805,0.12593634562345404,-0.018919784369789843,0.1528200942792628,-0.09741995448719398,0.09838946333817124,-0.1023680686126573,0.31029228582201995,0.20179212695310006,0.09980178550132647,-0.017740921518882524,-0.11721736478111938,-0.16887796192874185
2001-04-10,0.015667610347224938,-0.1509229135984282,-0.03052198264074879,0.16606554139143082,-0.18696566115904426,-0.0005384412251871407,-0.020109556722637683,0.38697966495836345,0.03303252903930964,0.2116395791054947,0.023762120159273734,-0.17579084308289533,0.06823538584972132,-0.03265982866161015,-0.26608594595014645,-0.4203379996328342,-0.11346430537529151,0.24083480678169927,-0.13722436687502057,-0.3504993913098818,0.1469073401995722,-0.11552796739385301,0.2900632898370193,0.16216019352742814,0.20979523441984954,0.28540269531726586,0.04272702772843142,-0.13872372421957357,-0.3592561820684828,0.10904187490129992,0.0045955511384852665,-0.0847532397813334,0.0894431002465625,-0.06243312996218794,0.028679074430227155,-0.0944092290887133,-0.017244546057546453,-0.18882336796415747,-0.06165529865005216,0.05917809813171611,0.07583911549101574,0.06947112093490862,0.1394314500663899,0.02375007841930254,-0.12604674994968498,0.1768439403054233,0.02053358744237369,-0.07249552764762672,-0.060759604880818496,-0.2682174865293614,0.06100781087943981,0.17566680467992174,-0.21362085580354856,0.08018977296100596,-0.09423554996048755,0.07752774013050208,0.14736986133339477,0.04628723527637692,-0.14474305994922707,-0.17826193624201989,-0.049038984672723156,-0.053024729630979046,0.08620531047890696,-0.06801537070005947,0.22877832023525668,0.10700694944799002,0.05782831566820238,-0.03191570189615834,-0.22209459151934802,0.004488341046844441,-0.47239521069856993,0.43902472554705924,-0.23768209189939124,-0.08214168113795049,0.027979733825352657,0.2897493458076575,-0.055915702673002145,-0.07616652250243282,0.011928451638520703,0.16889005760679754,0.2961579932567399,-0.14970706599988298,0.00025223280839629583,0.5461892910922999,0.0458115746268873,0.029325995663136317,0.00014463490105729774,0.25925764306143234,0.21551310435604107,-0.1396123522830266,0.049557680451952205,0.016641270143030403,-0.05821715787894427,-0.06963895754340403,0.15309324508930172,0.07006284039700106,-0.046529703787853115,-0.18110469622401643,-0.12084072490799995,-0.20853789199209413
2001-04-11,-0.07895225637396515,-0.20778967076855095,-0.0033229150619748637,-0.027190979079944777,-0.17912732982771673,-0.12661423400125107,0.31001844594511496,-0.18501063293134304,0.24950500700596395,0.0696417911152639,0.24406343105479092,-0.04349827580659076,-0.012485930154047026,0.135819096734069,-0.2660859587894408,0.44156693138201975,0.09829980275344058,0.18564644612088763,-0.11809611933538774,0.023091362017032782,-0.03409924323668848,-0.1471417607364199,0.11055402854265645,0.25382684746574957,-0.024410053228180136,0.06632387271310256,0.08955650087593259,-0.05440967605251106,-0.1393629813595585,0.06986969860465476,-0.11051566982236437,-0.1010451569690121,0.24865740902949987,0.3384337868967364,-0.04291433961037692,0.04673643962550096,-0.14554549235394054,-0.04459416810373595,0.011086624813371339,-0.20044016102760714,0.0029984234072088674,0.06923658676188871,0.006304063389246117,0.18174224963281407,-0.014919376388042903,0.06419639239268828,0.14877923833165718,-0.16688717203455766,-0.13910769249799113,-0.4487390954971972,-0.11519662944071728,-0.0429743690317017,-0.19678084902715018,0.044303110120666546,-0.0595814707374097,-0.07486127775740022,0.2480712032236226,-0.07992443024003036,0.06798019124899617,-0.1524169508322176,-0.1372730851380608,0.12578386844359984,0.2205781672372018,0.1548493303673184,0.20681403210801214,-0.01567038826660308,0.1209419827991334,0.038550943424468825,-0.38129484380677486,0.035298588622314796,-0.3041045585073244,-0.051144655088104674,0.02954821156846519,-0.08106994571454049,0.024800851916422974,0.2527719596083258,0.02039827889017987,-0.08597691080548095,0.07536080125920858,0.1525402801744999,0.0651799170685474,-0.04574753384178117,0.06995069222133656,0.08970765225380849,-0.008979887796268935,-0.031529722493332996,-0.013019215785074891,0.36541243191090156,0.042443049780658465,-0.2419211430528634,0.005337297667284567,-0.1356769448341992,-0.04211998353287996,0.026867787869470503,-0.06217490719766859,0.0531151115418836,-0.05025202257685196,-0.15242261874016172,0.07141387949623317,0.20217028706139925
2001-04-12,-0.014084073335336152,-0.09447188274939258,-0.132989148678925,-0.10688418820058901,-0.1580968900767745,0.07597851190783858,0.31001820877186487,0.3107435617736326,0.08745484576247267,0.1378771565025487,0.1829912312023358,-0.15230133690051895,0.10024924081639008,0.022268494995556814,-0.15608306122542792,-0.09411993281852903,0.17586280339719718,-0.007563530351363403,-0.2698002763962139,-0.1782513072111305,0.10911938373254558,-0.3011796096244751,0.08163059726914378,0.10126787078802249,-0.035656696465942196,0.06116046161783544,0.09263993652845212,-0.03939865928217731,0.0042260903170369376,0.11725633060445975,-0.1343167662289851,-0.06396601054214192,0.30491543766241,0.03831660579467828,-0.06438232845625765,0.16718161848084165,0.060352754431467,0.0052616413906531575,0.06832988855389702,-0.12214739419729323,-0.1756896149556038,0.017024712284034876,0.1709489149247864,0.347334448031616,-0.06847233976630242,-0.09466100697515416,0.20881747540971896,-0.30423562864617715,-0.05534004335584137,-0.11760603396883168,-0.0881978920869877,0.10101795622165545,-0.14916000470372429,0.03115909871424029,-0.06820443630743649,-0.12938716205433176,0.07203162652049482,0.11962177739821146,-0.03964016206275308,0.04566238602055534,-0.10630307239316078,0.016098324466094466,0.15951010767956747,0.02118309824504031,0.41017434383838736,-0.028684140859655597,-0.038847591109408885,-0.01808869024043188,-0.18048049947810063,0.10084668689938164,-0.16510774134719033,-0.2987051177730197,-0.20971591892914976,0.11975869928774481,-0.08493931182354675,0.32061713943434517,0.14292599315030838,-0.023123049029988057,0.09937677416536711,0.1108442230656635,-0.2550315593412135,-0.08114991850253095,-0.18092098617216945,-0.1325948796637829,-0.053377547829155034,0.03501817935976689,0.13618032800964172,0.21787070350258125,-0.08224284287244266,-0.11989837584154353,-0.001061527110335719,-0.07010196492594657,-0.04192108467983006,-0.04402674196864216,0.016996867245572388,0.08657674374857682,-0.12147824106983897,-0.20711631298688418,0.03288285669199722,-0.025134358862834383
2001-04-16,0.028981530423252706,-0.08109916223428637,-0.09745580749395791,-0.09686108623427057,-0.020616901208161717,-0.05167591555003182,0.16998560869315021,0.04602103723054239,0.1641037168267031,0.2135510526825946,0.03656754347957686,-0.09685920727591632,-0.014523373972928398,0.15974121872263322,-0.18124327155681033,0.08879706701770332,0.21917768537667806,-0.04259500959685857,-0.280899006117681,-0.008783831567917708,-0.09820039620233391,-0.08272151056435864,0.09229608804916005,0.15867850045215856,-0.1709301735672286,-0.24196474443609892,0.12372939316376635,-0.057834428104901525,0.00893919912841113,-0.054487635108579985,0.07169545976130819,-0.02820288756173379,0.20586671430266631,0.06160161377272075,-0.08149658946342155,-0.108786607775933,0.0010985898804436833,0.042066659718278956,0.11693595548592849,-0.11642051344360575,-0.06995446472123952,0.05873611945545532,0.19617538268794651,0.22620763731099036,-0.09519537609288517,0.07230886843936365,0.05311715000070196,-0.0337943012159751,-0.0707316187437788,-0.12633399286222663,-0.009690043873422979,0.13345391891218614,-0.19925568179902362,0.10694939759265644,-0.047324839602164485,-0.03485796456047954,0.2524657986768764,-0.15955664680744067,-0.06262411549551157,0.019322038409830676,-0.2016098281707666,0.20748605354096983,0.14366479976574872,0.1852474609965466,0.1768500324596415,-0.020680288233667476,0.06709576214165341,-0.06271401035107306,0.021522097888899742,0.10679008116188214,-0.12865833898185813,-0.21647165839700627,-0.08141662290092354,0.025524693010307513,0.0019994818886165415,0.20684155432961063,0.05790387255278173,-0.11153890310468685,-0.030722127666221836,0.06258846474252071,-0.1903463143275975,-0.007637447750131154,-0.22776347682677714,-0.115641204014484,-0.0709536296174448,0.1898529361577204,0.040138947469300766,0.27982784136217836,-0.20465946096793272,-0.0565131922733747,-0.02415028479634035,-0.008598031461564426,0.03902296369928553,0.08789089666714368,-0.01826566299623964,0.05536313535184014,-0.011806998696682116,0.04389642724803644,0.09543931417661308,0.01170755914753745
2001-04-17,-0.03847452174494676,-0.09231766426638588,-0.1323483524423088,-0.09036137480612545,0.0043996829579596095,-0.12920839770468145,0.1108993101741381,-0.12977679410029314,-0.0022635601450798066,0.018328475197176664,0.0303334936128427,-0.12749345080856722,0.11974853765581663,0.1515859211185867,-0.20455942554823836,0.3339803006400422,0.1105852414142045,-0.036249896737312,0.037373616109496424,-0.0877300635408522,0.25954813002356353,-0.10903157805737368,0.2780501337665525,0.134779720309023,-0.196121308053268,-0.20414619086108335,-0.1247701175719213,-0.06373552514048292,-0.05317515214670835,0.029447626161791605,-0.06976147778231588,0.021781070814322533,0.2342748034985896,0.149761592123604,0.03971872791488709,0.03093168360766445,0.019113218599151268,-0.06158240193184061,-0.048141077050022546,-0.2682254768082829,0.08649333882441411,0.07466368687106892,0.17455556153736088,0.213146663858494,0.07026490822572876,0.06328198315636573,0.10501238319071536,-0.1840118432376381,-0.08256442675813498,-0.11231580821988359,-0.02782576650412816,0.0915582987799308,-0.1879775677276033,0.28806151183634415,-0.03021963340363577,0.07367206404418991,0.08118095345771249,-0.08981087377021424,-0.11577302379636832,0.12553123254997017,-0.023354697139655108,0.28893298468265244,0.2370381990820017,0.1779606620804189,0.2733396856704964,-0.07608459395190968,0.19056547360920817,-0.042942952749874946,-0.020037570214869044,-0.09948899655948464,0.08412419148480439,-0.3701871750805193,0.06233051549672859,0.0010145860532414354,-0.17321978737901955,0.2107471133157828,-0.11960105933121021,-0.058294598407402046,-0.10072229674156509,0.04458671349019991,-0.22508662192053694,0.0009275240933189618,-0.11313723620802893,-0.09514729852636437,-0.09266316422313381,0.21345515393221964,-0.03326422103933036,0.17145291374837915,-0.17048524356692507,-0.08377125146028779,-0.04702324802845363,0.016929385018540532,-0.02559652237123128,0.21416904917749877,-0.06955670827532297,0.04336970583031418,-0.03560282321260226,-0.1521400684404562,0.11222087214212294,-0.10338444672330899
2001-04-18,0.03677467361867227,0.04389473412775174,-0.11035545288860459,-0.05711955031672587,-0.08618857945695196,-0.11328330523329247,-0.08799698493990482,-0.6724778716651856,0.23734699322849015,0.09888410854796187,-0.017836997464280694,-0.2647965101398224,-0.009435267044574484,0.06312509060376713,-0.1298301551580793,0.43940155350092636,0.033418000951068505,0.1356718644150143,-0.07164078255742931,0.06242212721802707,0.34899892789696263,0.03695523343109001,0.36644936783566157,0.04762570313408944,-0.1433496721797474,-0.38396668053836924,-0.12040740073915368,-0.0658949008703333,0.05589515793865135,-0.09761788150952437,0.003581136824904828,-0.0025165906555006394,0.000565440113560734,0.1661925188920317,-0.07816169815542574,-0.13865953697861896,-0.14699950081084098,-0.029628632924389588,-0.02919355008338315,-0.30668755616120563,0.0013259630806898323,-0.08969258481638274,0.01339052395535003,0.3404661392299174,0.10705050749824259,0.14277370440567108,0.01645194747105149,-0.0022295023127873086,-0.02015811069124163,-0.04986621130070428,-0.15953485670691428,0.1875569685322199,-0.052365858566128194,0.28312081494267904,-0.02199250049664409,0.04187803314092894,0.21250084134007197,0.00861635148194345,0.06316287027526549,0.017272160951627993,-0.027663616382205977,0.28437946263271024,0.21240966375573667,0.08295594388381766,0.08218229374982874,-0.1079145524347394,0.15846934752638892,-0.090117914741677,0.32662361758234165,-0.029354603221088214,0.25981229798758015,-0.4655603081334937,0.023182347357728117,-0.13580470044675455,-0.05148211712229302,0.2368752394528112,-0.13087006842668428,-0.17206072561382757,-0.042968647574200186,-0.005271521203778832,-0.012290291440251334,-0.1128318408847614,-0.28752357655993166,0.19879928805470948,-0.0627439588171433,0.1371897086228122,-0.09933220330246956,0.1658589980455488,-0.038173006824635945,0.049218135659290334,0.025485135091655342,0.08041616499336318,0.08624145973617509,-0.011412480309398612,-0.09168024313985122,-0.02814737589652953,0.12126803913981696,0.016682989513248325,0.22651591153652806,-0.035726563141333184
2001-04-19,0.07001443465631499,0.015802203516707736,-0.042616636770932505,0.055136529165916694,-0.25695972469003414,0.05314126189793554,-0.023303770772436033,0.09884917087582408,0.2847861921053257,-0.013001973085041179,0.01599750436676498,-0.26687662534121515,0.02033276517361166,-0.31254867513128143,-0.15045150676145058,-0.25981299035085426,-0.13338724883607225,0.08311914860075824,-0.023353021393589295,0.04238520734470192,0.19052265601865132,0.2303695490608511,0.48488864660908726,0.2001386147545021,0.05630829995262743,-0.07040862320386933,-0.07841776049088389,-0.12085418469315108,0.0037234135197870065,0.07708895333314089,-0.12524301515748035,0.027171677429365246,-0.09270423159058891,-0.1384184591189927,-0.01716810663424038,-0.1331957582881325,-0.09649228739735351,-0.027009285259576195,-0.05352901002178074,-0.308292607228294,0.05341298125792873,-0.08285238583779672,-0.06266987281482415,-0.02133224524437932,0.1070505081665504,0.14477868353372633,-0.11021744010035371,-0.16367931952700257,-0.02255485878433277,-0.051575323472672435,-0.041908619505852805,0.1482107671221789,0.23689312036771457,0.1996034899116943,0.026382589098764547,-0.08693465415556412,0.25077271319282834,-0.008020422691701511,0.3161084187443911,0.05416221136764503,-0.09154478110243669,0.305300392704861,0.15838923909309544,-0.07023575748591057,-0.1677133558417907,0.20516740663132774,0.01759534230313902,0.04886547456445721,0.21152165755986502,-0.028679809275641205,-0.007143766011161856,-0.12844867839285268,0.1270026192419004,-0.1965999269473946,-0.092717963599692,0.19443392275250515,-0.10282697635537265,-0.14995500657293026,0.19373271610678294,0.11672070086616784,0.04194254781956537,-0.2382711705998404,-0.18103641276510893,0.27326513458668744,-0.09721796458633297,-0.0311154181512192,-0.06826149902451875,0.04320109311801233,0.11716010296584518,-0.04753621528334955,-0.08502035626137991,-0.004428607251993905,0.23448953011806642,-0.11228518114567064,-0.07592449466577364,0.19121614477013726,0.20155521513642186,-0.38776657030847583,0.190991365510375,-0.1993563811642507
2001-04-20,-0.08602486332111729,0.049432508859929294,-0.03155691628083049,0.07956075112704022,-0.11332610103741945,0.0798917998727321,-0.00968506778754101,0.34324569337534194,0.1247743519205098,-0.026362872777523628,-0.07919557775119761,-0.05003046928759498,-0.0009854172329970842,-0.16915812959465232,-0.09384758687512872,-0.30181999996852743,-0.14513108199280994,-0.03522617415480037,-0.1338829340671471,0.26441033570532035,0.017140106262634933,0.17960814130452815,0.3091191036396253,0.10519270046308671,0.052612681695889535,-0.07589215780141757,-0.1473683543125901,-0.020262013778552277,0.055716722490268066,0.09791879419417056,-0.2186207366975847,-0.07342111283979186,0.014715765024366192,-0.16358317541772485,0.1948620457377446,-0.09684296980202638,-0.10428527727431067,0.005998085671351367,-0.02151198450390041,-0.2415605266992011,0.07910883083481933,-0.1478001176115674,-0.018679277250837692,0.047118096261223735,0.0005340735571843594,0.18438694722607052,-0.1337384130438701,-0.1353088214661233,-0.13636267377953912,0.06438337688264324,-0.1256910117113604,-0.05398554754185786,0.0180435770765325,0.20278803740568047,0.020010245387033707,-0.14868482742058917,0.062055960407490514,-0.08463360899418453,0.2552722260703194,0.14283089105125607,-0.2920451429568503,0.23761171063667794,0.0071425646308943685,0.11359440567022894,0.002647608541050704,0.07187619098573976,0.10712721540365858,0.0011492720736699033,0.15430331730875424,-0.010746680698525623,-0.08834429841902156,-0.020610407124748164,0.12437557245992117,0.005565357116264484,-0.14488514609098532,0.12402812657669947,0.05488902647142658,-0.05059510402915175,0.23349752678851723,0.13345690936750831,-0.03638221550615558,-0.05545337288779809,-0.16677882353125292,0.10314174638997069,-0.17071432541151133,0.1780585133521944,0.049165266544968285,-0.03201500274316753,-0.06147955056347,-0.031273658616941265,-0.07157387968976299,-0.3040202076295193,0.1607512272866271,0.08047466120542639,-0.06453462858491474,0.15912192837278005,0.07309845795400842,-0.19774088861407402,0.21470242461982958,-0.07193732541464336
2001-04-23,0.02276731974443424,-0.1350866399441748,-0.008981644057473346,0.07659427951423062,-0.15460723749418212,0.05020380687060103,0.11341288227672648,0.010717306658718817,0.08070949647674797,-0.11546462518614746,0.06377040005796772,-0.06035082424443925,0.05541852751768544,-0.12634950799297348,-0.17319968291855953,-0.07953586231430357,-0.17715896480145488,-0.031165661375210364,0.0783189340772159,0.18240784622026798,0.020111128964424532,0.002355666353222656,0.24275681129987806,0.3203928286281384,-0.08416900341710039,-0.0915397438763992,-0.07255778215616474,-0.06886744445474531,0.19417800095395496,-0.03559812005537591,-0.13997378745628217,-0.04296448408665522,-0.03166297959804147,-0.07601732662098308,0.07186565450337273,-0.13209755582750285,-0.14292641097942285,0.03320742135690038,-0.028081029265899688,-0.07239946510883875,0.09101514108078741,-0.1497436146462232,0.06324708343064148,-0.010329855772917814,0.006001604451765789,0.11308359571390741,-0.133646085043091,-0.004379023595294359,-0.024008645107878347,-0.0084591027884252,0.07676675833123836,-0.0914823185739674,0.006151726596254167,0.18658952518397293,-0.005206704486730587,-0.07191292859619963,0.1846436080017107,-0.27218278806160456,0.282399308805825,0.028261037534662147,-0.1952804126525391,0.27591889625784377,0.007142745278076903,-0.15188578034856257,0.160384573609136,0.2722027373636714,0.08824163580111465,0.12253700618348992,0.11444875384560547,0.01881642198735851,-0.08834433446241541,-0.08465577079993167,0.19449396563787752,-0.03275288907246912,0.10942789109985271,-0.010857446630754077,0.0694305707057758,-0.07010609054087681,0.19777813429521904,-0.06542502130156662,0.004752529099026358,-0.12008763808584483,-0.1083746452512177,0.1259014579412493,-0.12393872535811848,0.19834724758451372,-0.05783650134786539,0.1410420373464097,-0.12684047226863301,-0.04823195776946937,-0.09706047343449072,-0.16449059500106653,0.10798300108822396,-0.018195917093511628,-0.10934649533309197,0.08167536904459008,0.1118325300920732,-0.22658586622868077,0.18211871996700726,-0.06420942599722558
2001-04-24,0.024396830050192345,-0.07050217592589025,-0.0677652704886369,0.07577951935821543,-0.05410655772219621,0.017746753419870726,-0.06876895458968914,-0.024582569285536714,0.18427767353520388,-0.29612187688029207,0.17340637047073895,-0.046829284034820416,0.1040428634413249,0.05343361316203847,-0.2654350162425912,0.04849451090615488,-0.11807714124963338,-0.01281127348914513,0.27282313067969016,0.06247364788509714,0.14046497130950156,0.028298496324132876,0.26799678493759055,0.22282643984471984,0.005678470978052303,-0.3699551297055262,0.08760111052956694,-0.004719053803972736,0.11222904020741095,0.10113781007447144,-0.20017559980068436,0.01742050531238905,-0.08896041546443949,-0.1946588536719624,-0.039757278513441796,-0.3090222257156997,-0.2578231238071522,-0.07031227678444418,-0.16901444001945898,0.30249286636306083,0.059065460809982685,-0.22211685711483647,0.22523259487688177,0.11811359886552605,0.013945626734493188,0.08943179524576697,-0.034585559755776166,-0.13065064633301396,-0.015907473915482192,-0.13625785981907448,0.19304537038884556,-0.09668340895388194,0.01594948400056212,0.06101986191271951,-0.048677064411836106,-0.3583679341797816,0.002740201954315861,-0.27218279838079773,0.5386238897603308,0.06816147196619364,-0.32287186914117416,0.21843243683957206,-0.16183284420790206,-0.2128500324869626,0.1762299884094422,0.33988345827731536,0.21279634777003748,-0.021358777084945862,0.18912789687307963,0.0667612097584565,-0.21784028790811105,-0.07650783473717676,0.44239718362393526,-0.03492659605199302,0.14898924726112242,0.04142834583945427,0.021103197433575263,-0.12262795035013425,0.2375055047461089,-0.10378618257154532,0.30890241310559674,-0.045905955187872056,0.040275393972918884,0.2886557804178163,-0.1968477501567186,0.26423555108811414,0.08027476524030938,0.29828233725910086,-0.24317373807928505,-0.10515430086913768,-0.05832780704453236,-0.16778697673176213,0.08032555094957045,-0.19676903740295554,-0.22963551501992083,0.1397101272539925,-0.011326093942273746,-0.08423106083425365,0.36874959919986466,-0.21827970634768024
2001-04-25,0.06289846657859255,0.005695133699355545,-0.04455925826766942,-0.007346939688421064,-0.06524260655391009,0.15564108931227624,0.03366498705966637,0.4483096212100689,-0.09322032288582699,-0.09344824496398953,0.17469767016342835,-0.11857271458111954,0.3147360006069932,-0.055209517824990326,-0.24498983698118035,-0.3064693413654638,-0.1825179641237019,-0.14007439134829075,-0.1033302528565191,-0.22864636414745518,-0.022080430997901725,0.11662261192274857,0.13511062014639133,0.1686261788266324,0.1347814667508818,-0.16204039521935923,0.04857716567046538,-0.06579078778833726,-0.006805793828137898,0.2627695273715382,-0.16535366451232825,-0.013647298281033705,-0.0021510487364614778,-0.07502915510031899,0.08471249154463657,-0.3380488461175466,-0.10278763947587288,-0.01907620770103177,-0.14581714919766983,0.06680162395049856,0.05664011590314213,-0.198523710602545,0.2125362890942594,0.060854514619527254,-0.09954663472943141,0.0531359774392021,-0.009586276420829768,-0.25942511088849196,-0.003594750988298027,0.16912435918872823,0.12447555008781443,-0.20687756038633948,-0.015490395671856816,-0.0789981537976554,-0.10126171938599625,-0.30170545202948934,-0.24396821606279132,-0.12803821005959432,0.44168054555478103,0.01859556080463911,-0.2700563203345484,-0.006765698621309962,0.0775721535483221,-0.020726940758172833,0.060556911867134744,0.3425439664691921,0.07496458603586108,0.03875043371831789,0.22646061278165647,0.041079603522207186,-0.3093685434125901,-0.09400250197555284,-0.032981011290130535,-0.03492660385242601,0.11968585317175462,0.09127373828102549,0.05422509263157396,-0.23005980969594178,0.23750549200244112,-0.14419296136884907,0.17195780802311939,-0.03689700917048856,-0.013261792918084344,0.4095980371977357,-0.09870244162216853,0.5458236298960393,-0.14915823416313348,0.1070961939953272,-0.07847225474619474,-0.02165268375962484,0.028945265512465724,-0.18409487923578227,-0.028306540011847188,-0.10902465982679896,-0.15582804651681706,0.10183750298703118,0.012583270472310872,-0.003560018937057805,0.7520240099198997,0.15898765982461463
2001-04-26,-0.004438596533656195,0.03651939458861448,-0.04541013572142737,-0.05793431840048644,-0.45318759390506735,0.23453493102797135,-0.030832126714296363,0.31170126017601246,-0.1255810075272093,0.04428592806568824,-0.004420995711300438,-0.09116193591992966,-0.10870709452257032,-0.07232839002860315,-0.24799297663936268,-0.10287462534721409,-0.13112490780387845,-0.11137045658573534,0.26226953104004813,-0.2789940860317711,0.1861223108843114,0.19806114269718433,0.2743191826761157,-0.01713078503145765,0.32468612849234924,-0.10559056300925365,0.09527825431343519,-0.1522899989978196,0.03341411890712351,0.1540151487293477,-0.0882285517885179,-0.0197341223304258,0.026996769313685113,0.058174293790903636,0.008421915591551884,0.016274542358284756,-0.21930142064617586,-0.05452349138130151,-0.07054332069913044,0.19851668995453697,-0.020725380112321754,-0.04210417176616288,0.2978038147109536,0.23373795910137554,0.026620448772179454,-0.008213329412950466,-0.008400232680868874,-0.18767889334287755,-0.07611650091400672,-0.1334364330765896,0.018102058850412103,-0.22370556797514593,0.03746308197569874,0.014948813973619687,-0.06959033829891795,-0.001913247698091381,0.003838891552411162,-0.20879849592708505,0.17480687355317542,-0.17660409957627204,-0.16176694568453026,0.011015384642173482,0.0881062057354642,-0.05639342378926818,0.29691330094249946,0.08767205046194061,0.08067576811724754,0.056092581309702114,0.2904274253767851,0.006078781126664197,-0.2564513099527716,-0.05764208795995808,0.18325914269985685,-0.05538253591735041,0.06956422992455705,0.17177206583097177,0.08540771214431135,-0.23104119295909215,0.10156934641460341,-0.1059597517983049,0.04763692702017997,0.1004003489716391,-0.14009827562635863,0.30086782569266457,-0.06207362173588371,0.6739455241053867,-0.24689159435607835,0.13818492287036233,-0.21673286362094013,0.1296742121402651,0.11542667511274218,-0.40150445544089136,-0.11097290424083683,-0.022654820291493453,-0.23800097722275348,-0.00637390583820369,-0.002851129246761533,-0.03560894191770337,0.4679876498888741,0.014446250960038817
2001-04-27,-0.024758881603262676,0.049615656878143614,-0.13759343305601393,-0.15179808247029958,-0.5321602840421109,0.0961494733880415,0.09657283718592742,-0.12848683241998865,-0.17931605548585616,0.3133869021331121,0.20232981657353524,-0.3915757840619843,0.03652204982768572,-0.055194614536098724,-0.3385855325515568,0.45125228947593743,-0.19286486114429885,0.09063929502589081,0.3780608197505745,-0.5367491470909562,0.3913032161036171,0.13648046055804583,0.24761817267759104,-0.13814187942702638,0.14308646725496155,0.2340575594331958,0.09538703836593304,-0.04724626225842231,0.17209290604627098,0.0019017796202141462,-0.09275219344999928,-0.01752315483775564,0.17304362592059397,-0.20467566523986055,0.05725848298970041,0.35198102837714773,-0.1118322121265252,-0.1052328593763467,-0.013594356262178746,0.22850249587131125,-0.08515777660029933,-0.06455581066966432,0.24694514926686495,0.07028683415187734,0.17671627018948133,-0.1360801241029372,0.050066690876312055,-0.14642431639680098,-0.01694184287860788,-0.1986936959079053,0.11756809650610466,-0.1531658959155275,0.3146871427049408,-0.03027915129606197,-0.04808476406511702,-0.07441582344602145,-0.04233300986213229,0.13728067703408559,0.1520287289527279,-0.06080464533101641,-0.05493858681964767,0.1321329652401584,-0.026189982379349976,-0.21508372867973835,0.2610360509935258,-0.024276658879525338,-0.1955196128280152,0.10462236720519692,0.18573214808799973,0.0925541800739364,0.12259147064708754,-0.19725282280499185,0.027405200733271934,-0.2272226536855396,0.1274121114404413,0.23567654350292896,0.05374195900972652,-0.27551134914609776,0.10080449268984103,0.05891330660997108,0.052403071296863286,-0.05676191936568127,0.10316046909574224,-0.051209925347615745,0.025681227300457837,0.5504000263431181,-0.22461222280891602,0.1682897643425483,-0.028586942406303325,-0.03922797847415656,0.04959176134640887,-0.7326985592382729,-0.40617666562487154,0.180926916916018,-0.15255043792378664,-0.007721926418411829,-0.03539691860252341,0.005735235030550451,0.2788760365280267,-0.042586784070842154
2001-04-30,-0.08750953305239727,0.15998456627396435,-0.10324703718579385,-0.10245081670334406,-0.17733885418750336,0.06308038753007053,0.18681163168063603,0.03257312803738068,-0.037119326159643924,-0.21304168512943922,0.08755213483591547,-0.25699584317422397,0.012952590970547406,0.04877562456218868,-0.28966039098079727,0.10483576445920821,0.07594864651454489,0.06608805763379044,0.28905054467880087,-0.1574448975346622,0.1890111433291178,0.05551704049858669,0.12546628965784132,-0.053430148776340766,0.0315975875513145,-0.016216519828215967,0.02941868125454312,-0.0766300866861069,0.06752427171521727,0.07260204933360415,0.04179527818579693,0.026183723506405465,-0.020477553700232052,-0.12914244327330948,0.09667933160037596,0.08782604758373384,-0.08056645647815727,-0.08806727618777042,0.08319967645117163,0.15719414086289343,-0.26144240719009676,-0.061678247435037116,0.20011363178855243,0.19207087076524298,-0.06728601068522641,0.20376387939118318,-0.03312749735489601,-0.023132316388587114,-0.009324437043925327,-0.02754782934422786,0.11759086965607221,-0.20929559063125053,0.06896840314150714,-0.3042124313978047,-0.031651179908555205,-0.00046340597276524597,0.08315930596320666,0.056526580385143334,0.027708807284950582,0.014110033384500014,-0.15382909172413434,0.12926484101299887,-0.27362343535492883,-0.07201332756524224,0.08509537701301233,-0.02427666386154588,-0.009085001983222088,0.08587106682330542,0.1507370237971834,0.0319397138493112,0.19410167019722782,-0.1618985291304372,0.11588211013903173,-0.1218069307057088,-0.0867052177768463,0.3056260949179051,0.12823627517016967,-0.10326282756241022,0.08934990447550295,-0.06469311587265085,0.10624267033428098,-0.15722065532322438,0.2789178906938635,-0.013980449875615968,0.09418690685048198,0.3412683444647949,-0.12366821769077355,0.38929673201070125,-0.22911406964651923,0.0702131927768731,-0.04543789741662833,-0.6321764688345862,-0.5077612032713983,0.06744470566122895,-0.043236695253292864,-0.03180409328170297,0.09607854408277842,0.14763503682378587,0.3109293053203068,-0.001152557355753637
2001-05-01,0.024960722267633986,0.10921973940129433,-0.03262684613512199,-0.03954612181606003,0.07924193296552406,0.2592543678526042,-0.029432393263838716,-0.20350290226428275,-0.17389334048785265,-0.12185696628819943,0.09973014668862121,-0.23050902286981617,0.0798788446190135,0.04312220502474771,-0.11569265083010977,0.10453931972530732,0.006079161349947513,0.04398199737968941,0.0015422075998278645,-0.07223667026995383,0.2641160055026848,-0.06118445905243581,-0.01553911655104982,0.012134371950494754,0.09062963777285615,0.12630314464031603,0.10845951975034904,-0.09871788934530208,0.0037574105961864328,0.27726228687540133,0.0998237508473898,-0.02700006943655977,-0.026006654133801585,-0.3863488679288873,-0.0053638512707530365,0.1318915870615837,-0.010197269792167259,-0.06668975805684292,-0.06917260838643143,0.22043047863413942,-0.2322987569952089,0.008711527160804453,0.21801461561782823,0.05713776216098184,0.07343734151821564,0.07508163041977442,0.07971192902376713,-0.054712324631000765,0.004409442545085141,0.09156703742280407,0.10553390949635567,-0.19483586490311916,-0.08711006671825282,-0.2277669363170563,-0.04595638049820596,-0.005249280591009232,0.034550018205873896,0.007787242922524698,0.12355554581295831,-0.08146951636004983,-0.051634412851339725,0.09924505727964934,0.023735928487056978,-0.005329290496251455,0.062451420884035214,0.17877290850400532,0.07288291722205877,0.08940493140219409,0.2047979473586538,-0.020465156707150777,0.07325766946655048,-0.1695821234751119,-0.1833415798941145,0.14528741383126134,-0.038118030485169214,0.1901618340155527,0.21584712900646785,-0.1524928863779596,0.11945290927008549,-0.21154784520717648,0.12447287740963797,-0.13115449864057177,0.17130387404286132,0.19238921668373532,0.029270502289285356,0.2723001511512612,-0.11888628631554597,0.3964352736543218,-0.22305010108285447,-0.11349153524970348,-0.00670919053303597,-0.39878039877504057,-0.45109193826516536,-0.21885127210546204,-0.07653580329713587,0.0007810836423825295,0.1262005042913171,-0.0980464751982247,0.15055874604071792,0.17614495761333027
2001-05-02,0.024492896217009497,0.03971698882718122,-0.06998776251731499,0.1678147836976954,-0.06153186058073812,0.0253655506553843,0.08296187844559412,0.026697568219475776,-0.34201799092075474,0.028517654669115027,0.12003181027765895,-0.16205832129113534,0.044906086053506794,0.03955815048858325,-0.11322957111689497,-0.07077716356702221,0.009247634211898177,-0.12752425350712565,0.03406388829732342,-0.038957449645874026,0.04976195333226634,-0.08738670316069942,0.01364555270922291,0.007525230915672286,-0.13164601124261777,0.023816957652397983,0.13282369092188007,0.020660107161054535,0.1379094185650953,0.08019061129727942,-0.11583920630262616,-0.0942020940029968,0.15576144441672068,-0.3075194471599413,0.06306809601028332,0.055857853775964195,-0.054904981982015606,0.021753905280412537,-0.027333740465060152,0.27461419433833045,-0.24082523235189346,0.006294264535854128,0.20895387423441142,0.10203838692928516,-0.08971458851912444,0.03714078265864013,0.24675333741858027,0.0029307657785278074,-0.016231457917442522,0.02974939706559203,0.1169530937151162,-0.15732297269722534,-0.011667013820435862,-0.20465456424612816,-0.03198744576257148,0.02239050136528556,0.20083467863650795,-0.12378716163019976,-0.09917434129532611,-0.1623191457601707,-0.03969137686723426,0.08749411656786334,0.021144767760934515,-0.054753874569490976,0.31113110807885636,0.1463844073699614,0.019600201605083474,0.17964945746229147,0.14224677952616271,-0.032631313375276506,0.24066020920466974,-0.04656314768316527,-0.18579514031568695,0.11409938035187805,0.07663055181307983,0.1310621106878989,0.10614295251899883,-0.18551258874838375,0.11481751856469069,-0.10471050507344029,0.1389068664620862,0.013427878577950272,0.14922809433024278,0.05546736118376763,0.04387576521931834,0.36131776872885685,-0.1706802963854942,0.18723304269059757,-0.23023970770995072,-0.010289969763009867,-0.05567873402998187,-0.29927928130104153,-0.2727956771775531,-0.09636347441488138,-0.04692291737702212,0.024817826323313398,0.0018481038341806074,0.026902267422276454,0.3161203642704419,0.017757297708631777
2001-05-03,0.020392453260820214,0.1323892658329788,-0.02696067709822501,0.08452657596435774,-0.01106072689384405,0.051739560251584674,-0.01009091931217119,-0.0472806164582535,-0.29736954300226176,-0.08443036285320732,0.20500805767015384,-0.25591104442368684,0.0175076246206588,0.14632781556317345,-0.13657504754993632,-0.04961740008810733,0.05780657388351765,-0.13780633768876674,-0.021233377692987148,0.1444529567143647,0.07070524096563045,-0.14235419322109638,-0.15569331392104416,0.029214026460918384,-0.11091116853709104,0.19196254889726472,0.12856963122633355,0.036751511759288445,-0.012450396978392085,0.04705288043286994,-0.0023414356554461997,-0.0765185920254689,0.12527598181564062,-0.20390866208423408,-0.04692393173038987,0.05970047579274241,-0.034129863795849306,0.038562954099307975,-0.04762177453080322,0.16638135194551149,-0.19344081037353195,0.016307806388492902,0.08342867284392415,0.13434070648049637,-0.06907870296511007,0.08395728382648088,0.019248574517478044,0.011741450654766911,-0.0571006885285039,0.043893884123753286,0.17165094621033444,-0.21827473670954442,0.013015353232891585,-0.1564737174207881,-0.023040980846353545,0.03515808178562741,0.09716801533222014,-0.15357510537096436,-0.10224108459196947,-0.020270374177066366,-0.14482989360185552,0.05521829480298585,0.39522367933045044,-0.12842784530787066,0.3017616081882396,0.10972320717786974,-0.06714383065508539,0.09864361388555731,0.14772089003266806,-0.043000306124850875,0.23885719547300946,0.009851881288666101,-0.2617432415673146,0.12269709851944359,0.09398147050888643,0.1597617243084455,0.051604389984137855,-0.16458642921614736,0.023712884454340107,-0.08630562976476472,0.005347446129041665,-0.07413250802807456,0.12965095362957285,0.014624137755558575,0.08005879512632981,0.22204471971650466,-0.1305399127738652,0.2914291724705485,-0.15866591950698475,0.03382425637028665,-0.1308126084078951,-0.1720218122228023,-0.23842489979967627,-0.13281916772698782,-0.016959454763569092,-0.03219900263527773,-0.05547857227491508,0.05115049317627886,0.20318444429833923,0.0699842238894546
2001-05-04,0.011566532028259512,0.04240711678035577,-0.020065629196614802,0.08867962107156978,-0.06837758091028609,0.03466423244883886,-0.04831936855553387,-0.04728063025589967,-0.15477667394888053,-0.16204682905693701,0.1469744275056559,-0.025113949487567993,0.05884317629786168,0.16791834023803698,-0.00800984439470545,-0.04358689744149062,0.11771437514646421,-0.0965696845016559,-0.0023959209284814395,0.21988712067537086,0.2050524828760034,0.005229096530331469,-0.11944295128575415,-0.057669294447969276,-0.062129646039090165,0.035379577626051845,0.10361213448920199,0.0005811751550735341,-0.19870478177939532,-0.05716409835819604,0.09410544212017179,-0.058855524977573515,0.10856786343499647,-0.1201008958952206,-0.026659449221072978,-0.176144543512038,-0.07013588210357345,0.08206800895807181,-0.08971121626555228,0.17592298753620841,-0.08675036305104433,0.016307802156197017,0.10470388051818846,0.1892156758218056,-0.050546362938096806,0.11634549330576395,0.021027027432307777,0.0197081254283675,-0.08146032972784374,0.03792960159960665,0.21456652970163254,-0.16452983902844442,-0.16506290066599005,-0.030284567057764125,-0.01248069989544299,-0.1354304326538461,0.009431732353821193,-0.20624660017040086,0.04266879938999062,-0.08425431243630936,-0.24894965336677127,0.09284497452833207,0.35250323604352457,-0.01306642561579866,0.22023499682110353,0.20675633933416107,-0.0015682982728967571,0.10454688803330568,0.20532300693485067,-0.043000276935070525,0.23234281459946876,0.035203859716775844,-0.11775465383257865,-0.018252698856033416,-0.007616566951614415,0.19488135707175444,0.19160052931999721,-0.08083901308107105,0.05885630171722513,-0.002577091881011377,0.08045638332651332,0.03629150411818293,-0.04153521313200449,0.006979270619246958,0.1411069591065386,0.3062956186228398,0.023332942983720174,-0.2501943316202295,-0.19593710273672804,0.04892770946616392,-0.20036809558733826,-0.3159149643806216,-0.09493521988122822,-0.10243042365276753,-0.06671395741391956,-0.039589473538396674,-0.0446247298496773,0.04002203796640524,0.1733059116599359,0.14695275964900906
2001-05-07,0.03995565789577892,0.027762522167649444,0.006346000518041981,0.025417128348467273,-0.07221094750054144,0.13837271169647736,-0.08138849138647218,0.24723073413754557,-0.16771466887187744,-0.10704827632888328,0.08182032896301984,0.16354699630321165,0.09217512032513848,0.05883850514398885,0.07658229529137084,-0.21144742525696372,0.03452139093131217,-0.04869315865022,-0.00867822591486897,0.12817296146038096,0.05417120983480183,-0.058939037382570704,-0.09755463647015457,-0.0074311604929691065,-0.02211700917904816,0.22952894184091954,0.08339201221170267,-0.01240043125565172,-0.11243259554772113,-0.047136590023136866,0.06061947534601788,-0.05450778977684228,0.08953527202537268,-0.01790374557259727,0.024222572357783387,-0.10902467953466688,-0.05706157867365651,0.09937447432314464,-0.08235546856070619,0.03956360165043413,-0.00814586110020386,0.07163061873739508,0.2764111233691041,0.1384199489994704,-0.06982577439801227,0.07037327745965226,-0.09098085264429208,-0.13582373374407458,-0.1176571742768946,0.010259474559640337,0.18850448123944527,-0.17398076034166143,-0.08080584994314684,-0.03888524059135961,-0.03747059999360559,-0.1354304339113106,-0.014937426697641656,-0.023660312933675036,0.011213949938786076,-0.04467120157841394,-0.16246437958921311,-0.0008463364062179103,0.22940142746555098,-0.0749394193749677,0.09253735515368366,0.1347259635202605,-0.01795148732073108,0.1305638787877608,0.0446455303090169,-0.029011499337218617,0.1680473411999385,-0.0743486994335946,-0.11854493756806475,0.05640085046029411,-0.07799853362611565,0.11754269793369262,0.1790496145370558,-0.06761883475452582,0.0212407289542639,-0.05007883116924297,0.07410600384456946,-0.04931628306941526,0.07537307934207271,0.08164352209894801,0.09758334234997441,0.13183263048658364,-0.0019424725973913926,0.0033216395010649486,-0.20833341822669638,0.06393841991716324,-0.1568861699796778,-0.18830568513563112,-0.13861790538447513,-0.04903068459945815,-0.11451707025660923,-0.046234553862732716,-0.0870448863096157,-0.020588391527007907,0.16602009400507248,0.019820348150883058
2001-05-08,0.08391737800548156,-0.021939542281394175,-0.011457886409375893,0.10720799172378245,-1.600242248229374e-05,0.11799878072136305,-0.18541249391742246,0.25642963568708627,-0.24930050929702977,-0.0026223012249162593,0.032097746107839914,-0.021922441925869982,0.08487648045593375,0.03623953894816686,-0.09627661134107408,-0.0903366897484774,-0.029843859015521234,0.010678549112241172,-0.047180041919720056,0.016166893504307445,-0.07957718786708419,-0.054235599043617376,-0.14529140467090873,0.00334020342704545,-0.06512255016649719,0.32835274762791594,-0.014888037845993674,0.09684084994196787,-0.03330980616396025,-0.11329197423970026,0.022682668877981264,-0.1368108215066755,0.06267363865715903,-0.08625896063497386,0.19283173561548508,0.016609716771644863,-0.02661721294817285,0.08382508354599762,-0.16601386353033618,0.11695142149774809,-0.05364352627167373,0.05182877575350872,0.18216477107284768,-0.024965008999308286,-0.048391115757683206,0.025229264388279014,-0.01293303663680631,-0.05660271302068191,-0.08534537046018013,-0.14521758192666565,0.11171629683843444,-0.2062894196239524,0.1732842845094963,-0.009823952892537222,-0.030865477566314654,-0.03491036100387659,-0.03596114784800566,-0.036865117927857495,0.030923317266809185,0.03604286956994309,-0.10239510229055512,-0.05518245080126634,0.5393647077391841,0.13705412103258216,0.13905402341736806,0.12397037586676384,-0.1100402364252603,0.18162433357200045,-0.005067574377428792,0.116335855898251,0.12089779309262723,0.030214589697454764,-0.2124652987019378,0.13439959448186548,-0.02152641169217487,0.06944732740018277,0.16437554939138027,-0.0667056614184096,0.020445974810122912,0.015977099500879,0.22884048669611845,0.09022251776618392,-0.021833069853083056,0.02521564868365039,0.10636529060514983,0.24166549803586992,0.09088043567662203,-0.1941855043668798,-0.09318583182924692,0.018779087311780112,-0.0933785389194214,-0.2599637815095491,-0.28240720918975426,-0.072641682628302,-0.12499932651370238,-0.14520068571740719,-0.10258585355950652,-0.16236890987255467,0.27453753800880765,-0.049552205267384956
2001-05-09,0.1644950147161314,-0.06414009045814321,0.024866644095734948,0.1072080299032588,0.12157145493449399,0.13133957395445806,-0.18541249684468342,0.23620587185313763,-0.1550508932869916,0.07346977681262143,0.0315091038327184,0.05472518118089667,0.21054207781656428,0.059070134025729894,-0.05036544134022932,-0.050436939348184225,-0.11721230745995448,0.0987465550247936,0.046279170087591144,0.05107582225153569,0.04061253944835303,-0.050385310553207455,-0.23076819299262316,-0.09184704849568724,-0.060416682593625017,0.25103412726143254,-0.028282923706168334,0.037648553526930445,-0.09521535847089818,-0.1237253472389962,0.08207718130768399,-0.03751298962834383,0.03463800265487128,-0.132875707691962,0.14223769568123734,0.06770238387657439,0.04890938887210522,0.013318977877078954,-0.06974462348405298,0.08081558125803055,-0.03231819313250784,0.051828762389668805,0.01930905275869903,-0.10114241792269152,0.06086123777354056,-0.06736873507689604,0.16214620104086283,-0.0558885489940195,-0.08194754304275326,-0.13763334556090337,0.10495887128943476,-0.2233513558069705,0.17784326654578006,0.007732470977497809,-0.024547938864478244,-0.00983676859942199,0.09774371301558457,-0.21080421533335197,0.12498821709488973,0.056123578978753925,-0.10161220638848799,-0.05518245182111828,0.31652721417920066,-0.0027075407551958326,0.09986601516201694,0.17056337658349863,-0.06289154433200835,0.082727597367318,0.10180815797120733,0.09841217909051984,0.140711345487939,-0.029319313305626787,-0.28267566717023535,0.04802611734410351,0.05156919688793377,-0.10843652378500317,0.07024822658245941,-0.10092440605617398,0.08765557995825239,-0.10587255409254781,0.1223502221261423,0.10566622885590585,-0.07661419143992768,-0.1446071239683456,0.01429763038300916,0.17233051290284468,0.15166478491340402,-0.06364148346493953,-0.009614891995617754,-0.12398444583721836,-0.178261265208158,-0.16013924450436662,-0.31231913400286815,0.04254969657238809,-0.10246004056823246,-0.0767919848035305,-0.14142677524613484,-0.22019240919318644,0.25903869829003356,0.09053303592047478
2001-05-10,0.10157959251880735,-0.032878832833470484,0.0616519394167277,0.07156314972026685,0.10178594042352633,0.06675007225881548,-0.04112227864275894,0.3283073194984545,-0.34239226358719066,-0.07391781020803981,0.02092696014141905,0.13063413451537745,0.21501973551291495,0.10154755537906097,0.07930187752643969,-0.22026391183987923,-0.047431907603897226,0.09086565537579391,0.023707187901444514,0.18446336106266495,0.03201101684354386,-0.050385321171146,-0.12779060990024638,-0.16877844221270968,-0.059657258080459415,0.15421220991924373,-0.04825607962953686,0.045333132477206856,-0.03021348022667954,-0.03642450387336636,-0.014936600752468195,-0.05975570498990536,0.020354784813590085,-0.01703886440574215,0.09861291860684919,0.18119140494915387,-0.022936256233584924,0.12196138039631158,-0.08807238089867782,-0.027050615677728065,-0.09160124330196943,-0.076396533893892,0.1243039592932942,-0.10684024537618618,0.04354070182101838,0.04700037053007016,0.15043710041173308,-0.005048059355555146,-0.04616807648710642,-0.12072146877635821,-0.10673552057193685,-0.20138337125570116,0.13464290671328422,0.02325752698657587,-0.02006573398517792,-0.013948603460795938,0.03698086702025099,-0.2214955447192741,0.11546258676972868,0.09143809736538551,-0.037426518523557085,-0.03896585772552598,0.20272955278816773,-0.21732969459509066,0.05076941229981443,0.11303725229454653,-0.0709409904364778,0.04844163886254265,0.23100898959402932,0.048317213142472656,0.4108153076133034,-0.33627477934620614,-0.26644297899901925,-0.00969277319806639,-0.017020796352574825,-0.07248965180945802,0.022724629840166422,-0.13534224319096144,0.026824410049774695,-0.17441410135131857,0.12371551815735171,0.10342360662168384,-0.09088848835139665,-0.2739652101770184,-0.02531688142160693,0.20899241956360934,0.08618778703056337,-0.023245928688295007,-0.09075874331889416,0.02406202396040909,-0.11512125184145337,-0.2034241912786135,-0.22446698439422372,-0.06399394635915319,-0.12308296880620992,-0.0762417588265479,-0.02552468847074667,-0.14264116120803325,0.31718733398502047,0.19241147385624494
2001-05-11,0.17576954655652124,-0.11360190304373691,0.035266722892625064,0.26363285518204815,0.17145364006379468,0.07153629585150187,-0.19036427226827582,0.2855219986887008,-0.34415182496710534,0.14588452941651203,-0.02969410615098969,0.11739236430341514,0.04502687511992006,0.023657150521682803,0.11253367655182726,-0.17967430048540672,-0.0932831684071875,0.1123717326657518,0.06709706676573594,0.13479197583331654,0.11549101583185194,-0.06602214957285416,-0.040431898617837164,-0.20656239488881897,-0.11114380022827744,0.34336177842098803,-0.04226051314810125,0.08881125750446588,-0.07480996824774298,-0.07046085073724351,0.09156895164963355,0.004091809472713073,-0.1471788908947642,-0.4105472694154953,0.1301916869867818,-0.10661817961003142,0.08790715423340364,0.11284232710974121,-0.11458289864184387,0.08047037899530131,-0.1584435072620333,-0.014652641039776093,0.40604239718403373,-0.10684025716544955,0.21146846614336515,0.1656848098746733,-0.029100937443335292,0.07813445837256228,-0.015250126724467565,-0.1308621675952083,0.14340864573240836,-0.16331028486776789,0.15758433186843807,-0.10770856391103155,0.01691230476628119,-0.028670507564785577,0.0326136425592611,-0.31759915849944986,0.05545684705840505,0.05343502198759122,-0.06485469631658677,-0.027355465050293463,0.048969781682310524,-0.07967138675970598,-0.028638855369125964,0.4428355229235015,-0.3006764092929204,-0.06387621785157767,0.2042972483782873,0.0810373078349562,0.18447492440549051,-0.19229194496015928,-0.3503373241429405,-0.22194395175007792,0.09296048499635678,-0.031103288323273835,0.022718523551260743,-0.12319133212540562,0.09582788681956961,-0.2268789928029794,0.22393546077596566,0.09796421517022652,-0.057757430543223486,0.023185018865194768,0.03219460227063565,0.20752446231413443,0.16971214088834743,-0.04950148048151769,0.05967072421303478,0.13854227611392242,-0.1522645299954442,-0.14713873318291362,-0.3519746629900626,-0.0796577584077824,0.04012753006006603,-0.03266356389862883,-0.0487462482297433,-0.07568567969539494,0.18936281033317276,0.07223844026138249
2001-05-14,0.007974087368566123,-0.12347325232547535,0.09070314805177775,0.29869813390801375,0.21713047935400856,-0.09953862847334613,0.15360006264880163,0.189398016783592,-0.2598789295381033,0.14588452318745002,-0.007313609349151009,-0.04645663246715563,-0.12771000958978462,0.22122481482598133,0.04969771085598707,-0.09286513216569124,-0.2972457064951949,0.3200012919753149,0.17705237336398236,0.5357831045896798,0.11516199003842091,0.013355567854085489,-0.011490404121413113,-0.31097300697833874,0.008658361013410516,0.0860204484918364,0.02848283105313177,0.03000291435785571,-0.1824991778232729,-0.15546757052688237,0.09114826537753942,0.029453454310157605,-0.2229258470224189,-0.2335973358491795,0.3317100751909498,-0.11131441902444854,0.025987487481128294,-0.03741906248718474,-0.005465059112831406,0.20671903521600846,0.016325008693981916,0.04809227566561698,0.2834124988366771,-0.4129845970921648,0.11356258372092619,0.2056697870640749,-0.0890599927850285,0.09848022117122394,0.027199029838423653,0.08607388284962239,0.18276652381748487,-0.21059369812025658,0.06202820943595296,-0.06813694097992742,0.003988835763687263,0.007482792974228388,0.10083065570200726,-0.38544533051264307,0.17805439765661155,-0.08228954540516012,0.03789827378760662,0.15018038625112293,0.020729062645993335,-0.0970157704580302,-0.10552949925878163,0.45902562656184076,-0.32011665058794847,-0.34791516930615,0.20429723721425794,-0.03262189463527743,0.3751386359084398,-0.34633289179791243,-0.026181819592971663,-0.3902252575552545,0.1710145107915087,-0.050259187962426594,0.025474320988017874,-0.2057269101977894,0.06781900189023887,-0.24807034189114216,0.49822985264786324,0.12069960727126143,0.011563864300793768,0.08721079745592784,-0.09792040337481427,0.10599968895991915,0.0649564434730936,0.004819594850821527,0.2598773332627312,0.06014306045075113,-0.09755137671085805,-0.2701625032789369,-0.4592246513906311,-0.08902702630027502,0.024492125486086303,-0.08516285950726232,0.06960509337946642,-0.00720421518481122,0.18361301010266426,0.15384551080182687
2001-05-15,-0.01363351004545222,-0.009841055209455154,0.12860793634591142,0.02018417093337683,0.096324674399207,-0.06688963546800501,0.06362216983141651,-0.22467027131130626,-0.23227557689795003,-0.04362573872780584,0.014421279010271112,-0.10495351800105525,0.071852173182371,0.09892246263600958,0.049697699023348155,0.2081499915851076,-0.1360973156410288,0.2412720022647596,0.24878728555707164,0.4130270523054417,0.1729829095368609,-0.1257685895638338,-0.0029683894836356303,-0.09697342876068397,0.009983659680754183,-0.00337425761214634,-0.016225998235420657,0.011810261041579275,-0.33662523485517587,0.12878298681092393,-0.018036577621288054,0.02588874556140208,-0.10330366927580562,-0.1317648807743016,0.15295258637447304,0.039178443581387085,-0.02979698322553618,-0.03250762051853334,-0.138506464735572,0.017851513004973778,-0.18442209492338674,-0.07813871493226435,0.26050280404548126,-0.12053391233491573,-0.036304049376720715,-0.07279442199535698,-0.11091536400454867,-0.017529446792289235,0.08044607319249608,0.01338723458242503,0.22747741228649132,-0.14697912236331345,0.11883023241392622,-0.19017361123566362,-0.020992677793422104,-0.08607134658919018,-0.09994211502546879,-0.011212549440510837,0.18568307687333027,-0.048808937088465176,0.03264422400609796,-0.0068618061828515315,0.1598055048317738,-0.02813581730251037,-0.07881625678598977,0.4127896879316061,-0.23511044631548653,-0.21711829523959844,0.20429665100820885,-0.060679323750654594,0.21624963732357114,-0.40229095985770214,0.03602158912421272,-0.06625318497969392,0.10206973495513554,0.023279521152246196,0.06901889948546117,0.05207476266922249,0.17321162396297538,-0.06946250498681436,0.54500707486191,-0.10396789118557584,0.06984233855883837,0.11746329269273952,0.05051544125842892,-0.05340812764174328,0.04202921586572403,-0.06120782493910198,0.21660134691799177,-0.021334448345712295,-0.033996652545883126,-0.13784311258707277,-0.2865070580224829,-0.21050623834154922,-0.04196395259478827,-0.025116310133829187,-0.06483450571675602,-0.03925648916283371,0.25638992825113105,0.018822438133261038
2001-05-16,0.02463795953010094,0.08970752750690783,0.11368879511746308,0.21455160875687063,0.031699184319650624,0.15674312892220346,-0.04336463871175551,0.4055832338993222,-0.04771681037833061,0.05993605988622757,0.02704059843931808,0.02307087507208328,0.03446573116327138,0.09033361839928065,0.003497638326721032,-0.18898855119531696,-0.21704488004148625,0.09700705409252376,0.18713182533090417,0.09703326852759413,0.09011260696130456,-0.12910770701052982,0.00169560927810316,0.000394728963306788,-0.16833651880259953,0.03234507718520981,0.04429900651675342,0.07570112525019371,-0.3690571588010828,-0.10025971308331902,-0.09699134330438004,0.023013962532425238,0.034123992806700275,-0.13386523142238776,0.015920714697011496,-0.04286389990438113,0.037868561570824445,-0.13574402429742277,-0.06434281931780732,0.11738423634172578,-0.21414128592233583,-0.05545747908006922,0.24895392914815226,-0.10121272099014088,-0.01637335117219044,-0.0070088117336998546,-0.0015484492256495515,0.2888817258853627,-0.06863567791584875,-0.00732899011788636,0.20776600645710716,-0.09423094516871114,0.07056921647083059,-0.17334346147722143,-0.03199105370100997,-0.2488541130647858,-0.06782282724490685,-0.2645220787931117,0.29799310625081865,-0.029623829591491502,-0.22115879846919062,-0.10850304799357319,-0.13770383019341598,-0.09420375511160499,-0.11454074478929495,0.3393458758324462,-0.19964002845744588,-0.09520670146347451,0.19774050038235033,-0.06443682658687551,-0.29060288193296235,0.22168502845480906,0.2439370470920141,0.06481588476476277,0.1796840839186397,-0.05034681005512299,0.16252981348732246,-0.0010557906943263382,0.2184879797286609,-0.0023215119053104543,0.3438252025082579,-0.11923705160479413,-0.0924918876160887,0.000505788105026216,0.10403701710701324,-0.07195412179724264,0.41323413928764635,0.0938807766319925,0.3160819608128987,-0.09082364864358326,-0.20586715773384784,-0.3725660041108339,-0.18346645432370093,-0.1746164987941357,-0.07597086323185982,0.08898601602499162,-0.07558937410391059,-0.2185121770225052,0.0989366692896928,-0.06180227199291856
2001-05-17,-0.10943636672738488,0.13782328922585038,0.14052988712824344,0.2623617390044599,0.11090187360232874,0.2874104288795108,0.09634857642466142,1.1588443249658715,-0.21338389065900945,0.16949425825705694,-0.0414166068533635,-0.07760079262860685,0.1339254741543988,0.09791885622743927,0.049398028391056455,-0.5061022041625421,-0.14664073728187188,0.03509864360044417,0.08075443380137297,0.2788850627417201,-0.01310315611566462,-0.07657222055357393,-0.12568809050179233,0.14736224725239397,-0.08608829249570472,0.16155067906069373,0.09022268168401722,0.026045661998735977,-0.42618893917051837,0.07762300703801356,-0.04982751800000935,0.00453629657887435,-0.0003561497601180963,-0.13836231959050024,0.09998005476384261,-0.043898062949564574,0.06080665212050389,-0.13376676931395928,-0.036632871142665994,0.0455644619922187,0.027843625000475047,0.1457996636589062,0.42043249682405776,-0.3589069731571796,-0.15365901511324714,0.011321511345049962,-0.2695459616425847,-0.2171684047010012,-0.08747226369628373,0.19924850387305915,0.2069344261810054,-0.05027329582714903,-0.02505970915509768,-0.11775687706876792,-0.0166735865720837,-0.07961794447668068,0.04659855788520691,-0.2856141756930915,0.12143193787138207,-0.024816912022605216,-0.15470025951613298,0.13319035121756775,-0.17870537405038878,0.10811309934553384,-0.25494081400713414,0.3532817716848225,-0.13914278046551226,-0.29510706349199667,-0.27052118594009067,-0.06767475353872549,-0.4241441483705369,0.3664309317820652,0.2386883971878961,-0.014475653184766022,-0.00071615683024958,0.011796007294469502,0.3707739330348673,-0.04955534216739479,0.2557859842867994,0.07840395532070031,0.20607638784068444,0.048624017766050666,-0.05985171159480734,-0.08730640100515302,-0.10861730243397022,0.1394750462625437,0.33097172578323464,-0.007325388370105842,0.21883714794949283,-0.23773246015338936,-0.24501317034044034,-0.2992231037121941,-0.2229265951742529,0.13786918101643958,-0.041233270122449386,0.23000827816706604,-0.01953765031094016,-0.1512063246619154,-0.044965083022067455,-0.02920745919788822
2001-05-18,0.009669959475799917,0.030722178044986382,0.08647808754545677,0.011231889977310266,0.12733727178238236,0.1964571506247461,-0.0039575063116172515,0.05796510868839208,-0.05968703064512562,0.39280803849253493,-0.019520052646803582,0.3493652843261416,0.16213533231835137,0.2267219866533111,0.09865769635023688,0.4310576569323988,-0.15840015523197823,-0.03311565193588467,0.004167898903702077,0.2325939837887816,0.07168251021838647,-0.2629029611242518,-0.15781639895873828,0.0303968311782013,-0.20075694564986796,0.06451551447663274,0.14114244557842476,-0.013632770537404557,-0.3706493908593344,0.1763989716320469,-0.029423431026830295,0.03135219473014626,-0.022073138630969682,-0.19122699257682227,0.077475317009164,-0.37904015503694594,-0.0204556319826555,-0.2672899581129935,-0.05410983985458681,0.4587031223857732,-0.1410223130885288,0.0701377522758545,0.38816914153420545,0.05665095834930534,-0.24596809164150454,-0.06936901115410306,0.008581499638362024,0.23075933164511298,-0.04391449876850392,0.1470393594946132,0.11821953567473324,-0.12761228826150045,-0.23586852202159594,-0.0045409364772050625,-0.07657282816416401,-0.13059777782729395,-0.4464786757451971,-0.2225588068211851,0.05043036379590805,0.025467472525193026,-0.13976708568463622,-0.1285419722137202,-0.10928127508255735,0.2159452051250844,0.13564459631288656,0.2625040943066262,0.1369868460284412,-0.5233206794322837,-0.08342933376121635,-0.03950396284995423,-0.19615114297468053,0.28283383452880967,0.13557569278131304,-0.12233426277497292,0.19022361781012334,-0.0038690332395289215,0.2994061104815912,0.23834983069620497,0.08274890140436739,-0.2283265806839536,0.2554426383414909,-0.19423331375505937,0.06355362696123455,-0.10520425955211803,-0.03646060093282038,0.06844377842353544,0.49169787048865565,0.1410512590744068,0.06209881168447233,-0.19955530288929013,-0.06331222023948205,-0.3104979417406638,-0.5033043339888245,0.07363924278344665,-0.12198885743027878,0.007569682271987993,-0.22687428881256158,-0.005253481938935608,0.09690099908339406,-0.1662232554389422
2001-05-21,0.19409020800486484,-0.004928215642064145,0.006479988373549443,0.052160077767953936,-0.14116730031359384,0.06244321483394705,-0.005561837139965736,-0.13545333320878683,0.11847285793407226,0.2346992400891134,-0.17473956908348803,0.2785967670380261,0.14281830315628413,0.10293645695367404,-0.010882614061886993,0.3124528562444237,-0.16178874180344013,-0.007885740410843292,0.034530932829011374,-0.013699511935065247,0.023466859131116968,-0.33552114471024475,-0.2569436079318632,0.030786977651829237,-0.2359013160350846,0.22401670918007296,0.19705847220650163,-0.014108942766221337,-0.309423665610364,0.2502954951219436,-0.10116573985649328,0.10233351359896452,-0.01925403133666018,-0.19459725282740828,0.0865555314257593,-0.4641080665354093,-0.011896584392309045,-0.14030518711534035,0.015718783716052957,0.33581892993647744,-0.06280534156002493,0.10208996228156154,0.42317072535297173,-0.018354679893887234,-0.3260285738785639,-0.16305032221426782,0.20913063788827635,0.2739540274309858,0.12957201586030834,-0.08280342545742492,0.0824127163393388,-0.17111402197261127,-0.14212275393477872,-0.0727294466432371,-0.08054620474614468,-0.11013469889023475,-0.038578074599499385,-0.2848099695506301,-0.14352922907281201,-0.08009681105956679,0.12274129744859973,-0.2625983968273007,-0.058946851698291246,0.060357446850970484,0.07758809322032734,0.278763702549133,0.13421446392108863,-0.4544071883361171,0.10588053864539643,0.08088716816193123,0.02504474886381173,0.06566815478417079,0.06421218193341904,-0.05829670846724689,0.2414463339829763,-0.05249537867499624,0.17873094238752382,0.19243225520879692,0.004612738728089954,-0.14783732315402537,0.3449399519431014,-0.02261090384600003,-0.11113950311628035,0.01863315875172362,0.04612486086356166,-0.031977675714410285,0.2900370684717208,0.05258715450195913,0.21837454193551764,-0.016602712092338736,-0.14546633104479526,0.015407277024675602,-0.2770158776078445,0.0029163034793513887,-0.1811577146823406,-0.06260445597927716,-0.16405075465445568,-0.17668760267708197,0.21571418559339348,-0.13836221480215993
2001-05-22,0.20180013476498426,0.08778367918072905,-0.0012697168429024043,-0.036328595972451236,0.0398014192915274,0.1485896563152271,0.06138682695720262,0.5005330257739641,0.1974152988480508,0.3940926632563174,-0.19314218900805927,0.24733644096232715,-0.06162716717511727,0.34257586731645084,0.048668959516886594,-0.26521839017954824,0.020143839019115,0.025648493827869254,-0.48254930462336054,-0.004188925091617602,0.21060149826147503,-0.034009134598707746,-0.2550929567026709,-0.16303353987845512,0.11015629010349812,0.1873949286951176,0.11639398771930289,-0.06307957791974167,-0.20644075683738364,0.25693970836352403,-0.0798975790662096,0.10561889970270856,-0.06668028906240256,-0.27817462572199997,0.10872132256561483,-0.14567818417456296,0.049843834514319466,0.05763346539508557,0.1016263239491583,0.14561261843323295,-0.011384097816671601,0.08020669436569065,0.448819658830149,-0.01835468290937406,-0.35776642122115804,-0.14185274443706292,-0.057968308930871834,0.04526810779352715,0.029456279253292555,-0.028214460273867346,0.04685922096502002,-0.007874018291510701,-0.11101143747282252,-0.4454183516566968,-0.03571379248834817,-0.14410344808474068,0.3141321324402998,-0.39489709274327717,-0.07244919130816149,-0.12923575623589695,-0.014764171587156517,-0.2929885448352665,0.052810910699560745,0.25265320896704446,-0.12575663944837154,0.019133090020666193,0.10666591544796783,-0.2888164070984307,0.10294605986135445,0.12065964477756531,-0.021971147506593233,0.13136573915172567,0.10669202636596276,0.3265910770427835,0.30874817054658077,-0.14867759948845177,0.27872622051856605,0.16332880267665753,-0.0970720944461907,-0.10173182203955622,0.19185023092506964,-0.06618090128595286,-0.0587979805786601,-0.1050632774590016,0.04474608666648992,-0.12197488681859561,0.29309036497086755,0.3029164795454651,-0.01713091631420498,-0.06925385056019763,-0.15755807326595328,-0.2642229226610043,-0.31650272556794534,-0.017761821568803682,-0.10527397984964365,-0.040240624975607826,-0.1847500028630386,-0.18228348179927267,0.33473562474565816,-0.22840151448304988
2001-05-23,0.16549035408454416,-0.04590036221381757,0.1296334282420183,0.06193580666535239,-0.04963471646626768,0.13704456398089077,-0.03896746471666233,0.23845731510716162,0.18249410048271422,0.33379059783430026,0.032266207562082615,0.14386440791616695,-0.06120018502109723,0.33093100894841027,-0.017929060281048702,0.1350232105002567,0.02753782100551012,0.1939760654654922,-0.007524678571428742,0.24034862910851965,-0.02385931619786533,-0.036883268066388815,-0.29482165327012855,0.24580136360828422,-0.011315899546969242,0.18943671703385212,0.04849331135404748,-0.06407160796716962,-0.25939981748411883,0.181929418968287,-0.1932051603385418,0.058365368845184,0.08003727349033643,-0.21200157883037068,0.12488401172861963,0.04325792551996142,0.09419546992113047,0.043684284320074984,0.09918261758994343,0.16247678551959327,-0.03350483983840565,0.0966288885111363,0.0009887972217776588,-0.014575265118285743,-0.24329253849831636,-0.09396763848476876,-0.23729642952363927,0.3588126996769979,-0.05644717042228403,0.054197678393325385,-0.035024835205995065,-0.1677341627888769,-0.014107232715088593,-0.2068907345487313,-0.009429188254637132,-0.061845171550995365,0.1699934382133217,-0.46029277491497606,0.13385700054943714,-0.05133331674429137,-0.08760510828779293,-0.19627459952545806,0.16845718124337847,0.36937425270521274,-0.08345268951350149,-0.26488151526572334,0.08368548821958169,-0.1515070747884801,0.024963292589409755,0.09485069551191096,0.323340334275551,0.10825458447277073,-0.1569890648594294,0.2326843074425169,0.07587374492365585,-0.14615176325594106,0.0002309483135965101,0.016160119022702264,0.04679185461356811,-0.04881911309499666,-0.003908969986098367,-0.017526806807160043,-0.048381794339665725,-0.257613280849,-0.0393790342174602,-0.21830590630787133,0.1675121773924007,0.27059033186705744,0.15628132244685422,-0.2334524226994577,-0.18104702424821134,-0.12516852070060502,-0.2773381176091906,0.14238272676893554,-0.04078961758553742,-0.036698661013707966,-0.11010781427979054,-0.16101097772748382,0.21671056014330678,0.04163070657153827
2001-05-24,0.14509941317322206,0.01874786022353548,0.08211289746439225,0.1806441251190818,0.0949038849636142,0.09546322156755604,-0.046638733362536496,-0.39674477311395784,0.08075665284093615,0.21475860227572635,0.1529036157498462,0.45049381426531104,-0.1144751532541672,0.18160265140006937,0.0037443103096012104,0.6502930197393308,-0.06525193856586213,0.11276661714278173,0.2126810094676705,0.05718033318921558,0.07755912382341325,0.010104784799204083,-0.23524484210959276,0.05951694271522686,-0.009532552935663983,0.1412216673346966,0.05861281903686468,-0.03542841200350295,-0.30665499639295746,-0.09323438988822798,-0.19147515873276968,-0.03230345879210449,0.03624228306843412,-0.20047505944602861,-0.052397649237637206,-0.08181756868994226,0.04311267009566809,0.004852449756880961,-0.02136447946680407,0.26411416581741903,-0.040701416032317236,0.0570485056103119,-0.008073127893813075,-0.1366178236419035,0.08149739755050893,0.017611418181053863,0.0514693348563778,0.2072350581566001,-0.0963657745710686,0.09572376197180282,-0.07830173096180178,-0.17564716282158416,0.07718039937393803,-0.24787955678884255,-0.02359635466825417,-0.24758938177286158,0.260709851577851,-0.3495412996653099,0.22178208003755565,0.015930985667091245,0.07274194752131595,-0.036692233649801884,0.01863543007760781,0.2890794257171617,0.11570379369808766,-0.11449406200933147,-0.008561449527911947,-0.07677580270196688,-0.267617040882493,-0.05401433145129923,0.08373800698749316,0.08252710933553216,-0.028244719847069413,0.16355524958174514,0.185926164978307,-0.11425749754000251,-0.03899343363861198,0.0247991789594374,-0.10038538994874946,-0.03708646863741268,0.004524539847062821,-0.13658054998142913,0.016262991180249837,-0.42258759397847834,0.1791106766572685,-0.2154842087148189,0.1305660978847084,0.4035468778155955,0.13052182838940293,-0.02794189363151999,-0.04171610825227599,0.1484568019775497,-0.23770206711804298,-0.024645305839099605,0.09345616006843428,0.030687295681161773,-0.027476528457400395,-0.16101098732792274,-0.330720326822979,-0.1995044987482757
2001-05-25,0.1818283542198923,-0.022108686064850648,-0.0032988283355475283,0.2055380499142372,-0.029709256860340046,0.04820037347807817,-0.07909990401038691,-0.3164515870993327,0.13346593348569535,0.008199876105134429,0.044907078562119354,0.18659489975320695,0.18808651356839803,0.0982931037761572,0.1049737045978881,0.4648180335437219,-0.036551449218996404,0.078731571517278,0.25426635861460806,-0.026909657502316067,-0.19153791867739037,0.021144623766767432,-0.1423013182356169,0.07335764538863417,-0.10274363452277367,0.09892043153313272,-0.03672067810213149,0.014071299994812088,-0.18294119180181054,0.16969415050875955,-0.30404961090567545,-0.008343245670308324,-0.0843687030773702,-0.223963148772103,-0.0012677793864393201,-0.18286298594201067,0.15014158425233737,0.0030074680624568935,-0.1452121910058991,0.20939396149294973,-0.02967867721082192,-0.014086591360047996,0.05818109156756491,-0.2638748187012732,0.05762182718871204,0.13455625799648716,0.08502075056649994,0.17884449679093314,-0.08225034827765293,0.20932265758629945,0.0350283576231633,0.00939264124223616,0.07902032588769825,-0.26431663416409185,-0.030812125225810064,-0.28428809462887034,0.05310979412984117,0.02222927069456671,0.17287327412744014,0.2246615726598647,0.06207432707143511,0.03705171082274827,0.08184309069772241,0.29763000149294105,0.09899798977747304,-0.2284934845353727,-0.05032248968429599,-0.052238092114263744,-0.3217339357005615,-0.044355041711914116,0.04779556257491511,0.15071685818377734,-0.1264051559872393,0.11820004266706109,0.16069100089964758,-0.018590598342036746,-0.06203305749164667,0.09855663707294181,0.050097033612235484,0.04398259891483287,0.14212283959822264,-0.26928898044964344,0.13506000916733768,-0.41474637083959776,0.034809963698367516,-0.26197089345769375,0.23475259696021825,0.255183638384673,0.06463628261806696,-0.06390682542144027,-0.07297047153929369,0.16433916109771857,-0.26601747860400193,-0.1317736011274443,0.16106698165941863,0.0665663032334767,-0.10302681260382235,-0.06544592354114138,-0.2571445064447676,-0.3290093620284548
2001-05-29,0.2722708865238714,0.10716400815326435,-0.024564209751975645,0.09372911509481585,-0.08044547521493756,0.06386487395273183,0.012633307658946224,-0.015477065330937978,0.12695286912285003,-0.44617131782170044,-0.026621498261852068,0.28009297318379534,0.26146765779119696,-0.006336053446162087,0.22459602952158844,-0.10829083470760525,0.11362111783233138,-0.14495684245356757,0.1556705943052286,0.16256893568405478,-0.13366368031461606,0.3384732987652659,-0.012107071234365299,0.046699516798421735,-0.009601265369252869,-0.09925889427365331,0.02874215991161438,0.029422500158965685,-0.278742274240348,0.05429832901699383,-0.39165266948972627,-0.07632804126899731,-0.17726795727032393,-0.12209184713449164,-0.20081722309620245,-0.24192297064290869,0.12870092475161457,-0.023852467465616263,-0.1676948178085181,0.2771488930256464,0.053997846410502565,0.03368081646218026,0.18654899125315808,-0.425430759054403,-0.004739448822224729,0.08789157545439956,0.18106905674018334,0.11490116124853234,-0.1386913134775213,0.27183363191891796,-0.07310846058654573,-0.020483624577985596,0.04561655875082157,-0.1244939768145724,-0.041806137296014664,-0.0801063454954342,-0.17108043369299655,-0.09085576129879958,0.10597098333764084,0.08770649115553115,0.10138722426651571,-0.03952479837908757,0.2935000955647074,0.17762018457051132,0.022823666078471295,-0.18288482422750918,0.10612859635509343,-0.02135477773409505,-0.49324321710173924,-0.12911462876460744,0.35415364501502056,0.5027974557634618,-0.30024171921851567,-0.19588172017834032,0.14156607867708654,-0.09470754878963021,0.1842867663732085,0.014329110055427734,0.0074459751478568766,0.05842873040575353,0.16909222514027364,-0.13117965073055282,0.03481795934178684,-0.18423325184984063,-0.038608705532317024,-0.013929605250784056,0.3655451083707715,0.32110423163761975,-0.034994819777346906,-0.3531859907575804,-0.0029333045275390765,0.06105769620765418,0.006854342534289187,-0.2496688527328934,0.22099799040570828,0.1161963959252791,-0.13381476146221455,-0.07865657429843019,-0.11348175118621345,-0.5674055889203123
2001-05-30,0.2580025355113499,-0.28928210321260506,-0.06119911639060133,-0.12763140504119452,-0.005592051037058396,0.007867590178803613,-0.2058045544747548,-0.015477076572752749,-0.06772444260446671,0.037009942814202335,0.1381510003293039,0.355898714054695,-0.008618276778024488,-0.04959508090133259,-0.036101332923706216,-0.19921646907438095,0.12082593789715984,-0.09385045959727631,0.09103744515116743,-0.26409289844306016,0.130450430145401,-0.021037973657068137,-0.1261935108078781,-0.16719525771853933,-0.10369278417406094,0.09713893286623301,0.10469458244893115,0.08483897633513963,-0.09776098004732622,0.18717010737555118,-0.3530890775355553,-0.02642813342786401,-0.08281870906638174,-0.2217473912822425,-0.029612808532610106,-0.22333683425927534,0.182972430335559,0.0737152906958041,-0.17542391191986673,0.1051142994345449,0.16204134720177746,0.053330569082251776,0.021052272192638357,-0.25330388169890833,0.005540676233628465,-0.16103956904381309,0.30567943948531223,-0.02985322931799542,-0.14909606564056863,0.18853582887478712,0.022006884005097274,-0.0026237254647328095,0.06383336893494072,-0.014441538653303236,-0.031240041855340555,-0.0785149285153241,0.016312082199118547,-0.2644691202024628,-0.06259859831090551,0.03827124221933503,0.17041819025227314,-0.1142712499158499,0.20091276606419092,-0.034808644364149356,0.2639566393563054,-0.09141933440959188,0.014630908367971813,-0.13692632310521577,-0.17006069256561948,-0.04542907390512991,0.05684490166308582,0.28234704381586045,-0.22966024378550606,-0.09558966706143353,0.18948788391718352,-0.10653426421975903,0.15647463331716555,0.17992833307793726,-0.029408432976132593,0.14388844088827601,0.07983785422164998,0.07594648009818625,-0.17966742655586176,-0.15345259410000173,-0.03042410580919005,-0.12490482072888981,0.3903820580150476,0.020262513055887464,0.19873227888926678,-0.3126569780729405,0.16908036306824356,0.13788030355051983,0.2497729136533373,-0.3636842113281152,0.16805970243261198,0.06059218273849958,-0.16216609218347536,-0.08826234382223429,-0.13859396124507653,-0.07167664713246698
2001-05-31,0.16365609463287858,-0.2542256185086818,-0.04076787178700093,-0.10483898651504445,0.0863286220072508,-0.2082437696522851,-0.05196606467850522,0.12723010003356486,-0.006458717745097407,-0.019382342852786304,0.16303872444531997,0.3564046768579515,0.08680984392055498,0.11238245897930857,-0.03911386868594581,-0.18270741993603293,0.019770810731795093,-0.21330899391863975,0.4607084339014409,-0.11192063141005802,0.02559753523795324,-0.08732367400480757,-0.1557424977768212,-0.2298561127663011,0.06823168077695327,0.007603207560285771,0.05031788510506662,0.03988817748960309,-0.1725466408215244,-0.17948947236331297,-0.18051322707729156,-0.016360909838135804,0.036018480231795796,0.12996705088774332,-0.03601046101105344,0.0122780916502415,0.12829564105517446,0.26492033629477146,-0.08055619509166108,-0.11608432361659499,0.2833487267000612,0.031051807759358827,0.13019406207687909,-0.3219103188296908,-0.357093123658825,-0.002537458061227648,0.001931966772076664,0.10619166294607038,-0.093937263448435,-0.1291957389970088,-0.1839353970448461,-0.04608307929085214,0.18712088967146207,0.04678713669314455,0.01678621054180862,-0.14677700087123252,0.016312070588505277,-0.21673108788601536,-0.04190151348412231,0.11151768556823324,0.07442225885111964,-0.17064573390462026,0.43463660820415134,-0.10653100287942316,0.05107839174737071,-0.34951671417567237,-0.01866545532221255,-0.045447093966307965,-0.25017496402624595,0.07951171579640462,0.1887975343244277,0.3754859497550063,-0.06693804400846863,-0.2024318418851205,0.14263394779454933,-0.05383687095527342,0.051193009306044986,0.20953917201867472,0.0017679661967519625,0.16985090161452351,0.12639647117817035,-0.16705467797768758,0.031918778461631374,-0.39426229123905115,-0.12196534238648508,-0.00269848727278985,0.48634240599384176,-0.0741345014924329,0.287211096680847,-0.25544826011729876,0.08101738643915445,-0.14801367460458278,0.1219904422582884,0.002853635932177855,-0.002425236920763262,0.056533365229367236,-0.4044747484199441,0.062185117100889614,0.04081594959016298,-0.0845304109283104
2001-06-01,0.17528284150176043,-0.1979091206202407,-0.069706455731703,-0.22525453552015978,0.10817779035876811,-0.025536734012378586,-0.23042889892591628,0.24037118243344582,0.4310373687436801,-0.16474047184490953,-0.031399142410059776,0.006585172856459159,-0.01050320191785716,0.14429861616879272,-0.052544361134310436,-0.20342723903014232,0.06943301113573658,0.0025013491207974466,0.5136514902764853,-0.18312811697594092,0.2512820714595327,0.2313960287224649,-0.12007836665725335,-0.13980035657153703,0.31626113336458483,-0.011756423588775022,-0.04828324629780335,0.034231992574908804,-0.7499071707752095,-0.0004704906699898824,0.08812940454535524,0.12975424901322347,-0.2950554779147937,-0.06296704895455804,-0.2972482601468946,-0.16341403546439232,0.12213652945353114,0.011985461907644426,-0.13585551093444784,-0.4541902160253105,0.23856685468133068,0.16807089246338977,-0.13375481215332446,-0.36315271088407786,0.16576207683562993,0.19620276479564297,0.10563109205203945,-0.04505248960487756,0.053322101524416944,-0.1887717379519173,-0.01584346467297137,0.17569083420202333,0.056711642958659096,0.04670318037276834,0.13027969638895256,-0.279140742395263,-0.34720131262929077,-0.14507592741836456,0.0504937951126875,-0.08185670309643839,0.07502151430821637,-0.0856112528284043,0.42607447945962534,-0.11644557506960798,0.08560484772278967,0.02401366554373927,0.08473338751072221,-0.12917671248025894,-0.08560661339097876,0.0002801628576312353,-0.04878482327538665,0.03964714608128398,-0.29243909776726373,-0.00314109696194101,0.19795394053905982,-0.017848707458078473,0.08624777443538674,0.20376002135939525,0.007021944205433446,0.05802477844782236,-0.09682091265100656,-0.13139237031488094,0.11900470791814181,0.0702314902828686,-0.045791394408733054,-0.19890591159965731,0.3749586330868005,0.16806046241098324,0.24793620926707924,-0.3269285538793272,-0.05299343765346041,-0.004339535170245888,-0.1774078391264774,-0.003231381727156093,0.21323640869465502,0.060526828947627176,-0.2251182694150377,0.11449352984774674,-0.14617079074141262,0.3188817986631187
2001-06-04,0.262169480053038,-0.16869353830188336,-0.1043370731111733,0.05617770948583275,0.10817777928485962,0.10152203947779921,-0.10169689367933817,0.14550186771990256,0.2276586407948447,-0.22179688562663355,-0.03139915141663697,0.5971143363371444,-0.04379798746595502,-0.15247887435045226,0.17582240883177666,0.1222220683292534,0.03939818345300534,0.04138613629328901,0.3583390567814043,-0.287357094796192,0.23711757398767422,0.24109392109502964,0.33494913320746755,-0.12183387359522185,-0.144282146178765,-0.28003935004455754,-0.05613718985602611,-0.06224962349295016,-0.24886088911892754,-0.3032084135893175,-0.02503080650983925,0.00506716422184482,-0.3408677829709418,-0.012800108979960551,-0.33548658466118836,-0.03282369991936587,0.023692557961584305,-0.02836349235751592,-0.11234465910655465,0.08624251445427586,0.21916116778955627,0.0566686291944378,0.0499465315367683,-0.44604023145246624,0.14850317630412363,0.1350464785278616,0.09103582998104824,-0.18285439388414665,-0.045650636071367504,-0.0766285429458128,-0.06334297260425246,0.2662143921956607,0.033992541637492664,-0.0049756920143325094,0.06436697739016477,-0.10532486594046252,0.061851856567193955,-0.06108431469379992,0.04934434030435708,-0.18792519601345659,0.17574669458028436,-0.009234518654258055,-0.49102913854080893,0.2544864421351423,-0.052903143189302164,-0.11177239779420815,0.11903315806487567,-0.21859141371581406,-0.37164734496055607,0.005784728409509048,-0.27756561683537645,0.4808549167223982,0.04716227781293124,-0.2980274994028314,0.1519567810618905,-0.06761869138181917,0.249517049933997,0.2517036877865591,0.04245809155141261,-0.06183839868784517,0.2086433798511077,-0.006470755530291933,0.06411971249627747,0.014287102268302203,-0.09346741116308427,-0.0995794755924733,0.10929973534103414,-0.03318509438972442,0.2744787251059575,-0.11668154852693641,0.07239144267345,-0.12114761584440949,-0.38314583304157124,0.2492780186811127,0.13961699712183887,0.10239667493472288,-0.119824371573803,-0.13429640802008128,0.017678618169410052,0.22127506634363348
2001-06-05,0.20572490671686153,-0.21819643592701754,0.01204650718839119,0.0009819836991433503,-0.015106076658154596,0.28802445893434636,-0.13601701633012186,0.28280710446352925,0.23449289046657826,-0.20915255726384513,0.1016963039948344,0.30962745592447266,0.002918612499577082,-0.19328447179116687,-0.12596865093714868,-0.05217739296021437,-0.07150994754994787,0.21251723686540339,0.3475426683254838,-0.08580772594474786,-0.08270903655920321,-0.008904247211710334,0.014226146924573102,0.09079894382825263,0.05066400790001087,0.20395148616580824,-0.11264030176795696,-0.04765235503782505,0.018662083007217643,-0.02646119138046461,0.12196478034875294,0.027811456759145523,-0.35172765099239905,-0.017290656459132032,-0.1017037540390547,-0.07799457269669455,0.01003840690943298,0.0022426116126374905,-0.06980611325851369,-0.09808295261490936,0.13861910486662513,0.09270549584648265,-0.07651313801412452,-0.25157297669808104,0.010113363806273772,0.10235845320492651,-0.13060770089593973,0.01818810313924096,-0.04468935081724754,0.011899683379132248,-0.15467036365996567,0.13665616166741915,0.370598641052021,-0.1955359928034202,-0.03823005499814403,0.2729292010620938,0.22361923717987048,-0.1772953057877671,0.016982823719193085,-0.10812751099100466,0.2108910610903023,-0.03531443921028778,-0.32923335615450555,0.39943021391600614,0.1371988564018345,-0.34971802857503625,0.009773564693975969,-0.028745988232190028,-0.5013976471819185,0.05476249761397996,-0.1354436735168503,0.24708138447330066,-0.13718406712948616,-0.0508762725005999,0.2420565665783692,-0.014547958907060198,-0.05247829588349558,0.14338184461002454,0.019923602217529136,-0.048236195543296397,0.09464579258403112,0.019756426248029424,0.03389472935652037,-0.03347816993169938,-0.08193425843597635,-0.11517749393733273,0.12603467416262198,-0.08475819888832031,0.2920055483091647,-0.258270545749379,0.25634102170153567,0.2727404421640439,-0.3246570128181746,0.03313579349445585,-0.039749217196764094,0.023699849518125628,-0.18202297034965087,-0.18464072298552225,-0.009850819291818448,0.358052977452154
2001-06-06,0.3273074096220116,-0.15819388002511423,0.08106439133850338,0.5070423602240766,-0.15048934226620356,0.07530628715228056,-0.41018817327633744,0.500748428370886,0.2035458415378043,-0.3938949436236958,0.17047949236748133,-0.09039726338017265,0.04707947892767209,-0.00954714045967719,-0.08878146890202784,-0.09594358782861277,0.06125252232925702,0.1910485897378025,0.13793947399880935,0.06138047004280831,-0.41149973095674275,0.19015952790137647,-0.001529963907052443,0.06810441512256189,-0.18430839890718653,-0.23468208277200844,-0.15143996363700096,-0.052947151485029334,-0.05980726002213567,-0.22735370764219703,0.03286280103238434,0.02587899192337056,-0.0819641557796354,0.0411048077145655,-0.22006973833341623,0.0532393960603456,-0.08562594939377736,-0.015160039906567651,0.017078048397786004,0.4249849515295689,0.042299854825373566,-0.06110245869028246,-0.5910876591824287,-0.3259334330015143,0.039956565286509683,-0.03591193960124021,0.1627237315054701,0.0034231216843504993,0.07908599174327217,0.025341086540408956,0.03535504823517576,0.20769336097362898,0.3446321107974282,-0.10144684902015236,-0.03531988795972201,0.1606120798349593,0.22361922714654206,-0.16424626729311192,0.20123267933062064,-0.13032214291273145,0.0982002362554544,-0.14727286517831314,0.1369865307324162,0.43267475981151093,-0.29284152677972447,-0.459071998907178,-0.10828952506178632,0.016935758759822093,-0.2037863727482355,0.22981583295859412,0.19499740924131276,0.8374862895164986,-0.3952287381947686,-0.2583448461267878,0.21536098903778805,-0.09380624676960875,-0.0561950587762329,-0.06490888874400445,-0.02687959026950766,-0.12201046165269516,0.2883004348153586,-0.05484514859002033,-0.10171291964225675,-0.050219242226076814,-0.16753701017957143,0.09769994750481517,0.07046670697479164,0.09129195170033898,0.36220495302603173,-0.16079571097826142,-0.021310897166624362,-0.041629437754598805,-0.3558705465401414,0.21038837297655197,0.16402427066737948,-0.2253073471111544,-0.14851833372881462,-0.20695264608335573,0.09081648907162523,0.01592256366177882
2001-06-07,0.3756478866389724,-0.027557189913874076,0.06098368907260837,0.36341652961286086,-0.39746777229142694,-0.02078941123380086,-0.06645493611290747,-0.5664157871718273,0.20354584087660957,-0.35661097009352577,0.42583035420087034,-0.14928239874571553,0.06648828202558105,-0.002304541462417895,0.1289297122149447,0.7750254603567239,0.19954096023618187,0.1410305689469249,0.13118619292494446,0.2610540509801409,0.33425626563716176,0.2331841854283805,-0.0849956335428982,0.1979427951390528,-0.1948186504909262,-0.25989759948722835,-0.09982528067024853,-0.06513162487100577,0.09746011035536167,0.24168734026396763,-0.05250268195282783,0.08206280349619727,-0.02786871284206794,0.0850364316733961,-0.3399855523870156,-0.0019396214685160858,-0.021702111459842143,-0.02000232621128319,0.048235947790347226,-0.1202776704792153,0.24868506240148858,-0.138429453145666,-0.2898750792373273,-0.1107606312708225,0.05946885584781919,0.19283164851130227,-0.18690596084758826,-0.48220992314613886,-0.002258361986984723,0.42013350045398673,-0.26209949031069146,0.0869749653157056,-0.31642022871337994,-0.1375607439493111,-0.18323075123875596,0.2790549794591235,0.06489857459175322,0.1536769200769886,-0.028376487142860694,-0.18261589419404245,-0.011321733938763442,-0.038241352424516206,-0.232233778114486,0.23873405648843557,-0.1676797058432406,0.06442923059002453,-0.07812281630957721,-0.16824361831697637,-0.45725294994691795,-0.022443302684052667,0.6868916148858009,0.27989122250388954,-0.15233379130167718,-0.38895862955262617,0.21247160326778813,-0.1436329390541597,-0.07802893354496948,0.10187662352236002,-0.12525042718443216,-0.14188852312209632,0.3195285697058564,0.2592929660048748,0.07525568154003502,-0.17307504820501163,-0.1349111137188812,-0.027516742801099257,0.008209122409319942,0.10651222813885348,0.16866409175502778,-0.17007667919460262,0.05088684970094033,0.05577261657028567,0.044334873266530114,0.07805403756384098,0.09711491607348163,-0.09937772068928585,-0.20913542979924477,0.1946722738348237,0.10595747430957309,0.024291982607953302
2001-06-08,0.29610505790520364,0.025544857163327578,0.0032616792903086937,0.5283597546891627,-0.23539037269469745,0.40298456842145236,-0.20838926840095953,1.0784266263573132,0.10623205588142387,-0.15588454601310564,0.181022640540595,-0.3258115006400673,-0.1541096722649964,-0.0325032414648442,0.251723389778827,-0.5597162984432914,0.4183360574721851,0.1537324233421033,0.14852509026585062,0.24941384638455524,-0.022402782975354914,0.015922438509486426,0.05555172696383641,0.1782203077021439,-0.2109377698683582,-0.2675971687021677,-0.06798021184258775,0.03134496629634469,0.05828511679256137,-0.10840361852214145,-0.31021873909542497,-0.06698457806212516,-0.1789990641802843,0.19568043705028101,-0.479507965563219,-0.27879198048924336,-0.09756196588599665,0.05910383899133557,0.010584910242308945,0.23822951961792377,-0.17248200894890628,0.03812083860110316,-0.07481497867588002,0.005981554884840894,-0.008357396750681452,-0.058046119885840346,-0.34231871705497185,-0.2047405239461723,-0.009913710100669215,0.4298235967040992,-0.053225510541369675,0.3170856097562422,-0.13579079031498278,-0.41139011261590264,-0.10845131660875287,0.06893690909234132,0.1950843915956833,0.043416271435950476,-0.03960288508583326,-0.1884422531598467,0.027390578752488813,0.18397133462642032,-0.17339670355016537,0.35519340080766115,0.15004777815440953,-0.19650870126728032,-0.08334190096131013,-0.08926406859096739,-0.2120740847378884,-0.00862295950685736,0.12769958663514994,0.011647144386896607,0.2352969016490326,-0.3019014979757594,0.04780162275251826,0.17764471164506496,0.2190714227364006,0.22460609159816664,-0.13284492860482627,-0.004713835050559039,0.41249923678393463,0.1132871468900805,-0.19778210022315354,0.06698409372844367,0.06940869783856701,0.1618385470552185,0.0759689946940225,-0.14235514018709203,-0.038469064015961243,-0.011015001653575128,0.12174209990653104,-0.04377842451191477,0.04355767130956275,-0.14166036720479205,0.33634839613943485,-0.01478629700183862,-0.0016535473454640725,0.011191828019189288,-0.004843898119458551,-0.20941599581733442
2001-06-11,0.28206139324010354,0.0930805242830883,-0.05686585431192208,0.6519952078787267,-0.12230931575662715,0.21243252220938483,-0.0807614190262966,-0.1347697725846271,0.3493274249635551,-0.2708668607341698,0.10346982700923171,-0.3552951159587097,-0.1339277375058671,-0.16433284766676287,-0.03868422012956054,0.5287433938850437,0.11980195239140462,-0.04883364030829983,0.2038331527380809,0.1164956528051385,0.054364673413121185,0.17416792319331725,0.08739912168848424,0.1024996514018154,-0.11732570447425811,-0.23710351459076257,-0.09460526006178857,0.008240971877131116,0.04299343959258556,-0.25674652384035407,-0.05686281885539868,-0.06356480422007038,-0.09385041758078379,0.047368870916978646,-0.2825913236159736,-0.16131759483935296,0.11476162182710858,-0.16155246189455671,0.04740580687560282,0.32723726943777526,-0.04567066157346742,0.022402631859017634,-0.1446491849524205,-0.22162292456222443,0.27690975498390646,0.06726972546206482,-0.08601092786150667,-0.09991124465142877,-0.007804315449223475,0.27118916192265224,0.16332789790400698,0.23380944645130314,-0.04697631038072044,-0.3898962200759228,-0.057894681126788604,-0.010250886130856254,0.13349721346025603,0.028913852149750632,0.03642947614849091,-0.09584191729439459,0.03203320262556779,0.18560286757819647,-0.09772976545819408,0.2812193690842105,0.19362541110430756,-0.05003277427041494,0.07654567417898034,-0.053629003404498186,-0.33351871567459823,-0.022273205152513756,-0.29219280598683195,0.5052904732810786,0.1665348986223475,-0.06014348365856441,0.09256634817097646,0.08426852898591163,0.18323403418010442,0.08794880372766518,0.051657444918207146,-0.1838117212148112,-0.16715837212198906,0.1681636536914109,-0.2282033138177384,-0.1651557373970505,0.09535342491757647,-0.04310606719052432,0.06922868873800625,-0.11525515884499943,-0.045516057702735556,-0.015209967798139953,-0.1268764543192359,-0.051767523565095515,0.03258874211906039,0.1263105065761505,0.34275931870824017,-0.0011228638232683489,-0.2504784145486319,-0.04538547881614451,0.01494400851830106,-0.4504929007753635
2001-06-12,0.21292554413839965,-0.04862091933467162,0.012023490580181477,0.2922373860417561,-0.2898986052274245,0.3239781146253578,0.022706944913140112,-0.3251839618103811,0.1966198992498096,1.6390182521345643e-06,0.11314516246556909,-0.07434048112308654,0.18021830951069628,-0.25984619756550903,-0.14179557581871716,0.47374492611238894,-0.21399083619042703,0.14986998837988832,0.4323362297625046,-0.23236584410861733,0.235770585164304,0.09678257716905173,0.00023131392788164925,0.3646912306481303,0.08880705737810417,-0.11288679484681154,-0.009229479051007025,-0.01093063367205827,0.02736246314287058,-0.08091108325189104,-0.3961524612867174,-0.04748195142961677,-0.07973781792308228,0.07866539745562127,-0.14641477963589297,-0.00725550089811907,-0.01272168403969639,-0.2617979157967538,-0.18923094721288555,0.2950933629437175,-0.03134813803062745,-0.06632611732673281,-0.21742803459267354,-0.027946885409676336,-0.08441427983378688,0.01478263528138772,-0.10202817187608966,-0.3314172333659771,0.0012357442030815175,0.27939453349875987,0.26355888488775514,0.23762913743384806,-0.21320200319486382,0.03908495404865327,-0.08691121451886698,0.1597883648655026,0.1574891944288446,0.11219589969509648,0.031860191784943405,-0.15050134564691206,0.04423838707741644,0.26798863097544684,0.02288258942465208,-0.045080293551747586,0.12490232866188763,-0.2334508629917808,0.121753710882194,0.175689565277677,-0.19254337772372926,-0.046606472012320356,-0.20770935350613887,0.14965527957276,0.17271705308922208,-0.10393083342977306,0.04990978298781951,0.055331628458114755,0.0024400541594721404,0.2811705384560708,0.051198495937558305,-0.24717383121208444,0.21503958148648902,0.06422530675333742,-0.11059868426556863,-0.17754105115442964,-0.021980136563021432,0.16117502005788906,0.16355292569601781,-0.2727393690182902,-0.16570901987823794,-0.08297758127711156,0.008700297862742307,-0.08289967929640722,0.23004395428708468,-0.08553436695667506,0.0997129836155972,-0.1151794443513357,-0.09718884277555169,-0.19543479912043554,0.09257457514621963,-0.2638065502452198
2001-06-13,0.26122302371386213,-0.010503347593674764,0.0639872425912644,0.34898877962963964,-0.00929191121028874,0.28283183900754433,-0.356910717158497,0.4892546783755719,-0.05354345751818695,-0.052552063785310646,0.015526898621795003,0.1771269784732084,0.2113988148725253,-0.20829516504432052,-0.0982093639845426,-0.5273959387064395,-0.131657588432167,0.017649467969079454,0.16724753439588766,-0.31325606303597525,0.2968948220814183,0.10557363757825243,0.030413154858320437,0.43067656089551765,-0.17810774773864022,0.14419419675702688,-0.09652955813307178,0.014365738992805606,0.17199115225460684,0.11047837220616177,-0.018358881839445833,-0.09229170223204843,0.04297471462116463,0.0657731644817675,-0.18202074506056895,0.3028693975495048,0.15214126549101453,-0.30759120738641527,-0.24671454739232668,0.28798343558256684,0.15597554564850918,-0.1282054257587684,-0.12672297405372865,-0.1820754011131148,0.19220374142760369,0.022526812605390585,-0.23810640249284046,-0.5582495251606041,-0.03003748988511871,-0.22441881374414194,-0.11836163026045553,-0.016047046593003704,0.016138983751340413,-0.030669915519950207,-0.10754520784487956,0.26247385951818564,0.042850328794424214,0.061669583394097935,-0.0012791631976284247,-0.10344850392391147,0.17479776623509952,0.1401428506134395,0.007632804831433135,-0.156938404578038,0.05645019540403742,-0.30509218183465364,0.3016382055642955,0.20081072397229663,-0.15266574087587334,-0.027992857813653585,-0.400941962339964,0.3515053161636661,0.03827098436266848,0.29188874425481226,0.10332292016955112,-0.16117092197705957,-0.19744615052419667,0.023194590330099314,0.09097338611395055,-0.18561488686512073,0.10954224373341327,0.18598154813280238,-0.1211435279889703,-0.095785777074069,-0.04660577224296534,0.09274055854449549,-0.14757072750803238,0.02267156275858553,-0.09509794091125207,-0.1422111362347862,-0.10472556924591393,0.1338724357411789,0.27544424735259454,0.08769730806935226,-0.09438876236610647,-0.014944372080230984,-0.35778302116709426,-0.07877611875639033,0.22405442347355645,0.0877128212814839
2001-06-14,0.2220914258424439,0.04599877216202884,-0.023731843125507687,0.13315419151971533,-0.03766141335760366,0.10784553825061663,0.0021975363066624536,0.07632536533020914,-0.006977554342118799,-0.045722210481020875,-0.09025575089287043,0.01396466417739571,0.18484685122984731,-0.15614647575734708,0.08108071092869873,-0.3984838178973294,-0.08374934488604467,0.008507873991342282,-0.008877332383347038,-0.270960901956413,0.4136557760452038,0.1419955395385381,0.0687327591236972,0.1624241150296641,-0.06540367105098259,0.2725169001504045,0.012261267293783943,-0.07312436216459735,0.20224916536284615,-0.08172541117110385,0.05841229480783618,-0.044377292136349826,0.008445208115732468,-0.09642986215272385,-0.09787804986977239,0.01748077107931916,0.25954781852238806,-0.2047033526005342,0.08268429195660477,0.13430514698059845,0.200838945764684,-0.13537792851954752,0.11675274824993805,-0.2005879394691308,0.27724212449412694,0.0439786972516492,-0.2027538853843199,-0.209485100319126,0.05002385877325425,0.09599388310207402,-0.018270579617547737,-0.025083883845936246,-0.023883267106638986,-0.025387650010981016,-0.08797309312749516,0.15362529032558161,-0.045855521380428775,-0.10041762620583294,0.048931349388548914,-0.18192521622123953,0.18297356637859535,0.05297753260269854,-0.04250877603770405,-0.32663866712324996,0.17513004067662513,-0.20366796164710768,0.34492012460995236,0.27034440166848783,-0.06717179681082551,-0.07665283899638937,0.20116701990031183,0.19206131148578123,-0.20089761754830657,0.19027487220161507,0.15304487740544187,-0.12010079447125409,-0.13065116144290767,0.07993835862810884,0.15094148519428974,-0.05751367037351104,0.013960670747314625,0.2803402526388883,-0.09229093721448053,-0.24556260547122644,-0.17315194722735155,0.2157639649454331,-0.13848934885271305,-0.027931582407789386,-0.05156387807434734,-0.2250338152697605,-0.09481630115401832,0.05502742876874212,0.23239848778448105,0.0638836160027814,0.05516742274601183,-0.029138146041745416,-0.3643294418444906,-0.18204185061104824,-0.004980717817754301,0.22152008435310636
2001-06-15,0.2209613402372043,-0.021467186546915203,-0.03399806980163438,-0.0586346156556287,0.15984418566926717,-0.0386904240787212,0.1064501501488871,-0.18170405268675133,-0.12590556179766063,0.12780520416603688,0.1282745775536103,-0.12438923453854425,0.15085107350052795,-0.1206354549968655,0.04598187518473261,-0.17934303205895125,0.21751718427680472,0.10124555764198788,-0.2772392403704405,-0.0066786089864205415,0.16264601786771435,-0.008125096178032365,0.11678156578457295,0.03672014718245849,-0.027507904288494023,0.19998044726688952,0.04845139966036687,-0.09060033333285435,0.22711291174671247,0.004305545849527833,-0.0516473830765638,-0.04248703479868326,-0.06310555866471018,-0.06535241526567531,-0.11154562650688485,0.22203705237237703,0.47089654389426194,-0.09020248489540307,0.1630517209108736,0.23834714932888423,0.08977344564553755,-0.0988699947461116,0.058449322581649324,0.01696611512183602,0.1443113964643776,0.07913012471976025,-0.21125129062478393,-0.3374208891199754,0.0801973868117259,-0.2880145322512724,0.08602974090611087,0.09227200452863084,0.11335594072272863,-0.11523443370774891,-0.08797397383360303,0.17467266829042316,-0.20616701889356764,-0.11993108486953125,-0.03452215716201382,-0.17892083456177413,0.3266766512673398,-0.009977040437879902,0.2099337720199114,-0.12453624412931034,0.04805232145643166,-0.27430864864721777,0.18124845967056386,0.19063585699570987,-0.2488897883655296,-0.10206329866955272,0.02649911818165879,0.027287867199944516,-0.02057243064808826,0.0012156125563776946,0.06597839523671424,-0.040262182085185436,-0.3284252538453137,0.2682458520293347,0.07418383785488038,-0.12819007055052611,0.22883903143812015,0.28254517322412404,0.24008127092052703,-0.2437420179323116,-0.22352683332365483,0.11082204646605691,-0.6020061479437545,0.09984769688579763,-0.21339655838041338,-0.23185648245504756,0.08756641827163363,0.21241986840165314,-0.07106808303481212,-0.0400995592446787,0.15057275768732478,-0.0708205475695967,-0.4547253459329025,-0.04755691226204726,0.11810566496501661,0.22537838808533409
2001-06-18,0.1555082393029137,-0.13971671998266852,0.0015428020957224055,-0.3072205593357691,-0.0474830563134225,-0.08385325531879421,-0.018213430716208127,-0.3119480144584205,-0.040390432581371254,-0.31775652449603925,0.36315163262687306,0.1457823517975168,0.14772831042399975,-0.11277170567813209,-0.09018562939012778,0.17866241645476155,0.17345473245777115,0.2146917734286319,-0.27302107635715833,-0.3186304318439002,0.1281494201273117,-0.0822734318141133,0.2567733443300906,-0.04962236444326639,-0.2174511856647071,-0.27410863351427317,-0.01802791266529388,-0.16363834650332035,0.09214769352381695,-0.1319671978190683,-0.03114302518368995,0.03939072942051289,0.06493532327589419,-0.15168205395998244,-0.15294293578133478,0.4426702151266523,0.2724166835706183,-0.0971994110748995,0.1332935675705635,0.4726599032631409,-0.14220676584870476,-0.015518048288691863,-0.4889319549638304,-0.07634890534239105,0.0020982194565631073,-0.011041091708337582,0.2890290729568396,-0.04210082563892962,0.12448027325258143,-0.2502055728986193,0.6731055560951018,0.22762103041094062,-0.057718445674603026,-0.17050264357639625,-0.07815483318532025,0.12900241374537613,-0.5078477772369487,-0.027101737272987102,0.07086531153575618,-0.2147031514206629,0.13403259851011792,-0.09493002154587443,0.0619565262346302,-0.20696106654447236,-0.015107841367848584,-0.27430864908683167,0.1075260997470509,0.5472134890484848,0.009408717282499228,-0.037591299346816966,0.0070359377085380675,-0.03283854026185802,0.07646936565222093,0.1488605485496148,0.1315714947435912,-0.039106292691247845,-0.21527683166564293,0.2582061066675729,-0.1468418958462185,-0.32269987616633705,-0.007371880488966669,-0.24396797287791822,0.31983735213358494,-0.14436850612373175,0.2248881966043962,0.14090124037629595,-0.36430226437943447,0.0831926853270958,-0.3034353072173184,-0.014381117888130977,0.034743067708970295,0.05960914537104112,-0.14551916979139853,-0.0815202885373899,0.3283246850561111,-0.19319054034379668,-0.27948059771412775,-0.005983596939842999,0.256117377470073,0.13804379839259548
2001-06-19,0.06400507856307894,-0.14690554211800666,0.05872752667765222,-0.09810945363896457,-0.1113324217842954,-0.05945955608188522,-0.02267514605433854,-0.021760439357348216,0.05545340401996989,-0.2826341846325438,0.32330225185911504,-0.07560056698560658,0.0968456007677664,-0.018341114301773136,-0.13750913559806022,-0.3041534313331212,0.19895245818582713,0.25808338994386454,-0.0881466965380345,-0.07276163875812774,0.1673517524802324,-0.08227343444125451,-0.01656526681236301,-0.0989159672706225,-0.07251562966337684,-0.472156722372285,0.03965055668334216,-0.10023318996086206,-0.12893053071414137,-0.026092988598450776,0.10421669173913832,0.060720396746686583,0.10099717367192688,-0.03666960855826364,-0.2571230667297298,0.10464838951484755,0.11359989722710165,-0.02001960181265345,0.164827394861581,0.013149845328200419,0.004572282310043763,-0.02110089579624461,-0.2672908757222784,0.14664342238480807,0.03487145262042715,0.08428415345813414,0.2541665687763766,-0.3009430362654263,0.13343479282351042,-0.10528857570496972,0.5734553294356748,0.2995973990814864,-0.05876852916168215,-0.22704981632696783,-0.07340924205973533,0.15677329058023262,-0.06761350666909197,-0.3222113231510665,-0.03019594949786729,-0.2159523909308567,0.08603492016647143,0.034604831302243746,-0.0012475005413921099,-0.20696108202371238,-0.07847688096822421,-0.15797943915323448,0.05585176960601226,0.38151638704275637,-0.06386178253597467,-0.030527116330533486,-0.06359703763945761,-0.12976314819386886,0.17348075836485508,0.05979166092107966,0.08495252049215349,0.018071010342894562,-0.21112593697273946,0.22090277092009644,-0.06210213882086141,-0.2655311551127616,0.20719181677116716,0.028139995483451023,0.3180049675484404,-0.17487565664968005,0.01064199504727643,0.21249073906330732,-0.24917173517201593,0.10689783071116042,-0.34630271392192213,0.0609929732267738,0.06439310230296366,0.1124625622568551,0.08596234936019244,-0.011607558882776748,0.2943843104674402,-0.16069826288644223,-0.1676194055958249,0.1107038565704205,0.02722738765233051,0.2278140143675148
2001-06-20,0.04672251061010762,-0.10253968618073844,0.09301892346450218,-0.09351548707340547,0.0016947990190182948,0.19351529218894895,-0.041074771455869206,0.7180960907285083,-0.16881398073707776,-0.08991021063207896,0.2737963959959898,-0.05630907616720603,0.14823555374897177,0.12147475453297915,-0.07215386324644822,-0.894998533192709,0.13217778880538425,0.18312878562620666,-0.10724228647056781,0.15657652141437398,0.2483278367642368,-0.1515100090659793,0.020556758789704314,-0.08478938069743555,0.21417761453222559,-0.4657529131567647,-0.07774471251105441,-0.10958531001662249,-0.2925742102048469,-0.11554403726006367,0.2966743101591704,0.06122826633770699,0.020797416863862755,0.19202325440687557,-0.16262850820318997,0.419280143845032,0.1747520623693881,-0.02826296305148363,0.19897764381244926,0.07576399828000488,0.07236490262012238,0.08284696916865508,-0.31804927304235714,0.06002142743307227,-0.0335862433058268,-0.06808601975601561,0.011595872643084723,-0.171166522214831,0.05876704651409829,0.06285544136886638,0.32095332669096355,0.2669717103134665,-0.07866605858176155,-0.22614154592841848,-0.08239015581516715,0.10131337140507743,-0.07557503863122808,-0.25007297833615877,0.2273982910216446,-0.18731407415521026,0.03894990685532407,0.06862200865687418,-0.010158999605677989,-0.24267625950513275,-0.02872752410423157,-0.11543430333936527,-0.04848261818137475,0.21959666243777676,0.24718329357435712,-0.15019780389477194,-0.15423599738326305,-0.13061482360596158,0.1825727424791945,-0.01424529000824097,-0.020904586870346735,0.033765814471813434,-0.15083551561990385,0.017124089359769116,-0.20712530553927574,-0.23916847628256313,0.020645668208411055,-0.03262833995882478,0.1444942888114127,-0.08070707170413456,0.09512115728404148,-0.021634344481290244,-0.2817276734386896,0.10864109938172273,-0.22485700906388414,-0.19134983033367284,0.05260053478700429,0.09084406452522246,0.0368968063917374,-0.1970598969548336,0.16222178113515873,-0.0617107530191494,-0.20711880651310877,-0.056040575900182896,0.26112298844858295,0.10324945039331695
2001-06-21,-0.01856237507132235,-0.09847931915857024,0.017169637741995997,0.008903249368089004,0.040064397923275416,-0.00963016877070569,-0.05335701944189901,0.09138340773638359,-0.28326372115220566,-0.1552156241201026,0.1581733763194041,-0.10948422745852485,0.1629312815028962,-0.07185389987060978,-0.07428580624899761,-0.08536765884504774,0.11389258862493244,0.09271701894930147,0.07578149834436267,0.26906203810138307,0.0014529160259117288,-0.13866092351184844,0.21290065922639415,-0.0847893852169812,0.2223285851242683,-0.22796479520802015,0.002566807045087116,-0.1143039728962359,-0.18722869763166686,-0.05602296431010083,0.21690168969834683,0.0008035461496384139,-0.002783821001963288,0.1296934757367537,-0.11433558482469945,0.0699252327176985,0.2015688440343485,-0.02399895082282748,0.05334671355351286,0.06272595911340163,-0.03643247490043601,0.054892073816026316,-0.2360653153633881,0.05320658673893155,-0.026996255822525093,-0.16964614801158034,-0.04026725920614346,0.01132849812356991,0.07920198474642966,-0.08072363089913406,0.2839383870549947,0.07306500701909759,-0.13872292735477199,0.057023778776234144,-0.08016162338585678,-0.020187888227261416,-0.12559870500357134,-0.09945662474992088,0.1770888487424531,-0.15308352887134233,0.03113781347263612,0.02109617387881445,0.05802614308007681,0.02126093909125055,0.1184374839485507,-0.12296517446191275,0.00011250118432173364,0.14141667669711536,0.04241000845162805,-0.18032951293610677,0.002825204300871994,0.10787894526766181,-0.04353916622529106,-0.13134953208626204,-0.0697342845807756,0.03455815915109542,-0.12309128965326883,0.11806687683747384,-0.023775725735580927,-0.036455957133978735,0.03744872700108847,-0.06762220141577956,0.19948340191525987,-0.11512278360206127,-0.027316220764339476,-0.018933282604792007,-0.21725766191954876,-0.15769302786446385,0.02273320589651668,-0.08142312773015363,0.1891439148701074,-0.034156563401813424,-0.17278617205827243,-0.13068728715651085,0.08402798235505993,-0.06744887251247865,-0.20003401474391072,-0.01587808601947751,0.0769499955219459,0.11281841513654173
2001-06-22,0.0036521777936075264,0.19752966960347612,-0.04975307519645623,-0.07188959995104302,0.20423988752915503,-0.07739950563638001,0.2360737863323199,0.030299879290524193,-0.1861539215655877,-0.33759474498870456,0.1751840844388852,-0.3235102683784957,0.11130526534688803,-0.05239663654391003,-0.05994070276385469,0.034829494576844464,0.11778083597107089,0.1658678516510333,-0.08603234843827338,-0.1283886084470571,0.07178340938589568,-0.1770012254975361,0.17636696278351582,-0.29016809246270747,0.2281316280636824,-0.3851586213702224,-0.010748909066680492,-0.08658375202733305,-0.1709295293134637,-0.09278759522360891,0.2610731811419427,0.007115091414685055,0.08015681851720104,0.22619807990437657,-0.13239981808325188,0.07949708847299562,0.2201355007351732,0.012715699529428902,0.18477531990959759,-0.19130444135032665,0.00808112376249754,0.02500766598992376,-0.20184856805062343,-0.13433754273573884,0.02582748186449381,-0.29913053927512445,0.17586665097576817,0.047016942849491365,0.04756873280112122,-0.09558966764877518,0.40135276446971385,-0.013037727384401725,-0.1598763293050497,-0.12579005924552394,-0.09140067493501422,-0.11923836495602179,-0.17134358463627514,-0.05272915141615644,0.09018948755325325,-0.0994407774670496,0.013203621567931673,0.05486800449523264,0.05745652408836206,-0.10538922732408133,0.050406531018637506,-0.0154532768909729,-0.05122477529341345,0.1920356473575855,-0.0921009269770495,-0.23310578478228372,0.13837601121278084,0.31009270214668794,-0.17360448252009258,0.08045213369874508,0.10447796598616975,0.002706697605314035,0.10915829568371567,0.14119460142535875,-0.13168219508716855,-0.20226205637904004,0.03891650044995192,-0.01635910917116503,0.11358337487062146,-0.06148867368974507,0.11335634868489532,0.19636669705356288,-0.18765119550418416,0.16241116427142746,-0.08834743825729807,0.1315278174890285,0.1429005653616597,-0.0732112825903157,-0.20877460580306567,-0.09617742129202358,0.2391175468558938,-0.06574236716751555,-0.1669562708954525,-0.10152179453673686,0.01817952625232872,0.023395275676601716
2001-06-25,0.025523858352069818,0.06934479520958327,-0.027976477741829955,0.02249003599354867,0.029752831470956406,-0.025139901649116583,-0.0056856551100245905,0.16776958923969004,-0.17022414454459645,-0.3234491644127914,0.06504174264612565,-0.4694882199675723,0.0924700389041925,-0.06558854084078176,-0.10804228107089285,-0.32947838556419934,0.162425002972318,0.3992494023819828,0.3457102246492614,-0.16155042172758233,0.12671847623314658,0.010706378206607256,0.12122187176934841,-0.14026573105618798,0.09300296528431547,-0.17482749090477778,0.017306178205961604,-0.03439958099241654,-0.1709295325066531,-0.09026318323365572,0.3068495172871568,0.006390496448781602,-0.02062944963914678,0.19610428437838154,-0.06330858146606445,0.1380040837756607,0.1407585199159389,-0.14235468746858324,0.10610867915384425,-0.21424816931170856,0.026664281877642287,0.10927196530575717,-0.23625942742351144,-0.11671256869593737,0.07723739094427773,-0.37969110295727343,-0.06412286559291115,0.15382706022409004,0.06614870162917144,-0.26838789987919887,0.35308860037024054,-0.08771845064234379,-0.14719756201643286,-0.06432790343440858,-0.07590227486348818,-0.10884244661723924,0.06495821613435734,0.06217741039114528,0.10411951177766532,-0.11527168740321075,0.10553932058424878,0.04460663148935206,0.10799773380881342,-0.0018966454007463072,0.07204430259588676,-0.15536503591899764,-0.018516918723369413,0.15417095592650149,0.06615933091988153,-0.03242892088295044,0.2165674006126127,0.15729638395584677,-0.06725703086966973,-0.06397472715774717,-0.013597256973768086,0.08622634508524403,0.05880358964901594,0.17186505002042246,-0.005854868800543857,-0.09257018528038359,0.29887290591117127,-0.01835389051239697,0.05422185144588012,-0.0997614887002325,-0.16208515139114701,0.17148682624719336,-0.17564417617735975,0.0831975131665344,-0.03744207794737712,0.09839781472931627,0.1852122954541628,-0.05688855817831069,-0.07127575189592503,-0.1031566536108049,0.11600901008168434,-0.08069958633571994,-0.19542904888650475,-0.022982972272302456,-0.026541462864441416,0.10191642584823368
2001-06-26,-0.09686483802421601,0.08531137774478743,0.007497450240254369,-0.09595302658094838,-0.08926413863255102,0.1419217719772562,0.11384832123184932,0.04614387990017161,-0.16692520084000984,-0.23728657614989174,0.15573124203253813,-0.34318970709586355,0.17569359284348196,-0.06972265330325635,-0.0639967931622771,-0.3180654931110818,0.1582377441923428,0.12948012797207084,0.13483341752298558,-0.23319956850507506,0.16866004433840504,-0.08571349277143232,-0.007057990583672577,-0.06044583443519145,-0.09764403947100424,-0.1144951114660106,0.034475201980556994,-0.07164040149015355,-0.2360998570485249,-0.1530429620275005,0.3084503402654883,0.021306726399987406,0.09062255703504271,0.20402050283597697,-0.1462290011250825,0.07033503697310078,0.1423707335042753,-0.09228093572763839,0.1456361138670158,-0.19082859864801496,-0.019501997864172716,0.15780288383679633,-0.438482230167712,-0.1226535609376741,-0.08280269212103174,-0.3090530410578838,-0.05121037747424151,0.09012289369412942,0.09456385167201252,-0.06899721157849932,0.2580678589299652,-0.1540802493762258,-0.08896580076218599,-0.07703836908221418,-0.07590453584397806,-0.05977713787361568,0.1642443012142793,0.11131263922762455,0.1041778721648388,-0.21222045498809727,0.10132926482191949,-0.00176934087992011,0.05191702716907486,-0.20034780698516608,0.03155099149869156,-0.06577291177794344,-0.11929066660309157,0.1606357109865312,0.021743033265890277,-0.015696612688350063,0.15860405428457178,0.1642860108763575,-0.0053227107926509,0.010849455386131147,-0.1688239590244517,0.08611628539062337,0.13225329440044933,0.18730310852562831,0.0018369603565730297,-0.047781274835993454,0.23922416397834165,0.059647162168630585,0.01903805310081718,0.032017224502761114,0.004441651584067243,0.12332983036110491,-0.17008760255417776,-0.022251337110152092,0.4573748483648331,-0.0375743665696629,0.08827357753647168,-0.1800260496496614,-0.022750621428074835,-0.051025852263189043,0.15406413198131397,-0.018362195694622732,-0.03942488046715683,-0.08626087254789962,0.015820328648724544,0.3396355130969004
2001-06-27,-0.0391222447067174,-0.014568898899683047,0.03333893550822966,0.16404573111866355,-0.0064993311508890535,-0.09950423364743859,-0.12006151890035181,0.39040886454465207,-0.24895071710683347,-0.07963898424556409,-0.01654362667486714,-0.27017734847086433,0.14442304101861617,-0.02704302350506894,-0.0490512966060842,-0.536586944788528,0.22219348683432832,0.007523925281424782,0.29914256671375916,-0.033958891021372305,-0.12709799267500843,-0.3567401349545756,0.06132736226283115,0.01041845316794567,-0.20950267116683163,0.049833294975012224,-0.1382480880299421,-0.036655094919884224,-0.14958716096258598,-0.04991132781473688,0.30845033835171687,0.005818677632806688,0.1342997038747362,0.23506617709850097,0.08768503471513439,0.10972498462538224,0.14535358669097878,-0.025178909643794864,0.14677020906029015,-0.18383909351970287,0.019979356297281148,0.10237810040703636,-0.16859312758408362,-0.3414807406380332,-0.04714243788793666,-0.23571229414571968,0.03979568465347312,0.06997095923853316,0.0883713947202582,-0.0012310251494612066,0.207499067359364,-0.032628430074107186,0.006041251712861931,-0.1897434251550068,-0.08600870658940886,-0.1909244480052821,0.16075221189449174,0.01805451154929367,0.12679645927745067,-0.17628885682224416,0.07371599842117171,0.007801544219923979,0.038063604372100844,-0.2736033845941781,0.09873560628162777,-0.04078869146220743,0.0655077811716094,0.024332394230236132,0.1340018055850108,0.02448325972473531,0.10408477469498156,-0.0011407384683671772,0.04118846049809394,-0.03964617159179369,-0.13375477185648862,-0.013896702376378441,0.021275180726041714,0.09246688622250826,-0.023822804911435194,-0.164551815447966,0.19913388246556915,-0.07674262697636774,0.01152008073679313,-0.015344829730028353,-0.006011317578916062,0.0339161284474557,-0.11081336226966831,0.04922607445294842,0.43116682606280626,0.11674847497288483,0.027185700226691298,-0.03150853938099381,0.10377297424924925,0.08131819564282779,0.05536664926930259,-0.15163923507936589,-0.25009503710827263,0.019989597001461933,0.02920688239184579,0.1929377792131638
2001-06-28,0.07821743468392872,0.018241134016738176,0.04284277665723253,0.3492878424307834,-0.03590705032613068,-0.003724049028945926,-0.005225152244754596,0.11171999214953286,-0.09862258969324798,-0.2188177114642327,0.06759205850046468,-0.3717071917819858,0.07605895663587618,-0.06015428318974894,-0.08496298691156792,-0.2149491691582028,-0.009148512208902015,-0.09923835885382876,0.24432059362635133,0.37409136009674665,-0.10824560094545663,-0.17088745531978516,-0.027904805800117546,-0.2568068588954824,-0.17134938619870432,0.10390653620651193,-0.0932031137665662,-0.12069272526294608,-0.06533298180302435,-0.0029694178354049,0.17646195695910075,0.041222011586555675,0.13474847031165985,0.1945263328320882,-0.16769517922643656,-0.020921052093293323,0.021604066394401093,-0.11084440812699173,0.31827387026052917,-0.17638708711019355,0.11469228046739113,-0.06061894604831373,-0.17207719204544,0.296003331326454,0.057992949022144934,-0.17830653854714976,0.18089775903337102,0.10672619358315258,0.10921355121152997,0.10226949722924213,0.5562245391399059,0.04485999692217129,-0.008667028358721672,-0.12145577692864391,-0.06518328726576168,-0.11977808410099172,0.0567580152091109,0.13131860393264577,0.13256033419840507,-0.14229821247835905,-0.06031072394058544,-0.0312634528661977,-0.05582045029051099,-0.4155053882109026,0.16652018068919855,-0.12270534721091672,0.05332268194899967,0.04406099976318508,0.10209678422374434,-0.08518326164729052,0.04474195625656125,0.023497989470514746,-0.027207340822817182,-0.003979373746201648,0.13311010796524572,-0.1020095834962451,0.18662856403106978,-0.028536920300079247,-0.03584765486374407,-0.15804494064381483,-0.050076321323397434,-0.013229105990591903,-0.1736698062636746,0.14448454722316736,0.065903628157134,-0.1357907260947844,-0.22894523441883657,-0.05432769024636766,0.27016581464283546,0.06769684864362747,-0.1175949474614747,-0.12532855428173525,0.06141224083700683,0.17342065959035602,0.031258160762551765,-0.05765961143357263,-0.28261089432900266,-0.10855698402321717,0.13612735083008162,-0.0656226697936394
2001-06-29,0.010376716932202695,0.05104134694821422,0.03162056459550578,0.24402961087529787,-0.2905336775361183,0.12177407502092381,0.04057488694632231,-0.009614430185569066,0.019138099083638734,-0.13298322152916198,0.020676301387602413,-0.0370732928076033,0.06981538823228804,-0.06796343048738712,-0.06635111146594622,-0.16768335634274087,0.07880184061638973,-0.09100811338947778,0.18814702961870777,0.38678119098248753,-0.07163882304993657,-0.1982025210300751,-0.022320748655892574,-0.1270844402945324,0.01832379423256367,-0.0679680715569051,-0.14117899937174724,-0.1528306538643477,-0.02425782191246965,0.05871316394330868,0.20946926140769867,0.07277147376487596,0.11868332427937439,0.1650768415323902,-0.20508723468991477,-0.18879285356580522,0.009077550485418103,0.0028544501610213375,0.2517299284282656,-0.11102464788242603,0.09445596838518866,-0.0565560701358767,-0.03556294313766248,0.2842187896627368,-0.007979315396299296,-0.15569446025485598,0.11320609110470944,0.05596761613161822,0.056472065591115325,0.12839555273735198,0.4207316458278278,-0.07492307369621382,-0.07560737662236386,-0.20394454596456127,-0.040771006986914146,-0.08285618492734607,-0.0055328107611489884,0.10573760359227878,0.2981498235352694,-0.06935424877174337,-0.08942859261382678,-0.09117680258088522,-0.17917640921304978,-0.17916268840989427,0.17389549786959743,0.0037280337592994505,-0.003899454662830484,-0.029243543201483115,0.11211854672217084,-0.0931735329439749,0.057588893692916046,0.11050170331806368,-0.07605954610192726,-0.12586661635197255,0.12186073770830536,0.07512579495027928,0.30089070569157583,0.0045851307607537,-0.07933028000672403,-0.12855836352980982,-0.16856303351460056,0.06432409866760297,-0.16346930388781641,0.146603618433284,0.1070026306533731,-0.19269558164783143,-0.11238496485433669,-0.050789968071354434,0.16934350578110496,0.029854034600769613,-0.07701484353870618,0.11317025346871755,0.029579370484807556,0.07793036246504284,0.0963148893034396,-0.11026779752250508,-0.19360645050878578,-0.21673347005218344,0.0315590501888794,-0.14511227320232617
2001-07-02,0.031075708860705785,-0.05238065584976514,0.07198191446695329,0.19563131396065858,0.05281609288052847,0.056213996433578536,0.19293486769825485,-0.026623144113101842,-0.020996850562108402,-0.06031834839563026,-0.06916025840900275,0.18017064467084107,-0.02295071919398069,-0.04660718726996012,0.0303655159252867,-0.16204226244805306,0.006251765674272127,-0.0185218192956229,0.233211899589291,0.04037462855945526,-0.08915882171877912,-0.07965563932596553,0.06943420241861535,0.009825355254784809,0.007891264500057619,-0.10087065493330152,-0.08184471978670181,-0.1331951420325024,0.1959661023560965,-0.13295724952031668,0.2296113616212038,0.06517095220699465,0.11806102361832868,0.09460070172081478,-0.0163808336195228,0.02383914430856341,0.1812260723894912,-0.026230918586300674,0.14894643907948582,0.008207703466571998,0.06132152810790264,0.004541477219829362,-0.18574557028109398,0.2001135402629732,-0.17803084246407608,-0.3103504819513884,-0.011126992404388147,0.08543410209845838,-0.030428402319288266,-0.019025508574212667,0.17128078276255,-0.20186412699679163,-0.10382677174600273,-0.059742273898215625,-0.035294715852559964,-0.13024925811765004,0.02826992688526493,0.19554922171794292,0.2072484499504842,-0.15512447418802605,-0.010801230515187898,0.03642324080729105,-0.1404559453371811,-0.12632142156173756,0.19015985783896427,-0.17173880484561438,-0.0208997925919764,-0.09416594523217559,0.09939478643652021,-0.14383921622438117,0.09637182015610989,0.27632986793216335,-2.3038493190600554e-05,-0.20861712352734696,0.22891047571982126,0.09516327172367876,0.26487499889443994,0.0296264900891983,0.014452243756482982,-0.03559377787948079,0.045067365836051365,0.2234730994970554,-0.21037819482112669,0.11273149943616557,0.02850713838125962,-0.08769629952963091,-0.24125373276568887,-0.1850512300114458,0.24585216090019102,0.025736652285962686,-0.08204897498902546,-0.34612216508421595,0.01931096166804253,-0.048818439836623914,0.11994854457531505,0.006750202925208939,-0.30102107497339203,-0.1604946515927515,-0.03203961580093239,-0.18833080054977921
2001-07-03,-0.009685281849837066,0.05286061631597291,0.03779120536395437,0.07042281933489752,-0.051485863937954394,0.06634218396378316,0.006960909532787567,0.04178498321424602,-0.01448574743469745,-0.013545076445103306,-0.0423306466466753,-0.04838112908072928,0.09320893577371472,0.10634092970768916,-0.06181534346468429,-0.17098606054696852,-0.013480018959034888,0.04897722768196895,0.2581345013889431,0.08381252387219691,0.03343173865760513,-0.19425335192760715,-0.09615884789517663,-0.040896420922470984,0.12775073750310154,-0.08267567541409368,-0.07686224632235515,-0.09086614015725296,0.038508312512609194,0.005055499638261447,0.12580539633351448,0.10655946828837548,0.17043114831266762,0.06317477893480805,-0.07500987340390775,0.3104739662246831,0.25163439826939854,0.07878551039389,0.13448804135483058,-0.1310117464434146,0.0005536901438484879,0.0017475395735895988,-0.004315506970702472,0.10861371694402602,-0.04996850494901158,-0.18720046737521204,0.10209149479043708,-0.00409080762286057,0.013278257347457557,-0.17373572978613433,0.24418157363533444,-0.15563277015228202,-0.036013569289236616,-0.11508064847943127,-0.014063569133745788,-0.09647488479969467,-0.047297182384486165,0.03994601108717312,0.39877509215550316,0.028086776413859527,0.009983932402097863,-0.09698110983888383,-0.04648834152192089,-0.17381128434435392,0.027688030669186132,-0.05489267905041748,0.00816169563569048,-0.02686933321520389,0.13485736374380075,-0.07497480527616317,0.11745750091367033,0.001196827709419223,-0.042231182613949605,-0.04530620956764587,0.037750912052310064,0.04729984755567446,0.09937898941689763,-0.0361745370088481,-0.01662848879671386,-0.0020225844790526825,0.03392046751124504,-0.07385874753608486,-0.17696168632681838,0.0684169656766436,0.010304794455079218,-0.030073760802721557,-0.010325723923779609,0.010223291315720282,0.1938109663360867,-0.03458263527346047,-0.10888327723420367,-0.039114934831801694,0.1661364080039461,-0.12289716531488777,0.14627644494028716,-0.09523159680290375,-0.08363667071007612,-0.1316199331161678,-0.07646141455643436,-0.36148491061149207
2001-07-05,-0.009192233754253975,0.11611322910182527,0.047849921704444014,0.08462687943544689,0.01957540320982579,0.11662542361565945,-0.07754471022629471,0.06522879671047807,-0.07974357883043681,0.2094635714075273,-0.03162949822319547,-0.06492480941181389,0.17748397677880257,0.01123187075670105,-0.04256582280156608,-0.06623278714123534,0.00575611399403984,-0.09438936672470617,0.1013859251061431,0.1764490743408815,0.08748799556005575,-0.050511207841959234,0.039119300590287356,-0.11226650060213744,0.11448653464158343,0.014535645694961966,-0.08296768529177515,-0.016212592543898764,-0.057346971461379584,-0.05961894999745258,-0.014939390959905428,0.07016662799690306,0.21310899854491466,0.10020892532513265,-0.08003437924041441,0.11478512795445822,0.17512302058888685,0.007250156862726267,0.10178266694746323,0.024117326324371274,0.14461549332033286,0.07620346203933057,-0.0880577288539213,-0.05093307517926889,0.0062607627296880726,-0.14398668804464526,0.002037851847680885,0.033997890817223875,-0.11212403983418297,-0.15070913858233442,0.3045257164386122,-0.008768127585160278,-0.0031955243589165583,-0.03487565707561677,-0.03192052769206351,-0.1560219097609655,-0.1487377607153329,0.13210611272310877,0.3277602781337239,0.116111889148437,-0.028961915363338007,0.06249715001619575,-0.09591482873125927,-0.17664523099796328,0.03902291723397649,-0.0401860171921706,-0.04481446801256653,-0.15181325329411896,0.20973972641180458,-0.11871572972419582,0.020307062444010756,0.02644995711780051,-0.013338740239468976,-0.19695298786975607,-0.09405409868855537,0.07743194461756003,0.047815258460636695,-0.006752816606963991,-0.09375882833717591,0.04346411747676315,0.060312992493937144,-0.06499285522755562,-0.05102228113142756,0.0211334083612449,-0.04109619371649432,-0.07251413760348724,-0.028918021685518516,0.01278790814528889,0.1812554345074762,-0.04562430742358537,-0.11863119233305185,-0.029267120796640858,0.09600388329723955,-0.15738724678191746,0.07274559672790752,-0.04891391664479577,-0.13712742479990211,-0.14118123694521353,0.021656233989771845,-0.3396943126191167
2001-07-06,-0.02727683704901089,0.19714231802374252,-0.09388612583860395,0.03757441416693587,-0.168532375776455,0.15706302926880936,-0.07371905039525048,0.18739507127768842,-0.16746183251217275,0.21248973325602835,-0.19719695682741545,-0.08404034187084439,0.10490958722588607,-0.06584852071870986,-0.02247698895865603,-0.14036003258950622,0.005682380485646237,-0.077780784126593,0.3469079624000296,0.11178418891791363,0.1875484743018045,-0.052088048958904426,0.24981121371097859,-0.022990115309571707,0.3169883794947251,0.014339938255155744,-0.05749245147206636,-0.03118570947265156,0.0441270069311796,-0.041819235567387855,0.10580927302621979,0.11988687531207479,0.18128278690197486,-0.05318605125712494,-0.07006922809676872,0.059924910102179874,0.20518587980538458,-0.06883128434812813,0.10528103345360247,-0.005797693188258421,0.12212310931062839,0.08061302829491003,-0.12153421660131476,0.025723669622816473,-0.08003217750757838,-0.19737998271640317,0.052021989003467245,-0.06170616645444592,-0.12463619931487456,-0.06860049821653855,0.25581404933661345,0.1651014941528049,-0.07578745152266399,-0.07517597312047716,-0.03179908085341247,-0.23468786686017304,-0.3445658484161682,0.12048489175200867,0.23236125228220947,0.14167338924807968,-0.07871175044910088,0.03677906425155996,-0.25805516223128516,-0.18495961059904256,0.14743924508603426,-0.04062323242071434,0.14913197043944623,-0.08473520631645169,0.2597991155733575,-0.1755679526952663,-0.12845534174060141,-0.20819797713016022,0.17969396777898836,-0.10993153371877573,-0.04519315174319785,0.1045382853126641,-0.010417424393776676,0.09383918646445795,-0.024028296422414153,0.05137504202830478,0.08254131692165233,-0.07569618799374311,0.056300835400951835,-0.06739308518701839,-0.0644121271838199,-0.17608437999600565,-0.009349833039820923,-0.052924670030654,0.24247819501730025,-0.015285320820566968,-0.05565268297656286,-0.07902909988625997,-0.03022076629069302,-0.21276627312307356,0.03414093495687294,0.07705136039740433,-0.2434628899522955,-0.16468563365142067,-0.04912189795034717,-0.11392412284680747
2001-07-09,-0.05303340475272105,0.13397063601610362,-0.07823439771906704,-0.14719015720975595,-0.04092167755860304,0.1241278398705757,-0.028609125129968997,0.2948641589367997,-0.24025910635041445,0.18751640580274906,-0.1821765914032569,-0.08080203233151721,-0.002309776667282608,-0.2417296135472325,-0.16311692058831173,-0.5215654495571596,0.0036044246518718917,-0.10219847796623868,0.3439663553328833,0.058823031229693554,0.018472792439891483,-0.1024470061135596,0.1875048460975789,-0.28361853707469753,0.5224763620307985,0.09836600198201145,0.08848000190798774,-0.09398934794401155,0.09120263006976079,-0.05353500117722269,0.3090447436091835,0.013310740466714136,0.0563817734686697,0.04548543599739066,-0.1862251580575149,-0.287607686183373,0.16141816680996995,-0.09905812864659706,0.036601502633403206,-0.11624016248347445,0.08865627168508587,0.1583365475330516,0.045796773940442195,-0.023072718023226912,-0.19159894011880357,-0.21336718051557052,0.09966922678630326,0.11223481499522893,-0.03384163343565594,0.024886020315415765,0.12025745878357295,0.1251840167488621,-0.1038707702762959,0.009197370163406016,-0.08303896220429285,-0.19746996097975927,-0.40062097875387004,0.16013166660684394,0.10661060877271475,0.010150429260513738,-0.010211480817528928,-0.061455957209261884,-0.09328277074373835,-0.09339379558715656,0.16112706746251648,0.010098938652315226,0.16897038539118456,0.004722949679733142,0.313321041620784,-0.12896609075416454,-0.18784310583122385,-0.3051339825689083,0.2138433469795691,0.03055225760879579,0.1078857241386689,0.042884491507472276,0.1598779928835387,0.161490942812866,-0.06978085696940271,-0.03208609709741339,0.12645423404390144,-0.1558353157213875,-0.03731946218887699,0.03744105953149615,-0.08790635797802142,0.0846397530564222,0.057844991825445835,-0.1816897091374709,0.25950270202918496,0.06475747997255756,0.32359898665880577,-0.20629075012372955,-0.0976528643535351,-0.30055786813744123,-0.14390415844123455,-0.013847934261769168,-0.16866490873923942,-0.15353807612154388,0.017240832292622743,-0.2760353837749224
2001-07-10,-0.057339648416196466,0.15127602713682592,-0.08912142406076824,-0.18008900316225698,-0.17395329409492805,-0.055410864772628805,-0.02860915882916283,-0.4369955361818779,-0.16808891554354727,0.1763534556137351,-0.046480672049779743,-0.12089762666542524,0.050152777804852236,-0.1671398167118516,-0.16828193024782137,0.1212866733644062,-0.03953596346724635,-0.1312041056748589,0.2283822508802648,0.1473697442753748,0.13703282809857714,0.032859515991870675,0.15181152113163662,-0.14654596727398758,0.4240711258727811,0.06490474504262782,0.042239537509959894,-0.06763700988063188,0.07421147176958201,-0.031336023646009306,0.15016358793982362,0.028573930734918037,0.0306344052458188,0.015241621117754166,-0.11250745453295066,-0.07676964196733456,0.11435739089947258,0.024887607842885025,-0.01866388600572544,-0.09126884651550385,0.16900001600803624,0.15833654708314562,0.20401045329813042,0.025369863904768575,-0.01859338547393593,-0.11834476202504456,0.026211308167905612,0.03136672015557905,-0.035907622560455585,-0.022528874512760613,0.22128925744088992,0.04512658397034563,-0.18785526763827518,0.11389053134351397,-0.01010080770302269,-0.08359607230542612,-0.236329655814918,0.07505366049071568,0.09118379119977106,-0.03182626699673757,-0.04498480497336156,-0.005876278878160817,0.013667279618138546,0.06622550022511484,-0.20066541889648198,0.04422107230204259,0.09162216264744,-0.0992131547675591,0.21507694997668156,-0.06939188651314944,-0.036410124296698224,-0.015683557067302373,0.016503466095305976,-0.011487269096014626,0.12861609128443235,-0.08377886930734585,0.12410065935437552,0.018088510703985147,-0.0012086636762280423,0.13934128651535618,0.01889906493489443,-0.1437019921775571,-0.031137267406896343,-0.007998359931812379,-0.028214291599334158,0.04572064714817354,-0.02911270619827923,-0.12112603567514414,0.1442405221451615,-0.04914624071254744,0.15899139819152946,-0.19366462701465142,-0.004622593334367925,-0.1987234112668913,0.019081487983893242,-0.002656741802331159,-0.10463513981016122,0.04724792439349876,0.24834216300615394,-0.38779233509474687
2001-07-11,-0.0033591925836709406,0.15837450979890852,-0.08399330707638326,-0.27592421854903826,-0.2505368528285054,-0.04438314647305085,-0.017298082267089666,0.09818314277083452,-0.29924914560248134,0.14437917974606376,-0.060032107145587515,-0.2190973025181633,0.08575176267802687,-0.17211620949328094,-0.19554680189064697,-0.4201438174148716,0.035161877550773386,-0.16286234150588694,0.33379871945161665,0.22690773607554585,-0.22145258795586123,-0.027849013887559008,0.16170443038770185,-0.02136607937424597,0.13262614733196343,0.19951814511356125,0.10859544346582545,-0.05577295029454059,-0.006537301896427728,-0.12427264403760407,-0.0178225743070833,-0.01359387590451101,-0.022975781742015432,0.05349701107399297,-0.1813126522405184,0.03963708967596799,0.05030449901503185,0.004856507049432754,0.11002580914501645,-0.08860354765678327,-0.03011721274670366,0.1470745097422492,0.10335039667087965,-0.10082088099041807,-0.21412911353352082,-0.11104498504463928,0.16961554779934362,0.18663690055619603,-0.007707168963478266,-0.022528884535027743,0.14149414369667307,-0.06653400330261866,-0.08368374777239918,0.13834756508048907,-0.010888470597763565,0.03951593776446114,-0.23087836042953003,0.19966660164754085,-0.10950400927650811,-0.11322969187297831,-0.0049848646568752914,0.027109720243620666,0.017210711736442896,0.05909481550460668,-0.15411406735508018,-0.006081166999742747,0.08744709781887341,-0.04885261467910526,0.30347885539673575,-0.08712759641520267,0.08210096428325793,-0.14681429335680837,-0.06185312428040264,0.09849887898045057,0.19474242167584438,-0.11945045333111579,0.2618104727828106,-0.045862039486572984,-0.0012086736216844795,0.28365164417086947,0.09781822590109435,-0.07081928287271827,-0.1414030296945481,0.13081718487778954,0.08480836184323431,0.26861572499814995,-0.13380376865718832,-0.1771648258602068,0.22854984039707732,-0.15381207231753755,0.1978497597417866,-0.17814908772394117,-0.0653934731418084,-0.204719386249663,0.13618245447423183,0.12004365323687895,-0.006844994360495785,-0.004991813710284956,0.2782461743284692,-0.1412140081950517
2001-07-12,-0.07771088279952414,0.09020795651881255,-0.16727319622173017,-0.08720703856417578,-0.3891847032585554,-0.10874288767012057,-0.017090301182314183,0.15588129334463333,-0.37296535615778126,0.02128109317534899,-0.1729066456163174,-0.41185159236570157,-0.08700344334275956,-0.03149462036243554,-0.15021889513977585,-0.5155368555715913,0.10273462637005884,-0.3105350263343712,0.1765602525428993,0.4221318367700622,-0.26219716567409135,0.3234604426777201,0.06516109250576993,-0.1095928270241495,0.17282925611458094,0.4341254223323199,0.045380642630053154,0.03671428550794868,-0.34823967783212806,0.01563072388176823,0.22612293535648312,-0.05062135279409441,0.009490051841572283,-0.030742139469271484,-0.17652401926293043,-0.07248128907739701,-0.024935441806459874,-0.033372720968101524,0.055860413604223606,-0.18578350714631575,0.00848588398663629,0.049083309361427484,0.19067995082548164,0.12592432511358723,-0.037360311076436906,-0.01704161850389798,0.1413916414463062,0.12349232618469115,0.016761154853326077,0.07329657003665728,-0.0048760741959838014,0.009677485998305467,-0.11957222903962447,-0.04900902133043832,-0.0081523696982449,-0.013863589825264137,-0.08137292987276118,0.14979615848942396,-0.2410808191771265,-0.04269852250356727,-0.06930707374361396,-0.0855548488702999,0.017210698236046845,0.2313875104522371,0.03220906348446418,0.00048651380360422943,0.180827391034735,-0.07092798217211004,0.10649787911608807,-0.05862280299564272,0.3417370261098791,-0.2130272390023962,0.017544829214436675,0.18047924071490082,0.18454023577704798,-0.08607951349290668,0.07176958121328894,0.15575987082342518,-0.07029752997553798,0.3824724080366365,0.17735086703517602,0.2175670540574965,-0.10431181390129453,-0.006266295824795477,0.03274654431357127,0.1269571521960498,-0.3545161823212217,-0.17520400544156262,0.3165522553547339,-0.22992313031590117,0.24466416334360738,-0.25182013293273897,-0.1426690004976827,0.062392662459113825,0.11069235735677128,0.05022424438374351,-0.06724283517484902,-0.07324589913458286,0.3787451688721929,-0.07839751204898042
2001-07-13,-0.06573697923088635,-0.12111348037359435,-0.16016695558189947,0.1364137633439503,-0.2266461975253,-0.1787477906735356,-0.22076473897659457,0.38684798630470113,-0.07353213334837197,-0.04087676715701702,-0.23361363516542516,-0.24436881102836713,0.06575970772507017,-0.055220804369617446,0.05119750844991408,-0.17937451667205756,0.16988217848391057,-0.13916974554167644,0.1540369686080064,-0.05102067948942781,-0.11025990746584009,0.19359954871933752,0.13130684526139458,-0.031838283492029544,0.2129296844705002,0.4355678383698183,0.012401276946586196,0.05714788634245525,-0.025851286912508712,-0.22815832499201988,0.016013632538705493,-0.01770531192549589,0.163584704374504,-0.15138987096295844,0.02612133789884228,-0.177209650068581,0.08435966080292408,-0.018126204003352835,0.016249473883210904,-0.14919293817102727,-0.18431329068456095,0.015333961305111693,0.15764329057130563,-0.002286598519793886,-0.1676704510424054,0.09581475429565016,0.04271094588653058,0.2360065333327332,-0.09431628286038732,0.06088611430503189,0.2243408100100704,0.07938571120977461,-0.18439405406676956,-0.15836526574842483,0.006666041874790417,-0.18339575914835327,0.0353219414332057,0.17402809578587983,-0.15104523323451888,-0.016848918599192277,-0.19198162537076846,-0.09392647273367583,0.046187204878306486,0.3027085071143714,-0.2151248828958932,-0.17483530014106977,0.1701152438568365,0.1632612910703228,-0.014923273066521612,-0.02487450382687977,-0.047185952887810655,-0.21665185812195373,0.11859069598186311,0.006058641681099837,-0.03432982687197674,0.038714862319557536,0.08627590938103162,0.24310158293912748,0.06791109957640573,0.3824724076990897,0.17735085218061516,-0.09977947981147971,0.05856814285011379,-0.06994044349455678,0.07068979309452697,-0.04820591018679474,-0.41814806768299717,-0.19047774767455475,0.2772211642487293,-0.1475896018984205,0.20080265585019727,-0.2798816399878949,-0.14842296270793637,0.00034481952664171413,0.3166723211049868,-0.07905788709154035,0.0907645024721587,-0.13303273951312938,0.09943743990450661,0.04020995580506039
2001-07-16,-0.10190984598539066,-0.10400530568707296,-0.13509917304042,0.20038968795971482,-0.23050199655214673,-0.04763206145792058,-0.1979507192287544,0.4805372887191943,-0.06975168461970173,0.038091820777901714,0.008651209675264188,-0.13581458460126347,0.009338322881395876,-0.12196024038384869,-0.07478175522360622,-0.2810328125062925,0.03195601772536706,-0.015296578997406577,0.1815301347726641,-0.027336911594139115,-0.30148512779514747,-0.01066210974467546,-0.015171866589958987,-0.0113172219786996,0.18937515136916297,0.29210257656553434,-0.012198010161214334,0.14928305408335157,-0.05390283704804132,0.011590000051172323,-0.05625091284992194,-0.02084271502220236,0.2194545228413643,0.0007585693898233582,0.015342901501181045,-0.04811806464864758,0.035584713217402204,-0.02367473299500052,-0.08867446933382135,-0.11781827430499829,-0.12501661242039175,0.013233750188403065,0.009136924515344206,0.08772157525652742,-0.051456131834517756,0.10235241240792889,0.05485630191706193,0.23683864462426352,-0.15421718375934057,-0.0885318730969652,0.1680303022408986,0.04250062230054838,-0.10851417984576206,-0.0768299356937374,-0.015483055688986181,0.015019231245991431,0.039067817240875075,0.08856892780413012,-0.11568970034787208,0.1520082824013507,-0.15960565951849914,-0.03057595115066768,-0.12748681361718303,0.25058742780789955,-0.06110358001519824,-0.1897014713051335,-0.09628206682842795,0.12009665499537131,0.02878686558153863,0.0020059780746489227,-0.2420589248508912,-0.07310022292937657,0.1379604108793667,0.11979883089784457,-0.02947601208402401,0.032663333019159274,-0.03979052210235289,0.2158743082326706,0.023950364340166005,0.11337151801084967,0.06592523637314812,-0.036220318388632475,-0.11948534517899399,0.010583733871397924,0.06319892520430327,-0.029042391089195936,-0.20072118967123712,-0.13024019529285014,0.3255539711959584,-0.02626677030440678,0.24423262744210236,-0.09004342001628717,-0.09512972008952425,-0.018404718663487748,0.09794071708507872,-0.08853798503715637,0.13958569820287728,-0.2561026523636159,0.25577910411544974,0.017397782725888357
2001-07-17,-0.08226825321111783,-0.15790900065609384,-0.09335588308042553,0.2102791713307406,-0.3375735505396591,-0.009229316616038298,-0.4289588854424947,0.36620770302560557,-0.11425100955351455,-0.2323800501510409,-0.011699394328160523,0.06609637767554527,0.009948680631884217,-0.060631845445472204,-0.05133759518453976,-0.07771707670675908,-0.09390390527014716,-0.07112251771436778,0.09398566014522283,0.0729873656453959,-0.1108505898565964,0.06790969917708496,0.03142852194423578,-0.04497519152914592,0.10676148255747608,-0.08415844101784736,-0.026815660840644667,0.061738885559260846,0.04496424066565592,0.02384813198202124,0.0005108294172294656,0.05424381534996111,0.09069215491017033,0.08511763921285725,-0.12211774575213487,-0.252836142936083,-0.12794774044307491,-0.04512412418660423,0.05090061575709493,0.02174625891785228,-0.14257845718636644,0.006173204017300469,-0.12517327201850814,-0.0900959439518569,0.025700370882728113,0.11386207542343667,0.08359403680372256,0.240203330281744,-0.11211823485902166,0.2665598461193064,0.10772719967270038,0.03571432143005445,-0.1556081654383621,-0.01834116133703354,-0.01349361928604627,0.055991858401136185,-0.03249591279623084,0.16981815001714234,-0.05087327568790509,0.1055788156241829,-0.10056574245224072,-0.030575949364042426,-0.278222361697111,0.03150740436168782,-0.03799871633157213,-0.1664913236408078,-0.00815599987366289,0.17223006131823634,0.454182319719448,-0.018888219178730986,0.03560463169908461,-0.1870642174174494,0.0022502251752730376,0.11607555769348644,0.0013981170044540477,-0.008325509394140866,0.10733722114667978,0.1077394957505288,-0.026743299178514514,0.06613037415644377,-0.11951423333321208,-0.021314394888492898,-0.21838316331382207,0.1788238592377872,0.1835456849173679,0.07038783431621203,0.04353089549783621,-0.09163489946815595,0.3407795045813741,0.007715459563394296,0.17514614171759413,-0.2878843628989688,-0.05121451632521174,0.01682918893434604,0.11843311962418863,-0.02073071086526631,0.25709924031983705,-0.24631341990699382,0.1273528364301526,0.011182941963401222
2001-07-18,-0.07424011267051278,-0.11243050967827672,-0.10141555705315623,0.3478147731061801,-0.27433518341503577,0.008266731674979523,-0.2190545538427787,0.3006315799141623,-0.24883495969834124,-0.2333452814963746,-0.09062707076083233,-0.12577738482229933,-0.07326164133952619,-0.00780458261917335,-0.03327263910297606,-0.4212133062599895,-0.018699864172000324,0.06859829361342551,0.05531589009256563,0.26138866736821426,-0.23501578082083477,0.013320656520324298,-0.05427417208967377,-0.04805643224297866,0.10689172111743482,-0.06639327355664376,-0.11995399076202615,0.02353509996150746,0.16078221653901606,-0.0836584493492827,-0.024184332563522242,-0.0008983565432971358,0.04669465762611934,0.10342829683539657,0.007725337033823137,-0.34208247894163507,0.136518177154988,0.03877749049190285,0.17269636740717234,-0.037089232219836454,0.04818244468829902,0.022854585512716734,0.2776549367932677,0.14987545848972245,0.01697765915757275,0.1002804295064622,0.07219589212098387,0.21415952697923343,-0.08933290395884566,0.31601048720354136,-0.2442840097542338,-0.08047752995334755,-0.10993223370363257,-0.14145216911423636,-0.029266403120330443,0.13664175251889432,0.04855380598412807,-0.20112349823076114,0.08285658705435296,0.17439506012058514,0.014186223547899989,-0.27935806099944593,-0.10936165694471485,0.022439922159909368,0.07683884202152749,-0.09592006561138158,-0.06745463176721193,0.11141423597333425,0.44681284292888646,0.029150163555147473,-0.008229723167183572,-0.1708526978728941,0.0304457471514103,0.13096926639235967,0.029173954814530747,0.010387758063349834,-0.014316786601071893,-0.1406276398726543,-0.006665418196561201,0.09214152278680404,0.06436355367303595,0.16834319880117826,-0.24612213774535627,0.0014378429196607503,0.03216792204173684,0.1408757093357955,0.046490890658923895,0.025571134775585053,0.3665124245730568,-0.16809375666363688,0.16021187090497752,-0.057408960008053074,-0.014566954913151959,0.18542448927448343,0.09303768668885717,0.004736907965259721,0.07332116614026633,-0.2973942717502425,-0.07450132544925084,0.1710162849563063
2001-07-19,0.07458164177918318,-0.12139122468979166,-0.13998702848394842,0.0777798070107022,0.11542180884277123,-0.11766989072903512,-0.22406121156040895,-0.27654344320534985,-0.2725552932453515,-0.18370599137224639,-0.2866172627497097,-0.1464533487952307,0.02459489345251449,-0.07674916403177025,0.07479443008623757,0.34121777387943764,-0.06095235275007098,0.07284877050004616,-0.14417320855507487,0.007330381099649596,-0.1507258259982994,-0.06891816735881855,0.024898335768093766,-0.09611865114023296,0.01641667650182952,0.09784163960826729,-0.1540684707748105,0.05353602859279118,0.08155608298282617,-0.20008264386800456,0.024804231120902732,-0.049625458332707095,-0.08229131569390545,-0.08448342920690824,0.17283775095539305,0.16572030452513747,0.25765524321368194,-6.319703310603145e-05,0.17444936374370917,-0.08194134121419873,0.06580216332623219,0.05396658342853646,0.15915420328502092,-0.018755697938861907,-0.039378523616908814,0.15560407393094988,0.22445380905415663,0.22796481871173369,-0.09414384122369913,0.20335511443878726,-0.05616015909676589,-0.11836426982466901,-0.03584429970938452,-0.1360494814765359,-0.03962024843002924,0.08048159239379427,-0.003315347377914914,0.09807174019332011,0.060228965449942926,0.15049357779035383,0.0727358303295902,-0.2856586285432358,-0.11922894911885892,-0.056836193190211784,0.06487059125194573,-0.007885284966243827,-0.053284292659851566,0.16475849623521055,0.1827404152767088,0.06899718094885791,0.01277694926098429,-0.23478433685962966,-0.07106963760552612,0.061405969641382716,0.11347472055794289,-0.013825720841475595,0.21669395087666188,-0.18073299482080066,-0.1376023283834649,0.251704821029519,-0.0020481647352689107,-0.0304840500157018,-0.25310194553756626,0.1039149137748343,0.11361718562159824,0.08152091185518108,-0.08602067897921255,0.025269927709955606,0.2817235421816996,-0.08924407996474752,0.1883950043923114,-0.19823460278482205,-0.11799437835853391,0.08597738827789024,0.20435766712583325,-0.04016586852610879,0.014514297138329425,-0.19854632419213206,-0.14621255327318186,0.11294509430771056
2001-07-20,0.07851630977682887,-0.12440625071387319,-0.09108420970488967,-0.07720879352011328,0.21498102694166824,-0.24554756752226753,-0.12196916497831348,-0.5502809631843653,-0.13345123895128772,-0.258280957150214,-0.031138097295321628,-0.2353456755379823,-0.05684813152654979,-0.15444234938977286,-0.13777896779645726,0.6484993012746159,0.06777698301120201,-0.04129652711417576,0.18872359532251454,0.002787209198517266,-0.1914401903980316,0.021148769578455327,0.06956454224047134,-0.011361260287331533,-0.060495205245114515,0.2554391031923784,0.05865232217291259,0.04505447387217249,0.026082593567444756,-0.32924960871668213,0.061769513548985786,-0.06127046927653206,-0.07828548084200738,-0.0022970436888418806,-0.058056989111773566,-0.1571703761300505,0.2052802495084562,-0.07469779255361199,0.039130140279957364,0.07160728448337285,-0.1760565199490111,0.14338477137151096,-0.029522106436554483,0.004380880936240394,-0.0870604940232603,0.20652745438804404,0.10405403201591946,0.1416997279087143,-0.12408364496320838,-0.00915248814143504,0.058341616910579826,-0.14714598864841247,0.0419894479009408,-0.0667103437109106,-0.043241407629891156,0.07087503697610255,-0.04281919818931105,0.0492709981690499,0.016031113137812917,0.02163490704761678,0.13235350439294805,-0.33784359275962295,-0.05217272055537318,-0.20473157535907013,-0.08685747257684749,0.2564220563116971,0.033408061766865116,0.11054711028446623,0.0752571672091443,0.06899716915845523,-0.014782684984751406,-0.0040055425398100855,-0.06013659946681426,0.0013595358376242211,0.10495074532058664,-0.1534751029444556,0.0018332599561637771,-0.14145484745054163,-0.04021628575133607,0.24190292646138187,0.17447563628085117,0.04422491986258448,-0.23006016811923433,0.15522988833405843,0.05047423001012497,0.2721180443973541,-0.04683291253494073,0.03107496495763228,0.27080342697103776,-0.08902741114839097,0.2851162332155981,-0.32568137534316133,-0.10934452061076497,0.28310478207814693,0.343532046448198,-0.047975952135458584,0.06701703681175762,0.06522361817253643,-0.31344545234233007,0.07389492275198227
2001-07-23,0.15517345234375046,0.21623944626754174,-0.15033548789249457,0.0506432541162143,-0.04709240992691457,-0.031088307353766727,-0.22464227550551452,-0.010992818027663479,-0.11629941638632695,-0.2832553119676878,-0.03113809984725781,-0.21560800732865806,0.09693024259603653,-0.16086989977470165,-0.0433786719195146,-0.03630944266422153,0.09878598496775383,-0.05202684166742214,0.14961613412211539,-0.3063765139077475,0.07692400678428883,0.1335625845311552,-0.013369656098423577,-0.15257640941519304,-0.0958786300795681,0.0662124465105618,0.032633853068736965,0.10660269128033524,-0.10504491191628851,-0.2768903345682044,0.13243373163424235,0.0185113130042056,-0.033572146009546756,0.18518462964175897,-0.07078458513490438,-0.28017297158474086,-0.0935406271662106,-0.1358149179967034,0.042277150208811586,-0.09989431725842651,-0.027746116495851243,-0.07282000829250655,0.0022378774605491263,0.1479427163055127,0.05545787525092878,0.09653033766550058,0.1896825311712521,0.11722110969879819,-0.09967269444017565,0.13073107470301926,0.04185585466713017,-0.04715041168027639,0.05277778865824587,-0.15238384631230392,-0.09813375052676056,0.03264393782552494,0.08409395932313248,0.12252379995294119,0.021373710290395018,0.09329442482061112,0.08103573331192299,-0.24506650327317284,-0.06573434062962445,-0.30497486839681137,-0.009740409227877526,0.23791746538317296,-0.11523872237809704,-0.1023020618007153,0.05823967789600936,0.047200576434748266,0.004458032832696128,0.09660735940037944,-0.01757430904047781,-0.02198448095264514,-0.06275291808188276,-0.000488903468578194,-0.05977989122078614,-0.11854102162014361,-0.17775525741494916,0.15273281475031192,0.16902551224412224,0.053704610021316275,-0.17457147426890698,0.08312776028681934,0.11410650078454734,0.14057207467750582,-0.08556895055656841,0.11461730995293619,0.31292242395999453,0.3669418946299711,0.18829300107481725,-0.1795002859441265,0.0673728712670733,0.1272512622771087,0.20791008639868963,0.0186790631873823,0.01667159054649724,-0.1544567898410402,-0.28158128049556774,0.10199982706338825
2001-07-24,0.15517344165720356,0.04289401163998965,-0.10636470434622934,0.1266699493108549,-0.21735552985681236,0.15389730843874744,-0.3318525047843336,-0.2442271746396264,-0.3170203564783815,-0.06171283293341686,-0.03691733812647221,-0.04819520126840124,0.03357038624680804,-0.20805337853952038,-0.00193155304806619,-0.09462538525728621,0.14395341374551576,-0.04132395883593238,0.026728403013513348,0.017486004570849444,0.2101802796091029,0.21559330264980797,-0.05472810587347841,0.0785112230479442,-0.24750356186468372,0.12562691349252209,-0.045606248763625165,-0.005575960537075297,0.005878804469716344,-0.07625824671346498,0.11460505177113506,0.10629148817277985,-0.013538390493953617,-0.07787189332691488,-0.022240487466134086,-0.18948488056201113,-0.04234889122713188,-0.07295572471412791,-0.032224260264880594,-0.2686325568805802,0.04541477913612842,-0.22318566594167602,0.2798749279169854,0.4088625445404079,-0.0968473564113765,0.31943868446311147,-0.007146834481845333,-0.10852643188969158,-0.043037108733493305,0.14121239027000498,-0.07641292291977382,-0.0105276705113218,0.07707549469657471,-0.1488529512473344,-0.08929286364358967,0.22275274822697413,0.18570527884882057,0.08422536459112903,0.1190549626143814,-0.019579341211985547,-0.060744661353248394,-0.2071334985354185,-0.12199629740855006,-0.23080226490253716,0.16275612098860556,0.1317834149987995,-0.13132211463595503,-0.27688697464620526,0.015090384508241869,0.12956665695491687,-0.48399738803696746,0.05543229510544562,-0.04338135387981436,-0.17396532575534515,-0.1470739775062605,-0.014362811424390352,-0.05883633080070096,-0.13432815042892465,-0.11616650746952494,0.2697275777145046,0.09906281172609985,-0.0030091004923588176,-0.20645386485008613,0.014196002788167888,0.11268936491874641,-0.2695681732200929,-0.1223951117294782,-0.20536713772957035,0.5311348479111794,0.4521638698955534,0.13546188402228776,-0.095682745675229,0.28122543820591256,0.17176353458227378,0.07406282664477076,-0.03148298113090483,-0.019119460724601703,-0.06022526132637317,-0.1766203239360543,0.5062583968318313
2001-07-25,0.16203165374308692,0.07640014018731296,0.07640670084174164,-0.16482289887241525,-0.10602048108254905,0.014430869771097025,-0.1760242316887556,0.5206001727826327,-0.2857720045410568,0.07531771983286097,0.13189015788107647,-0.18700840335570465,0.06590442353270191,-0.21781279401454856,-0.08272611429359064,-0.6266559677152471,0.17562290385199428,-0.29734145484151253,-0.3237968949031501,0.067374811883146,0.21339608112907685,-0.1501961932959127,-0.049130321211994954,0.205911605415972,-0.13229336366715222,0.3172194598238578,-0.07803443606947638,-0.0692772792689372,0.07807260769525128,-0.057576397757557414,-0.29272017007065354,0.06325511308772314,0.17795985406222872,-0.16116452808528503,-0.042942465718369176,-0.28846039257476885,-0.06644314652377839,0.11238130598876897,0.05645977863775349,0.17252002577300563,0.015803728856261287,-0.2562818593009245,0.6811617614026911,0.45175524385452676,-0.30119914825100685,0.16875794072639233,0.06583103636517738,0.18944427388454807,0.04650582778130759,0.3251944868006407,-0.007361377132960498,0.0958161744922311,0.08650116936520061,-0.07663879189058714,-0.01553773866514159,0.2641339763569802,-0.10324688604348996,-0.14343785391194383,-0.10638812691103156,0.04737344516124365,-0.262067456191773,-0.30894280707974386,-0.04058905438891263,-0.3667779434710625,-0.1138711475627392,0.15584133200032765,-0.0690929229573721,-0.0598975345764222,0.16070052630917683,-0.03372564690081256,-0.04539478076512296,0.13771703244136388,-0.47948143175251184,-0.06105830166980593,-0.08561704217652082,-0.09616855847295287,0.040479044905327305,0.024421854648912104,-0.1416740548680321,0.2648960885327138,-0.100479336789205,0.025293963050885316,-0.16103599547174408,-0.026139397916305027,0.17540989152626144,-0.022012788049706182,-0.007137447430703947,-0.11254429146557364,0.39281012392518083,0.13881869928242008,0.07670591237858665,-0.3547859919217407,0.10301931576241952,0.1340531939466542,0.19481236443885297,0.043392115919739876,0.04519064148749729,-0.32519278153523745,-0.08918110609414247,0.3517887005899864
2001-07-26,0.3081655209244257,-0.07162420541081664,0.070923435498519,0.053813619260193346,-0.01645219097775839,-0.273709934467175,-0.2929519932924217,0.4903225274438166,-0.2864039773630883,0.08388851090057302,-0.154632512181993,0.1341524069671713,0.06461608317004125,-0.08868812375873698,-0.16282854852196024,-0.4215461358920674,0.007703472239288179,0.024449575579012756,0.12046972498735034,0.14153692406324295,-0.056691845913665086,-0.06692010621054764,0.11465729162651586,-0.012285847783108123,-0.007519415676577862,0.19165657631345787,-0.17846042214341387,-0.031438075411737494,-0.07518134704952843,-0.26585914507450553,-0.10859521538407722,0.018464705062805644,-0.00884166055689502,0.2012499688617213,0.2254404006963029,-0.002611088685126353,-0.014225069092051542,0.04943873748141474,0.20999372323451482,0.25634520508800884,-0.024847745016623225,-0.23207123296046625,0.41557928460027416,0.3917086532824,-0.012407845729501555,0.1782569194573562,0.06155025178391585,0.013607317969407333,-0.0602391942504764,0.31340740881677714,0.011570585427972168,0.33843086418712204,0.23474590696847591,-0.08649145839355754,-0.08261101434297713,0.25178645786523235,0.04563664033294708,-0.1213084517876976,-0.09109215849448815,0.12039518372099195,-0.2033970683423085,-0.24653426558750813,-0.04993683975922512,-0.2591852268412636,0.11121838143289023,0.10766699005606606,0.11048984426818766,-0.1555501878489654,0.08820181012249526,-0.10959840911111496,-0.35537650404288823,0.054307312323695706,0.09627570807001075,0.06051102119653744,0.2070443563341745,-0.1172179162739181,-0.1488240863851325,-0.08450777180197105,-0.14485983962822024,0.3203141452316627,0.006734932620703932,-0.03807339545536473,-0.5672783294215898,-0.034103019174986295,0.24143918134553558,-0.046077187823302564,-0.22852919287675,-0.03821424194428668,-0.13394492663544733,0.29933709814001613,0.020031758872246758,-0.1861601038009664,0.18806484626744266,-0.11481329414308779,-0.15810966787611475,-0.025748332192319773,-0.07366453160615816,-0.33353674196403466,-0.23031190515683442,0.265444610823297
2001-07-27,0.20925467568827297,0.07271299248972624,-0.004016681130350458,-0.12240186141893397,-0.15412201580003196,-0.05107796966998957,-0.16672352357520678,0.4117644190000677,-0.1150219644590347,-0.012501214549393591,0.014058024671481187,-0.05343459547385806,-0.031349813473759716,-0.04986872335720361,-0.09840793899183035,0.04892354545988192,-0.08852012797041289,0.06841619252822843,-0.008849748942681774,-0.1208974893428007,0.16356427303054097,0.09692479320493237,-0.06916501376795832,-0.0645753533197803,-0.10045624432791365,0.001662417354985755,0.03858897055611893,-0.023794635066560682,-0.16156082010619766,-0.03839628774208376,-0.024656047030736733,-0.011547346192580897,0.008596141854196554,-0.14469025425870014,-0.10537525305874516,0.15863096235650806,0.02288400902591993,-0.100308002218744,-0.0066225991952473555,0.08776105394209426,-0.1599712948763232,-0.2696705265615432,0.1519237516954449,0.5018756496578581,-0.2615277661370037,0.27130752998403496,-0.14061945836485146,-0.020508878022346855,-0.011422716685005543,0.2647904475787217,0.33668893635019403,0.22384417169750342,-0.024331757561272642,0.08918879872033737,-0.04056967102734045,0.09231518311376118,0.19327522674919925,0.11740809861697993,-0.06955538920784754,0.16045162666101462,-0.3966430797278588,-0.06622604618420026,-0.24526953840516433,-0.21602268022311338,0.22452311779590145,0.0337598741188301,0.009315182836590514,-0.014293040540509182,-0.03622371102004375,-0.1073049413495889,-0.36669796204024885,-0.06779622114058215,0.12540838524883507,0.16740246437739184,0.20076794010854962,0.0080321838231073,0.02710721564979194,0.1921225318710175,-0.06431606353653255,0.3531655942231273,0.06483107202945765,0.053342965919215474,-0.694278351095217,-0.02789290935428732,0.08637686348639695,0.10163854757641445,-0.28663050322295647,-0.15324494972077987,-0.2792567970117153,0.4541516368099646,0.12037341061781077,-0.005871869933935855,0.159943771246988,-0.21208265085268063,-0.044438366790615774,0.06923958541582008,0.09082566962668115,-0.09337460289155358,-0.2668796941738139,0.3185592662940008
2001-07-30,0.07652179763703551,0.18681315453810304,0.011068751070243035,-0.22551441189104346,-0.26761515276844716,-0.08734896068425149,-0.18100524239045815,0.5156569126178672,-0.4002588691626774,0.040731896911636964,-0.12369544467090081,-0.07355025511796887,0.16092382206738073,0.08776111998698272,-0.052683434486015306,-0.2904153606158678,0.05033716004210519,-0.021747740646371153,0.13602866297706165,-0.21221445936534203,0.20818844622073157,0.16719226242804722,0.04960554453942131,0.11697415173662956,0.13669698666241956,-0.03726525229311387,-0.006098202546196682,0.03373891423612744,-0.29436315441193384,-0.2316494841220347,0.040080659055987865,-0.07440792179359502,-0.03966789398847835,0.053069548511780584,0.019913250560465084,0.33576172204495547,0.07901046358874728,-0.0007878007556387647,-0.0813587492534079,0.22465532675650243,-0.2625063876465545,-0.034550518132601044,0.30979639616751176,-0.24337478544204424,-0.46490729145649357,0.21489653498933872,-0.3165020922610538,0.15688085910986768,-0.1280732004174261,-0.0601814456719196,-0.12428962559251919,0.2636409402688941,-0.13463638903072334,-0.0016931670143461818,-0.03504310288987451,0.07135050326268795,0.24221123263229508,0.21341736170456319,0.06586081904613474,0.13573051399554248,-0.3968614305298093,-0.013799036207662426,-0.06581626621431756,-0.058782601926616024,0.10484301341182371,0.13854242549325516,0.09137416530562706,-0.10518737500077073,0.16987888763911557,-0.08126787154005338,-0.07195120596267846,0.17137311589680068,0.08871578391674972,0.007615863535996432,0.009728552592651315,-0.02192443283228685,-0.16708229420332119,0.15555594465497574,-0.059270031881214824,0.38135847500125264,0.2820153860886232,0.055733303504683925,-0.6086636686841379,0.003953258987400235,0.017438150365182793,0.37620017964718194,-0.33554432431888126,-0.0904914160864786,-0.07438127527505835,0.38661838697922984,0.17419919345750157,-0.16196565953242686,0.10744030667825709,-0.09514720106884864,-0.13676236150023102,0.11268169910251746,0.09525771684722516,-0.24137815618322686,-0.10386328137411453,-0.039611712361540805
2001-07-31,0.008305920494296232,0.04487787899072528,-0.03731542337807624,-0.10432748248378747,0.17092036645012526,-0.2397246005443297,-0.3160410214478628,0.8589000123100539,-0.2719229500272301,0.46685273255574494,-0.24366424391187239,-0.2070776489480773,-0.002800469912658984,0.06437742409775123,-0.011032252985588822,-0.532133202933295,-0.028816177774508296,0.23257913820019271,-0.2582116325095594,-0.5571028519027543,0.06032001197363113,0.2104082326778321,0.023228801297611203,-0.0797411382852249,0.10086588732998825,0.13583688346091566,0.08834739233365532,0.19682647466588152,-0.33302911226011617,-0.2408066682719115,-0.057302167009006005,-0.06964522390957546,0.011239322539309957,-0.10526328272508609,0.18657639085497993,0.3270045065395702,0.16049232446668785,-0.1576724149495528,-0.1625856873266214,0.23235251189674688,-0.20062297868107137,-0.08390119130184982,-0.017894133352851824,-0.2767144346689557,-0.008884779123514734,0.2520074987948948,-0.12736132323992483,0.2753504736876982,-0.16840699586823113,0.17797517789272177,0.22541350283146808,0.2636409317661796,-0.11043837652441933,0.07513776147562422,-0.06187040527357141,-0.21521007691265015,0.18295918125993124,-0.07879213729004694,0.2432250888455908,0.03157764002184625,-0.06675141679934114,0.1687497456528377,-0.07599999609766565,-0.05625110213886587,0.15404005178771393,0.07209856953350657,0.09963979784210117,-0.2947727553957418,-0.028009890490625664,-0.06048665388290031,-0.07581306560555241,-0.1486828808248672,0.052209131601845316,0.28618161856353724,-0.037742135161887354,-0.05029209212767407,-0.2926353856337371,0.06797716697667218,0.05976954817283524,0.3297107282086118,0.26010655080478284,0.12446565344216663,-0.5093109866309208,-0.06051860368241949,-0.08616474563057933,0.37209886837897754,-0.49760106080084276,-0.028008979682481474,0.06470290013717409,0.30156564383203777,0.12884383198619995,-0.1512903721964507,0.20629086115654413,-0.1442684824793809,-0.05678172355671286,-0.08569470303061232,0.21586914202184318,0.031231266342747272,-0.24202033694476668,0.017473722845399123
2001-08-01,-0.10241856646221584,0.07492517469359768,-0.03520959599178303,0.05382271020869135,-0.48669257858483045,-0.14075910297485822,-0.16655068951473415,0.13255003365125131,0.059119448448324424,0.4717999648182646,-0.11915615768920111,-0.15767765383173477,0.1980953230721749,-0.052374249306724824,-0.011032266138947878,-0.00652010787589441,-0.11954538616783524,0.1509017830711766,-0.2582116398990265,-0.09979476953654598,0.1967098844000262,-0.03865174613730369,-0.07272301765497585,-0.24719427467116525,0.08776385414177727,0.15858918527044719,0.031031911418303568,0.12551796039316873,-0.4154082903986242,-0.1866397561199723,-0.17760619129021316,-0.08940738701330317,0.08073518633215719,0.07475460241055878,0.09185128369686112,0.04314373199477695,-0.07892671372346322,-0.05960444198204037,0.03593977511911877,0.12705023194425596,0.0017213401555211622,0.02772311715743804,0.4738910664186751,-0.08841077702315818,0.015898851549783093,0.40971175900510487,-0.08776126385892304,0.041694662804447516,-0.04238090416494607,0.19858682751551612,0.5031805848455697,0.28892683653430795,-0.018141350119881453,0.09388473787383973,-0.02617308697448523,-0.07974806899290042,0.17009979095439406,-0.3246453007346269,0.24774357374037823,0.19830539235557218,-0.06893930391405378,-0.022966667690672522,0.11544334957674009,0.056496908962287554,-0.13163376704951937,0.11763398402032525,-0.02741931781627103,-0.09747947731738484,-0.25340948597674745,0.11927583955729298,-0.13514003992779214,-0.1824600653312882,0.0411876773942574,0.05262302614570675,-0.3370425555032642,0.0024821712646057245,-0.20788652255222106,0.061485070883042926,-0.0846171576242974,0.10744471767057746,0.15688102818849647,-0.31923108225215624,-0.19482700187990906,-0.2112632247858388,0.011389878624255669,0.21595005963940847,0.03436484960051274,0.14500791169169078,-0.0803529977215301,0.24474071952632911,0.061892016509683574,0.29929470969557664,0.30370579534160125,0.02184759484892906,-0.06214312961227177,-0.3646345773876689,0.30175717904406285,-0.12995306815205288,-0.0764216436048973,-0.09756608636326379
2001-08-02,0.03281094431217487,-0.12514726209551558,0.062231497616043935,0.08651784515579139,-0.1436419702163451,-0.13755025579249117,-0.08813472016501316,0.36950424476265376,-0.028298756945035045,0.48079974995970587,-0.17141203033229666,-0.24439235176615445,0.091875641466806,-0.12977891620650198,-0.031097805491434833,-0.2677170203801515,-0.13837272105177018,0.15090177386847525,-0.14362740127772672,-0.28861147782489666,-0.13100318918897474,-0.08735265336226972,0.028895777325644877,0.29098989026217886,0.13096611367759622,0.1734501989085017,0.0923540746334383,0.12941966432994162,-0.3401267160619911,-0.06107998184564136,-0.1693026923375836,-0.12094878205504357,0.0008218460807300966,0.06172337200754384,0.1490431050091219,-0.25472112567901795,-0.09019760415486307,-0.20486339368548234,-0.025797280180328386,0.1828311388127081,-0.09723144556206124,0.016068930523558088,0.1482052618609137,-0.12309276486349496,-0.16083863191496287,0.11894597430332307,-0.3689636333360212,0.20245685724712761,-0.06561488398845491,0.38865832284573326,0.2535627200902355,0.07970386122914946,0.05375659248343686,0.30846731587962095,-0.04219384694096419,-0.19882707519740747,0.13476758820159485,0.22372723868171127,0.06589936054744767,0.002871580755123122,-0.0023821986285562425,0.08861458797135893,0.5710786372284964,0.18559178355522984,0.18870801862306166,-0.02208173851438974,-0.04178219580375639,-0.1001619785794321,-0.10225847555381146,0.03466471644911824,-0.10933932424545134,-0.18962926880392872,-0.12689064497408614,0.11608461871295245,0.018958082864285474,0.016675052135697005,-0.05051552190237825,0.13338262352151578,0.01436938462281603,0.20098666280790406,0.176183847782543,0.03103319988897411,-0.24157270222624325,-0.026243706651930886,-0.1560732084056971,0.30017986140722963,-0.35784725269951984,-0.14732780889102196,-0.10929949590082558,0.18128920893378825,0.22348461799210725,-0.1365594197260475,0.18894516176175105,-0.08040542524951579,0.07342540962869325,-0.19451062711969072,-0.12114286338353915,-0.17111381765367564,-0.20715564621991933,0.12582540602634515
2001-08-03,0.05504116032440167,-0.10732033955395724,0.028831737613429522,0.2029041297414428,0.03159969838625777,-0.16084394074164388,-0.03003409507771408,0.8556781983349935,-0.19441006889833398,0.08259901048676419,-0.14499617476642215,-0.09905613372912946,-0.06090963757171966,-0.1241980917816928,0.0977932367394917,-0.4552059436715254,-0.06991923989083806,0.29098761309782867,0.14400880581668446,-0.22408801459745623,0.013257296698040733,-0.13846527753312202,0.05052160664869099,0.054178090102992,0.08809408995936281,-0.1629358895125683,0.08650196357376119,0.030431840117744188,-0.19264621263728796,-0.12620458014595545,-0.18897515862621833,-0.1171667084144752,-0.10845619909353041,-0.10356602593270481,-0.024188046214738336,0.09292944230633873,0.05745059513469814,-0.21280983977328571,-0.03969201668530591,0.03323642136810226,-0.32045378657252527,-0.06278097948497506,0.31513565570257124,-0.08524584499608996,-0.07485960227529573,0.01905561264927014,-0.08520974711093669,0.08061441097536126,0.1124431404361766,0.24720920355469114,0.03194189349283036,-0.06252608664884196,0.007861815275360406,0.2821490385648503,0.00219659980692422,-0.18647888754698316,0.22593624060051162,0.15736052553051344,0.081307713863922,-0.12172887426447299,-0.018468560647214725,-0.13297963630713044,0.31306714382773154,0.21272530261673872,0.4605380794636498,0.19665180187981568,0.039195096531664704,-0.06810426574992746,-0.19819520892377976,0.02153873343267847,-0.25833890872477777,-0.18776620926881896,-0.03573027008389285,0.3547282355789087,0.09098480644476267,-0.06624980031835903,0.090007607930328,0.018203738523575787,0.09657320942189303,0.26084467527837796,0.06532175772520787,0.07118720003976413,-0.41129179478298333,-0.037504386571500216,-0.10743911622840441,0.26846905515882286,-0.28332103495549454,-0.09335358191678492,-0.3023179230857788,0.1941174755809355,0.2711212682162624,-0.19895793668474643,0.21236628612644343,-0.0790747888387183,0.2586481029428121,-0.12056666580300891,-0.09322419272320148,-0.12984555650643506,-0.17822082798351294,-0.2022428014167188
2001-08-06,-0.005089871310140977,-0.1569471823618835,0.10998583555613158,-0.031015044108724726,0.1768733090967207,-0.033454514838708184,0.09900914516683366,0.6322418704180588,0.002271826312211835,0.13927144669010547,0.07307148095885128,-0.12192086785206169,-0.15976021872504736,-0.11500104357508044,-0.012763045982782566,-0.49166857209562986,0.03014788363733306,-0.08970804019623052,-0.0767610120535994,-0.014323212781087512,-0.15695856421520774,-0.15061846969315631,-0.13330635206562264,-0.030643904584577976,-0.25149546353398095,-0.14702727128296003,0.10726537817085018,0.07390080024756862,-0.27562940595015434,-0.009480209238433842,-0.24967156672735066,-0.12954683816364215,-0.10845619935115368,0.08620465178388995,-0.0834976542644158,0.03529714026904478,0.059564730088325295,-0.19613574777927217,0.03757110325589766,0.009892402336044936,-0.27180018544676654,0.015332707107121602,0.191193148120088,-0.14134381637618978,0.07332087008238061,0.2693452807928157,-0.014193714990595832,0.16324003336078274,0.08156007607758312,0.009889739997342472,0.1561035221653912,-0.10661306404815205,0.05563614404166107,0.23499566939774627,-0.007638599432378873,-0.13517787649081373,0.2548422418710601,0.17886880257962998,0.18365897211032461,-0.07681569328019103,0.018856102560852718,-0.02440509301835295,0.07603183744611408,-0.14460204010528604,0.4469271233414748,0.16226387317168328,-0.12201423090421068,-0.22601512060327336,-0.028789192369467646,0.04859590820645798,-0.09307618635912154,0.02270199466224929,-0.2942727343821453,0.3680102585064712,-0.010184221828646936,-0.11966353449595583,0.13867731114876233,0.0863758068199977,0.10238653452337759,0.23898525328540263,-0.03517497276476866,0.04720772376086504,-0.47673039561194736,-0.014023879213483973,-0.09257901987608493,0.23153699199546635,-0.2581627061518255,-0.07439745024750631,-0.2970557588452483,0.1554125232679931,0.20843578282919753,-0.08342618116690725,0.3200898950762478,-0.029690009472798096,0.23733332089283624,-0.09320849652720474,-0.03499330816725449,0.05750089800278782,0.03626795029978965,-0.2585032676005419
2001-08-07,-0.035950229564149984,-0.07115443564050217,0.08521331629656564,-0.06712641689403628,-0.09639480081281931,-0.12866557965262868,-0.08278514814606575,0.5071784729900715,0.01087073676003731,0.09520099175290021,-0.1032015368691317,0.09995391183456924,-0.07106817245513342,0.08489338470706836,0.07920625348052066,-0.32129188812853227,0.08283461685512362,-0.09202973109817049,-0.029490183687583917,-0.08054482489357177,-0.01345898729518432,0.0004296256274150413,-0.012275732170203453,0.07629629941030497,-0.183421152779078,-0.06673113293552943,0.13093418143679939,0.05276423824163615,-0.23057759156674137,-0.10150346636938755,-0.20457298994393688,-0.14231789150142388,-0.12383543758949003,0.10096170305814432,0.04596760056080269,0.11540037799871955,0.08946369282420893,-0.007817513633130465,0.03505064978181209,0.23564500787074846,-0.30375946596812686,-0.05327373522880515,0.14066242912694826,-0.1424902164957899,0.22777651428086204,0.0987288859103026,-0.09163733906810742,0.23356596720533182,-0.03472973986912139,0.17044766829171734,0.23893656932679705,-0.1619658432724745,-0.13332390780387912,0.15267437605608894,-0.008946571995411544,-0.04338937626886138,0.22196138833470536,0.10659072749815646,0.35410635107811633,0.006924213295728024,0.016098852021627644,-0.11508965529350756,-0.027410278403222917,-0.11348107146640812,0.039465540998040415,0.017716238304705808,-0.08161978868520799,-0.05716358395626349,-0.08728030448845345,0.05418488708254498,-0.015285223708246507,0.10823892497304732,-0.15269538050104367,0.24048881684076798,-0.15217035410177837,-0.06409823111937851,-0.010857361030367517,-0.11648709372437592,0.08309633913578217,0.24926923097810544,0.07645177782001929,0.07585027976857543,-0.35748318604736895,-0.04457889133819709,-0.07970748438555794,-0.08710273750332653,-0.2905014662732459,0.10885838235091419,-0.24170038274418665,-0.13051173073530356,0.1365874007823255,-0.21672095534974534,0.21291690753520567,0.07413236317434559,0.13452910869775545,-0.04156578409116222,0.1836699730757749,0.04027201659105144,0.06828142390168968,0.09302161237017625
2001-08-08,0.015739940429652603,-0.10448453519632298,0.05609790370283711,-0.04123058471450604,0.034651479775780016,-0.14089426792516588,0.009386586381763637,-0.028667340293467847,0.11880741128726832,0.059052695325416314,-0.052413014019602584,0.08544587874853075,-0.055558896768662734,0.0026671785511864906,-0.016015263246686392,0.2550751322200928,0.07447591419628077,-0.039688311901003664,-0.07070401350569729,-0.18369924435580842,-0.06282217491626044,0.25317790853705624,0.012013425513987147,0.020050703186024418,-0.20493861964046725,-0.0025693891227263625,0.10949860050231935,0.1154187234670317,-0.23153602209721083,-0.18570458850545904,-0.0767908601663965,-0.11574493386643685,-0.05996068539810022,0.03972612441615765,0.1626199696912685,-0.047926360136713676,0.07841127376438647,-0.16844964203378224,0.14593382929574988,0.06461516988573618,-0.1841902178699706,-0.0898776858943515,-0.08652913014227923,-0.07993989670242857,0.06511571277355714,0.08211126534242866,-0.17086686918129626,0.062275960577049996,-0.005555355882233421,-0.08087228527322156,0.13175441478589017,-0.17547921006338252,-0.14969118014988858,0.16596139051509592,-0.04601907415782713,-0.15599513375002924,0.1814005851167398,0.1465677671840585,0.22649144416393996,0.042022938911118066,0.046744476849281534,-0.19746384107345627,-0.004882652295745206,0.10740060094077186,0.22476438368198368,0.08099510566185125,-0.009348976089616313,-0.10185356869807952,-0.080374264584441,0.04859561735826269,0.07206868326326198,0.10515306342443011,-0.15197882017682315,0.16795685245589215,-0.29965243605779474,-0.09043479131789689,-0.08004538219412023,0.05711372981538165,-0.02668232580568577,0.09106267500270972,0.12764549551822316,0.1422192234234047,-0.09722742825865736,-0.10287672405839138,-0.023757776220697344,-0.00217047942813692,-0.10357950172021763,0.17749433757097072,-0.10475991169361085,-0.003231548022822683,0.16488070011599057,-0.19091165717661218,0.12804101188563696,-0.027948596385373448,0.054175826165319116,-0.08931509743393112,0.07442694086270144,0.04091420469878653,-0.04915249668043398,0.20294336069238428
2001-08-09,-0.012729946711421546,-0.118008093269532,0.04959560414567461,-0.1561150837836201,0.02941873993289869,-0.2208099129385141,0.00689019017499425,0.15555586312928618,0.2049851821664266,0.04276997546212325,-0.01740012448912008,0.11671477260653702,-0.19094862039286015,-0.02746047618949624,0.15323252990683264,-0.10228038621553316,0.18168628777252124,-0.1473488468756595,-0.10180745054445736,-0.20957141950515618,0.002725104925619616,0.1837675952869678,-0.026520216128146364,0.04509258781376424,-0.02116678871013589,0.003965597635325787,0.12250486057398072,0.10104153891661424,-0.08943331509064559,-0.024772715680266538,0.1250525868144018,-0.08497477297239676,0.018128646617652917,0.0900669745604402,0.11714086505022538,-0.19620578015072385,-0.05978941768296764,-0.1451398738592871,-0.07109102925137235,-0.05186431084413043,-0.013008853616970533,-0.12187919197694859,0.023963477499529037,0.07304126365007152,0.2065847639623931,0.13000506313504648,-0.2870955384371186,-0.05297230090492892,-0.06816040124694941,-0.00916331635238551,0.3711371259743588,0.046108713775228634,-0.2786592326121705,0.06427590902686937,-0.02665121484432046,-0.018616617453934454,0.17812041657870292,-0.07546634916491633,0.2417606407145034,0.09614631510300405,0.00805690596390567,-0.16908217141156856,0.011635978008798332,-0.02258050398064381,0.04722237052868768,0.004549949700896576,-0.10700300348092998,-0.15538497922939154,-0.10626990584813416,0.07013220872120579,0.0647561360597834,0.37124592082546637,-0.1302229589385534,-0.15670163543585852,-0.1416177783039437,0.03584262304951533,-0.11997575780790157,0.17785502598294048,-0.03392120135849095,0.04260259220334072,0.039652035548474775,0.09607043898196453,0.08440749552562982,-0.19605188414253752,-0.14458758259060875,-0.034871764945431184,-0.029768927828651502,0.2055678798899735,-0.3156772131113754,0.15622609155041314,0.20299880646098967,-0.2887521726330181,0.08270181955638009,0.054554632662943435,0.060585920251252465,-0.1591138772387849,0.03061291385618018,0.1160636900626369,-0.1476637214255783,0.07311203765774589
2001-08-10,0.0019760695206675134,-0.14179777685724007,0.08621754032107565,-0.11253890292217053,0.18546295915814523,-0.010170168153895591,-0.15253406747136286,0.42412107662791004,0.20862775968725333,0.10043560019561973,0.0692560958757493,0.17176296586432938,-0.13208888598987267,-0.09992165651411297,0.21319520057907768,-0.3607501167862524,0.058857097451750266,0.03745307056351871,-0.2075228344357598,-0.3018914308248146,0.04738377602223526,-0.2893021404423619,0.012691201413017382,0.08644263679355069,0.041912461407952975,-0.21981364972139258,0.08839746357797051,0.054448346920373925,0.34439085514943435,-0.2764729345754797,-0.11111719202642115,-0.03712552896247148,0.022280348378248417,0.11488273799791751,0.23882838423453387,-0.19341583928363212,0.07091020752326627,-0.0801445452132819,0.22843240852841662,0.03146082645637438,-0.1596448952368612,0.06733214096753866,0.23484423308979294,-0.06454056901208463,0.01111492477214625,0.051209003611186264,-0.07456854470672712,0.16770550889046903,-0.12945024499040275,-0.17106977753380864,0.4470946461895489,0.11440212583576655,-0.09744106305362778,0.02099501833276387,-0.002393103174716093,0.1565807993031423,0.16754652240902987,-0.0363900517748347,0.3201948251037065,0.16903604609284661,-0.012132707500182246,-0.08946201874982801,0.1036901231773457,-0.23385432805193243,-0.11341712692829463,-0.22780936760160142,-0.23547527384934563,-0.19145278498748988,0.054158816722506276,0.10731980287744092,-0.1253635158882465,0.2175190790322207,-0.22843027320277906,-0.11900798518554935,-0.23549484447609728,0.06560063295978245,0.060401656834755284,-0.04683933233583728,0.06748683818961622,-0.10711756940728825,-0.02045473010505999,-0.33496492032302505,0.03207717945526016,-0.0307055347646453,-0.11977356643275332,0.10720288695310029,0.09994356936446283,0.17077703677923275,-0.37750345940378344,0.27860113552251103,0.18170617058932378,-0.39564828479243547,0.15703366090712673,-0.11082783916597752,0.23844763918394213,-0.1649735531428487,0.1929165177567073,0.049569633070248774,-0.20218850900990665,-0.04325478676192702
2001-08-13,0.034679527479646144,0.0791266965011381,0.02073902357541287,-0.26083483315049383,-0.08612515240673857,0.1279740816466418,0.022713233813268074,-0.016149665627688138,0.05702815439916109,0.1178607476729046,-0.15632742024759624,-0.04367510691811598,-0.2649877579345591,-0.19084228188861727,0.0680144561181116,-0.06992407497045179,0.01992143484327443,0.016082996249662987,-0.2321543013324911,-0.013436998917386693,-0.18095212233264937,-0.13861095710854293,-0.0328155994155081,0.05036909231245542,0.03285589667094562,-0.2731559206355961,0.1269857831523836,0.016814480573074116,0.045775880275156326,-0.08267621016421145,0.17322930288258026,-0.04900692306167861,-0.17901452151168884,0.00871661724449714,0.17725943444900574,-0.05737625520242986,-0.050271631507034016,-0.07803627639117658,0.13819437479202556,-0.049834314783903176,-0.0637675943814884,-0.08501656793028532,0.15540978422394047,-0.020437416267555356,-0.0394589968096637,0.05071677331137238,0.07940409326671415,-0.01280434724808029,0.027480587367743073,0.10571678766409671,0.34422446256701433,0.1780937140014327,-0.044317337776197806,0.114610215255595,-0.020826062254099185,0.12853964850216074,0.03484716395554494,-0.004359757325465536,0.18751868075476147,0.08996586622457348,0.01846385578229713,0.04363993951057372,0.08770750210551059,-0.2906216359489353,0.11094102678588325,-0.06445527060893008,-0.2477782715511106,-0.2258949777337446,-0.009221603592940506,0.11188860272879671,-0.002940944500223275,0.19777898689498613,-0.11298270449790389,-0.17091863566328416,0.006231711635747226,0.06195179405257646,0.23102648358839986,0.054567160279844096,-0.09408622597986976,-0.06416797568180359,0.027706512731317034,-0.17406047061402455,-0.11015599690084342,-0.07069301595170277,-0.03637719904508575,0.1696892723410321,0.1708890862546252,0.0644030273069492,-0.4164600307802467,0.2430598662473264,0.24517795076756146,-0.2794252003971818,0.09457305451011896,-0.12127255648176402,0.09911377407026635,-0.07963264640310093,0.06090401372539818,0.17021979618690108,-0.08661973582125843,-0.1597564550010709
2001-08-14,0.12522275098821528,0.0923965282266277,0.011171492506428049,-0.24582917552226533,-0.27037863728267836,0.2075366476574269,-0.0034736537345954406,0.09552965212000568,0.05537567970441068,0.08087595363961848,-0.3214897604149741,-0.05511096165266874,-0.14238101264300604,-0.2026932519942895,0.1628990999294187,-0.2531844091902964,0.006867853067851103,-0.021828806546793738,-0.24968630570045283,-0.024849303639105168,-0.21220758241297563,0.07645258198991738,0.12205130534787643,0.10692042674166967,0.030986509533881545,-0.15882025198787766,0.08208419643733988,-0.12706215221604092,0.09734349061136414,-0.07060102866983073,0.29072743632411585,-0.08428224019844116,-0.2225823467884176,-0.07494759839462091,0.08979124189380826,-0.010281399767971895,-0.058208813449420166,-0.08572531073249409,0.021023541811948772,0.0410890738662015,-0.07678604773445444,-0.12000131675328521,0.10673720216932985,-0.07091965586632916,-0.11391397314965217,0.0021224366737838847,0.06185019559429855,-0.12757810582569293,-0.016393505944747457,0.17924340776410091,0.34279887324883573,0.04842866204841412,-0.02276340379468646,0.07720169630573605,-0.023180618538743928,0.13300917252379205,0.1152814759467749,0.10207431718927522,-0.04101694748689983,-0.010619977320038278,0.007157603077623483,-0.014991385649187304,0.3461172775908226,-0.22359160528980784,-0.009145265421113713,0.015708763115180213,-0.07360657726910502,-0.22589498681613343,-0.018791861917034903,0.11188859594548063,-0.015205259590383933,0.15002470102255674,-0.005954393278852419,-0.12406932303022472,-0.06663837793133492,-0.06034000723004045,0.19892138655003222,0.10217770216817744,-0.04213089173076894,-0.09484686084422866,0.11154001838600755,-0.03138908144772464,0.16074081620518263,0.025268214427267798,-0.03535936221739557,0.09533540796536695,-0.090945763721097,0.05842493265173713,-0.315350628972822,0.2692915828215431,0.17949667249007376,-0.3036512749517589,-0.17750675603332197,0.0646843341633084,0.12909269974781576,-0.1133884250741976,0.11834778609826328,0.1412691383232714,-0.4049143409168752,-0.10525414657792978
2001-08-15,0.04821882715857661,0.13357141050714083,0.020456261453652258,-0.3278243722550478,-0.32864333181822164,0.1279349884322961,0.37449539234478846,-0.021515276278067676,0.01078166905601644,0.42701976573844724,-0.10555329148873681,-0.1318607940260407,-0.11671453368366425,-0.262000260947213,0.05080475896591248,-0.17749236516908995,0.019173425115089588,0.12629054427787262,-0.01928340094315027,-0.30520056519679145,-0.22931931753647475,-0.1303569652402251,0.01936523434844434,-0.014813834990433521,0.23481363500653357,0.16358053561585648,0.10162271641026555,-0.06375781128405236,0.12348200132410936,-0.0706010393217316,0.20843999938688654,-0.16211204601358398,-0.0816214036837897,-0.07494760164708548,0.25547492662144416,0.07774164279014475,-0.06446913523206464,0.05720579201515176,-0.21295820423627196,-0.24360983875138892,-0.028437012625085693,-0.04748436400346895,0.0532740338736116,0.08576059694057483,-0.275538492148148,-0.06432579610976734,0.013477640072990075,0.07660882335246653,-0.005202434162255038,0.1608249968800716,0.2130682426047768,0.03487545022831633,-0.10417272517139596,-0.06883418194645918,-0.03356859658006122,0.0330694714371908,0.22190387114723958,-0.13055997336834677,0.17049162038061078,-0.05891951106199437,0.07882979901731418,-0.08848979285266197,0.32552552903385684,-0.02969539932119114,-0.039780679134037704,0.00724633648667947,-0.21313630121562227,-0.17490742097674228,-0.4272655482101148,0.10470881342814295,-0.017345405692288665,0.01079085395415887,0.03671688027351208,-0.05220121250404161,-0.06228103945645404,0.11742994645772006,0.08461472484953526,-0.004687080641615714,-0.009442536833628067,-0.01896158455925153,0.26480960670011555,-0.07348366978864788,0.22695882113802907,-0.03255261961641595,-0.10652944189249741,0.06913330774077851,0.013718628417117868,-0.08413356648323507,-0.16443932455687033,0.1926457245273361,0.2489534476784973,0.1309266730157588,-0.09754835439653,0.003795184197717536,-0.005562937356177348,-0.108136202537378,0.06061468820370876,0.11953421640306461,-0.2575011362022658,0.16517789760119644
2001-08-16,0.12586748702480738,0.15254950862566685,-0.023098613465637866,-0.2103268331186126,0.06079795658552883,-0.0154748050523855,0.18167788078637084,-0.14895100108647627,-0.0056099827044227835,0.34983212567296496,0.057149044278718704,-0.10272430328964341,0.11562504153715895,-0.25878409778180783,0.08884204715831948,0.015201013946574558,0.01819280935056931,-0.23742261159694122,0.11321836790910858,-0.22403483622275855,-0.15893437861307375,-0.1992528835196771,0.045174082893817954,-0.061616570800080164,0.30038298311505557,0.2310201432817509,0.16815959378330528,0.050164449106401554,-0.15208082389614946,0.08850268650368683,-0.12117693039023018,-0.14900358398202732,0.0721319344471427,0.030866004133814358,0.13295096640399412,0.3983534773449543,-0.24969239600674872,0.02173433522910653,-0.26005489506819734,-0.29330942207353317,-0.06888442044873688,-0.25986902340477464,-0.052255001466569716,-0.055594960365696916,-0.09708793856602434,-0.0019831915471686585,0.04011051876268007,0.04245380236933926,-0.009229687224816251,-0.1868566921823417,0.2068681765246251,0.13230971036172628,-0.10465727468918701,-0.010658269664971187,-0.016566671603787973,-0.01781592383380515,0.20870202830760384,0.231203113188769,-0.01666493945853914,-0.10641500416755836,0.09833670986730117,0.13183890071465657,0.2217743792287518,-0.10522261401296396,-0.11642957155598412,-0.09617040986429355,-0.22677309079954655,-0.21077692058225694,-0.38377222292434987,0.0010616747233810012,0.07090456664742013,0.22877890363272377,-0.14287896412138196,-0.060462066080013005,-0.08429788894180375,-0.06915645289006699,0.19750973390953047,0.05189448381918478,0.03903916102038874,-0.0023868493419793475,-0.04482569963725265,-0.01549830074532549,0.15862045797363875,0.0719078329709395,-0.05834001523523546,-0.11244315929890449,-0.27020022479284544,-0.07005043939447053,-0.1161718663424749,0.40131127292404195,0.21875326122488664,-0.10691377784277861,-0.030475524657982624,0.01034587879042062,-0.25153256391671813,0.03358160210629856,0.07899920271750097,0.14640409204189256,0.0221106056936335,0.09342097587073683
2001-08-17,-0.00693826955545033,0.08252571620408378,-0.006058360546180897,-0.14105621108074806,0.030204703496485578,0.17877635768364486,0.1562531339076544,0.025338931653250272,-0.20675981554595085,0.3241485842144651,0.30043876143138054,-0.18339247743453949,-0.10966085826304092,-0.2065995175679111,-0.1594300743735393,0.015201012780666687,-0.12926873260499872,-0.2217400121954053,0.28046752001640474,-0.09344226287872139,-0.012465784811068251,-0.017025023418815396,0.01938843556019322,-0.15222269251882076,0.29053164302393275,0.19402140053602704,0.12585104142331505,0.0868923747351082,0.09500972168523349,0.06473829231255913,-0.46338502091620876,-0.16679360106903116,0.08296377730377512,0.3231649790712014,-0.05609669927294136,-0.07877705471941836,-0.2496930530293479,-0.05519451196310755,-0.4588073499966304,-0.029901608657967954,-0.23573445963648404,-0.30119575785491126,0.020831942808878897,0.0013511223329450935,-0.10765979792151258,-0.04129300623186291,-0.2114905288876154,0.04243519984631958,-0.009256455029844866,0.06265190717327794,0.2333505939076911,0.26643375694632865,-0.2129238666760473,0.21928685660620006,0.03092835110855862,0.38270811767730906,0.36356582261053294,0.05515315841045772,-0.13980334650907475,0.0031217048466358876,0.10615216325002648,0.1320170954416559,0.3396482219321176,-0.30909514693562623,0.05012670583271976,-0.3136710652028424,-0.22586946009724423,-0.2636670379610142,-0.11892814078470908,-0.09674903893103771,0.09188357484374762,0.2572697301859037,-0.23951969911078594,-0.005721872247409069,-0.19141994167781445,0.031378061619884566,-0.03312064954050528,0.11922360821196734,0.2394881780716113,-0.1500690261433599,-0.018072890251545827,0.06703032426244603,0.2725816826139562,-0.026965444303524294,-0.12923005328332215,-0.17630787581916088,-0.25377173686528615,-0.02910642323062563,0.012689756268979927,0.5050299618982238,0.1320047137492006,-0.07975221813457287,-0.2585865215779842,0.15190680489548267,-0.37593366157650804,0.05590864117003528,0.17669832722803522,0.030698365168362496,0.018179905304337794,-0.09257583504333372
2001-08-20,-0.09114771941747724,0.13434625747531947,-0.03663799997714377,0.04460775554626147,0.06533193296569051,0.1430735312424716,-0.01030645864241918,-0.06968715457740064,-0.3932815432084585,0.3224598763268048,0.13352680641043993,-0.1052867646516836,0.042354194239952,-0.10873072059264183,0.017753146415989716,0.0754981266088057,-0.20228615508383288,-0.13906216594281304,-0.029122922944867274,-0.03242552936831969,0.08401837718630888,-0.10988911955476159,0.002927672054005522,-0.21125546549243043,0.053083196499667015,0.05237202434950032,0.07416253716154723,0.0716739749001297,0.12351505674107743,0.3000786973705843,-0.5424959751152238,-0.11998591598760064,0.07441986606396148,0.07222204840867369,0.13386018617326392,0.28131407168287387,-0.19007588082755394,0.0005978487473862087,-0.29784342134142405,-0.03956620198580718,-0.040165889732777973,-0.3427935978164772,0.27510867886316215,-0.09702815999508035,0.024892261911902653,-0.01406024673063749,-0.07096962342299341,0.0052731547482219995,0.021921727554839218,0.24155500648827696,0.2732529129881748,0.18737388817579637,-0.12347827244320873,0.30042766646074404,0.0348421041741263,0.1797211481163537,0.1443277109418859,0.05100386158694591,0.03183862474467599,0.1672341829038846,0.06775313373165708,0.25713822691959287,0.21291757977640172,-0.12412452408115571,0.12605037533076585,-0.6396798801105551,-0.23437603775136495,-0.08909758801933844,-0.18919136073779577,-0.0760141497233727,-0.12152103390290164,0.021840213520862847,-0.21914528268297712,-0.06221584848171588,-0.15530423039608252,0.10546087168008483,0.17967449926167736,0.06920256614844221,0.129303267458366,0.04138962073637403,-0.14031885995099777,-0.1685734669101484,0.13912612776366318,0.050559796215745835,-0.06681466729787934,-0.4515554129796281,-0.17983564825299472,0.007974130055451618,0.057864242074259026,0.4510652933685351,0.0779645956202146,0.11927709634319422,-0.0836961973633639,0.03301027826600506,-0.23167630044524606,-0.015087331585324094,0.18957557845987463,-0.21540630167171138,0.07296420882086123,0.1918564251197469
2001-08-21,-0.12829079213537115,-0.18044447173142902,0.010913955278046167,0.07114927054127315,0.03373464618767066,-0.06747543800373751,-0.008951967401442974,-0.1810370022608225,-0.23539587352051655,0.48046353142382353,-0.04740719232418339,0.03783111788711318,0.058987242064647186,0.018064885990627187,0.033634415094568576,0.06125831210498485,-0.1467859061591489,-0.15734887435736863,-0.16538241157402245,0.10778769461665615,-0.04156851693746393,0.02857895384475499,-0.08198060252128034,-0.11365766360240612,0.40167042105332823,0.05159947341304115,0.17014969977461172,0.009925107400124438,0.16431751155363794,-0.0795685102133203,-0.3091949457348805,-0.10973244723291033,0.1682225913760793,-0.022196058021507065,0.1972955533458536,0.10925906217800296,-0.12951635417874588,0.10481101795185967,-0.3394699382062829,0.35449306523030105,-0.06782931298632094,-0.08486205611660053,0.13577073637997747,-0.13064715647515449,0.007507841072536431,0.07555714862703997,-0.13695390449496508,-0.014682987629888558,-0.037300711080983456,0.12068327835890742,0.16936029385172036,0.16467290405409235,-0.14227965042004057,-0.04528678182293492,0.05083503997291036,0.014270166087339024,0.11335284906282078,0.1942255412887033,0.11937309844159065,0.06656929273795065,0.2001705764051668,0.11391038514291367,0.32568206818314605,0.049487076732782874,0.013625484969662913,-0.4502874038847181,-0.041785436457211694,-0.02910492986981325,-0.31307815723829213,0.0074204319387591,-0.16713542227182435,-0.18881062550385308,-0.12868275324935163,-0.05651835945636972,0.060096462363269355,0.19199594366989392,0.08247814635636345,0.2123996019830604,0.068486392342685,-0.00015473612317540997,-0.13308097958847181,-0.20983449820959316,0.022607256659694246,0.09277745413780933,-0.14843648199161838,-0.205279546008993,-0.19769713855756083,-0.13359801369790494,0.06610360152084363,-0.057782780515181355,0.08630526378226479,0.04603802662529482,-0.14766749032314244,-0.010955066567695784,-0.0842598542244732,-0.27894717978108985,0.27072974123899435,-0.05817178063790161,0.07777144612205995,0.11476257475845618
2001-08-22,-0.08112666287372004,-0.06685449308648445,0.002305610243895135,0.09017184931661468,0.06351823423425229,-0.09258302006958001,-0.15627741928117306,0.08912469205870394,-0.0598544640961311,0.3740788101532399,-0.20882114743940933,-0.04648821469007034,0.039327809671545734,0.015450891712750018,0.039113675187723566,-0.0878849335321653,-0.11891026130491253,-0.34927547834093703,-0.1249958714331659,0.08618711410822257,-0.1661427739603631,-0.033782073931264055,0.06297631858373605,-0.020910594187034035,0.2943443662032546,0.12482647113515466,0.09485971992423584,0.10626203200831222,0.12479227557806977,-0.211115628251278,-0.175597519701724,-0.21291128818439353,0.08762396775830542,0.03516180348177702,0.20772373087323034,0.23981776462244753,-0.11896631567358235,-0.05160565873533045,-0.23926253080816962,0.5363470427273078,-0.12186834749118766,0.016136593389551528,0.008358411045203129,-0.2356788029734613,0.04988024987335338,-0.01669931249656605,0.1990663612708844,0.06514913008268666,-0.10607780471120078,0.026712674284829183,0.1964698409199353,0.26402842900294154,-0.08579877925490688,-0.2334058983026789,0.04014200824185704,-0.01370619742417318,0.058216488167189426,0.3389022502139853,0.16315138325401876,0.10487520686863597,0.2135335750615804,-0.019222474972407266,0.33793748788509376,-0.18468071302668027,-0.26703834216517086,-0.21742947300263668,0.16470117078995736,-0.022342254257067953,-0.1153715737024648,0.054407538417645056,0.09018188076322471,-0.2291651652845242,0.10840166788873808,-0.14011037818058952,0.1812933293820811,0.06591040321379091,-0.0172055370436836,-0.05256010943576907,0.10769841113079437,-0.05572203126694683,-0.0976619009891297,-0.21634705136390023,0.022395284590959096,0.05613045130150025,-0.15142122554971374,-0.019521486539037708,-0.3543466936574913,-0.10773449332687139,0.05357718223964042,-0.2249023577549702,0.05694665682609792,-0.06766925132776294,-0.06405821914697363,0.14144506602331636,-0.08990852935339728,-0.12462224115719447,0.009241377354402981,0.10935540225032421,0.026455482356426897,-0.3298416818389804
2001-08-23,-0.024135125091616475,0.08877656907714854,-0.012348596267746991,-0.0572792982847847,0.20743710529976722,0.05750079266980838,-0.0012442592269602984,0.02121586923361128,-0.04298426120004043,0.09837070292382394,-0.22857022197799695,0.12274343389019882,-0.21765227386617433,-0.04919124559065091,0.13796367821374506,0.3220861362259221,-0.12144840477521773,-0.21821583029027203,-0.2964401943907684,0.11022130380888802,0.09556552015608523,0.14719595071901945,0.1142023948605957,-0.3510363025097092,0.3432891669470007,0.06293650147398157,0.23134421101585032,0.10216117378019642,0.2516649015615553,-0.216346908904357,0.1027719759306908,-0.15292125945507856,-0.11682355098085381,0.3530003867941872,0.1853633132319866,0.1024527733188622,-0.04255589313372865,-0.0886960624068513,-0.24966357884044812,0.23451032294348106,-0.14516591162469697,-0.010081667470425305,-0.016031475322756623,-0.0852582642467187,0.2267118674534091,0.07011520907392263,0.14916937903762023,-0.18607887871432896,-0.19242398068071123,0.15412023277035494,0.10656648827253504,0.3606726569649493,0.009427345026193882,-0.11090062518262453,-0.003371215304283912,-0.006992894016263403,0.1278241267110231,0.12594022513526745,0.09485172806749192,0.031685677276176286,0.38610565660569257,0.18040666590412,0.21093309259703238,-0.15420932868793796,-0.03676511716116763,-0.33684958973529344,0.17181450368092244,-0.10993599933007069,-0.3498130855586141,-0.229315211319661,-0.22368937014761356,-0.4777571832890537,0.11479818806160064,0.13127631454202027,0.02033222489903154,0.09001771437885474,-0.025661697500760812,-0.0878040301685522,0.11303867145385849,-0.07610866623031305,-0.09766190161975791,-0.10015988824885265,-0.0439457049348402,0.35034951909625756,-0.12036207452129723,-0.2206725444526637,-0.37381481895331736,-0.05253794874269537,0.18147404398970657,0.10844235790988568,0.12480367983307455,-0.006476079856128606,-0.15226387589332832,-0.020648304587114717,0.07298195493687656,-0.23585431649653008,0.0035953641258666827,0.0029971865482424534,0.09541106871046859,-0.03761473999926847
2001-08-24,0.01225283274505112,0.15993835085564745,-0.006275368022318013,-0.05204541653580629,0.08894794947141416,0.1856569124096612,-0.13323399543353204,-0.2794716240448604,-0.10360476547768628,0.11540531646856224,0.09298585105534977,-0.24612671026379246,-0.09408058235079653,-0.04041660709752239,0.13757853962789235,0.4664588126992344,-0.030080000909447676,-0.3079395075200794,-0.03430752310828897,0.08954198420671483,0.09797536623201249,0.13701914040131802,0.08079722077157112,-0.0486019713930453,0.18399134919722993,0.09567366592521537,0.21681128290639037,0.06749698510425793,0.2211067115512695,-0.13957304256641517,-0.1314733721864618,-0.0886611626746139,-0.1047889448864101,-0.09666874904951414,-0.041310900278312045,0.1803582324588167,-0.046568242134534955,-0.15606907619867574,-0.3219542735235706,-0.04619848451069646,-0.1423882979474905,-0.016186567765910053,0.27719568468870176,-0.19866756774004188,0.05249094233697134,0.10966292865277195,-0.0433617646080004,0.0564159897991525,-0.059633828693837654,-0.18090081241500441,0.21821259744664676,0.04034123078200859,-0.1464019993519104,0.07025906496305763,0.06085900996274103,-0.05768799134030431,-0.12864519883632133,0.20457143321882842,0.04986409607902553,-0.06122553064042079,0.2167191194278329,0.0790006991632188,0.1776013467052263,0.25435132462232984,-0.21830404477756693,-0.19790117854450534,0.10760676635981348,-0.18711155490036097,-0.17180052756358508,-0.1149079049750755,-0.1408110401029134,-0.24846934366330384,-0.14433993234074277,-0.23886252317311987,-0.03880790697134087,-0.03337414128332246,0.07469495272481524,0.01983577211396436,0.06203461632847637,-0.07969405423451993,-0.23139225378417605,0.24384106067539676,0.32546784483668645,0.3890189063213494,-0.2428794083517994,-0.19215593597544076,-0.32600256701161934,0.07469893192556895,-0.068881148668752,-0.013645737282599758,0.14478193443790435,-0.1251002995807239,-0.3201704061232685,0.04602584486891239,0.4537175260888552,-0.09683937572088445,-0.12650901385991695,-0.04628714690656402,0.20749867718085196,-0.38821669391505553
2001-08-27,-0.030644346928479983,-0.08826393304497163,0.07801969619429998,0.03517076245770216,0.2629530788167232,0.12556536957256434,0.2776091596700893,-0.015458397448283014,0.042270387352876394,0.2515102984427117,0.1271453880828783,-0.12773676562207395,-0.09408058416718038,-0.04808462013173151,0.18360964224516993,-0.058197941165853875,-0.07770598673944316,-0.16140192737673362,-0.03576828611087687,-0.032899720946901446,-0.07906033518442813,0.10188050073500741,0.10535747681272455,-0.01511358447540239,0.31218790423786447,-0.004524297729859977,0.2177124054177001,0.055842107544029095,0.1550888240650473,-0.2875905257584622,-0.23132076916175567,-0.03153042524350878,-0.12471794206315019,0.019779895826001245,0.04760548401711627,-0.010488384929862066,-0.1542948576793325,-0.1783757279834566,-0.21268059398448505,-0.09647450083553226,-0.07802745399731002,0.08073591153958232,0.17630730202905284,0.15922840764755877,0.17585501053190214,0.13048834461554656,0.008463547249927972,-0.01768553360335818,-0.10203277553568828,-0.2357747073078501,-0.10180363207114658,-0.08040769916391756,-0.18096143854594318,0.012075678242129717,0.03822633554588095,-0.17624182625496862,0.006731535769137413,0.10937862358360814,0.10347454946481141,-0.10538664833578912,0.3299381785442544,0.1003398706862561,0.32665360910586955,0.26748740178622893,-0.28997622018689656,-0.14152758719115316,-0.10386818529234398,-0.28872086860219626,0.13000976684595728,-0.1579904404367416,-0.21726623161671876,0.029371092556669892,-0.08590276972806865,-0.08275692875555825,0.11841619635020317,-0.19403502852196852,-0.016772991766027045,-0.03720517618429688,0.04715917828678375,0.06329120061325239,-0.031010852974461618,-0.07380496409694591,0.48757735508716804,0.20508433261955722,-0.25325737527370623,-0.12445856961094715,-0.257826412009797,0.023801871759966862,0.01783756397468022,-0.10223432185784476,0.23673674126849678,-0.3369576586980006,-0.1269115953147477,0.00835583021799711,0.5614315843578507,-0.04011076200092935,-0.09442019535961131,-0.04385054136861019,0.13359408645632756,-0.3249031811457422
2001-08-28,-0.0016260092135431045,-0.1099548812770873,0.09364050519002767,-0.01685069012141515,0.19896661240882613,0.1289027350122062,0.2570293359935749,-0.18110338917054558,-0.011948660764174923,0.2953620884788319,0.2141591450887744,-0.07393398919594014,-0.0873368939561532,-0.12488838980383278,0.16582979486257757,0.10550173259722441,-0.09927442380831987,-0.12608199320275068,-0.019326406590766527,0.06669973018265211,-0.045731083861959,-0.020641814325210197,-0.02824718572958373,-0.041752939785516904,0.1623130227486045,-0.014942135185443758,0.19112213409440776,0.04642717560639734,0.0787481729617178,-0.21140868036032112,-0.19734996813673636,-0.013399992566609759,0.07937877589944507,0.03455951381291672,-0.02797684919001439,-0.054890956818081864,-0.18091124670983927,-0.16689531237203997,-0.19028572364450796,-0.07683342021062575,-0.025061390844144802,-0.009444559481942453,0.1257597459922189,-0.001875261810963986,0.19601565603425192,0.1026143366202114,-0.038598235615033484,0.01710988670077386,-0.011123604508186986,-0.0407444317755851,-0.11381948898556347,-0.18358959904839015,0.05808459313848418,0.023687277661067013,0.04214443516078134,-0.1996611682959598,0.018288937463681293,-0.04190938966107143,-0.020117401116673206,-0.10224363915837888,0.28221155735246256,0.1430557363193426,0.28076228322410973,0.09528598178144623,-0.14560199998318862,-0.138410477441564,-0.12754727681015374,-0.28872087231576,0.06726529092205318,-0.13368176138344603,-0.32668596280076423,-0.28996290688944837,-0.10656072550901684,-0.01070689765042961,0.08034608671595043,-0.08605228534622571,0.057754148674690475,0.13522565947600654,-0.011750734231466808,0.1816554565348643,-0.12798160809056158,-0.14168517101213896,0.45036048171177695,0.23410078951568172,-0.15224343919426875,0.024447841449269994,-0.06168490391126411,0.02744394393906256,0.15866791017770135,-0.12395367490892654,0.20151870611621203,-0.17746973210526232,-0.026177928447554063,-0.08789424346929944,0.6642878871144096,-0.11764156981534586,-0.11493663258815298,-0.017138858936509238,-0.08421478510327222,-0.01760428388650828
2001-08-29,-0.010557686783671952,0.02692622997676515,0.062071147342237516,0.013542512337678043,0.06527144556538052,0.1470564649589979,0.24784057721823063,-0.3249525957037226,0.14177958074782446,0.02634229363239182,0.05427522569882235,-0.13119773438852297,-0.023105674700407197,-0.17728419299294484,0.18972705258525274,0.09400955413758791,-0.05710217945871171,-0.2961216187206841,0.02895178401804705,0.20369784008317823,0.015237165207151565,0.0859758192777414,-0.04198414192477161,0.054585912602285534,0.06289406931378308,-0.00495672240945786,0.1556588784077186,0.014205325651761974,0.16992613192293424,-0.2058308227181936,-0.0921539472712953,-0.061859169795860654,-0.007792478712801504,0.05759539701780076,-0.014416794404442664,0.12572404110584812,-0.08746356849033995,-0.2051011038341516,0.03869548631257836,-0.20048052057850177,-0.11291399882741188,-0.04664962907141522,0.16321711107485432,-0.07412205490781454,-0.06351521955109203,0.1284329857510315,0.08327561590042733,-0.11811752088920055,0.02775943284681532,-0.19472359756989324,-0.15895336170895705,-0.1582994212330182,0.14772229538549753,-0.03447180676594581,0.04494167029097973,0.0648319990877967,-0.06579707161618668,0.07892492561544064,-0.3410242175211871,0.0439172810163854,0.06605320465809973,0.09284630478810695,0.2823726485878505,-0.13849491252024643,-0.26078203416534834,-0.13120578229139698,-0.10759762944414074,-0.03338496510522762,0.03727788700901093,-0.08937532405694561,-0.09123602606141339,-0.22367693606632616,0.05533303800003302,-0.11021726488824202,0.1448847511119947,-0.16040783379979517,0.08638920555232914,0.16379874753313428,-0.010401608468879806,0.035635047406167304,-0.0926736774021417,-0.27490183803794593,0.2768903311942994,0.09353952111121586,-0.008295472202944916,0.10633020058781163,-0.06120573436001984,0.07264073415518223,0.028220478508969367,-0.1378850308115242,0.24802846529840253,-0.13997133608937806,-0.0027791230443688247,0.03135788898057047,0.40607240677000145,0.00022297310388601227,-0.04353331874381228,-0.004346849480824495,0.12838780547141082,-0.2513019085497454
2001-08-30,0.0515839642899244,0.004779610340116943,0.10629070183871259,-0.10199294128823498,0.18842628398084807,0.19733594715866473,0.10443368376724205,-0.016036322519235736,0.1228306670543785,-0.057257421988841095,0.2508535167055846,-0.21065111204535897,-0.02710606004175073,-0.09365980699978982,-0.025321993112765707,-0.04616771430589924,0.0895750581766543,-0.22035574621491164,0.07617248330765639,0.09093573291417262,0.08014934345097444,0.035686444364733394,-0.028545100333312975,-0.12835957341107032,0.1866004905504634,0.04558522440935547,0.2353677410350952,-0.055951242744318674,0.25358784018034,0.1168155032846535,-0.23514227274015082,-0.044935815004867194,-0.07661676398283927,-0.059304993947788466,0.08720279419603458,0.2812778318250755,-0.10388403022677412,-0.22091497062080898,-0.02234163837692432,-0.0064802455973847145,-0.14261696229339052,-0.25049761402422305,-0.11341613741914217,-0.04022635402973109,-0.046808124579270485,0.09658043517569484,-0.056429017618112004,0.08882121835470587,0.02121610619021785,-0.11596302974937701,-0.15895336474508806,-0.07804571283242674,-0.12800193078379973,-0.16146236445969497,0.03682863396191001,-0.05650662744677052,-0.06579707183981402,0.2691271144056677,-0.3550649910612282,-0.04368119124677317,-0.056757021702082265,-0.009937206737117385,0.14261308686445373,-0.2098990431339328,-0.4826202401856761,-0.07676429758636903,-0.08241892273872747,-0.12149247268752204,0.4414762350998431,-0.08155066173651496,-0.030922816354308342,-0.12412285779115055,0.06035303061368245,-0.10031534399600552,0.12386934009595325,-0.203081272884943,0.1573683002283686,0.15816602563330368,0.043144324313990616,-0.06003709175181741,-0.23702855526389008,-0.011628473860504545,0.01676467964308183,0.19607464748073986,-0.11539347121031768,0.1402258735131042,-0.2169757290824123,-0.00427426867576888,-0.05209450790777848,-0.15899516518997706,0.3106976315025625,-0.15308103681466728,0.0015192153649092423,0.05213058853028628,0.30410909890484983,0.14386318894116934,-0.11554787337616844,0.093691970934313,0.025474863986493092,-0.16248184724592002
2001-08-31,-0.0363123847175182,0.1754371176630898,0.03396794656317343,-0.05669114125082669,0.01833893122808611,0.1303525820833484,-0.05784776515745339,-0.16932282604923443,-0.10421490242199562,-0.03939707487828384,0.1215021100316114,-0.04681983366667565,-0.04240030216289205,-0.12260979011563453,0.011661802363249806,0.2962145404977891,0.06102979205751423,-0.25350263671012213,0.15010260868967132,0.2511563873120274,0.213946884571777,0.2856956020636548,0.10167122772975726,-0.533453483961167,0.03374898881854062,-0.03994748044465458,0.22953024784813444,-0.10775947233106538,0.12046706275689871,0.007415971861699492,-0.18008744118449146,-0.06241255299442532,-0.23076893865688644,-0.13383843030448417,0.00802631316529625,0.18575446268871001,-0.15294005018718154,-0.18968259721685127,0.004830952438157143,-0.03837384983055809,-0.08530874855943703,-0.12205164310184272,-0.012987155108921749,-0.05397389350473892,0.05552209054415777,0.14119205542369676,0.3068223747207746,0.13139055924379348,0.04096512372399624,-0.20670376850788225,-0.07917784829384941,-0.028335402674233366,-0.1297547183075875,-0.06776585495017944,0.02328280339452377,-0.047294530691644056,-0.07210792997774751,0.04532888397895383,-0.23277174501479822,-0.09050543928937126,-0.12087531275048068,0.025108334187827066,-0.26548641470110046,-0.013838036269139202,-0.15334676459153052,0.08315193014031631,0.032839750903498284,-0.1824283321021642,0.02370852304614845,-0.10123367409961757,-0.14670439665294713,0.017550753364981353,0.08933274282444437,-0.06778040781188924,-0.11794041417435312,-0.16257100704418598,0.15340095060821277,-0.07066873465625463,0.01153480156843606,-0.05090943562270196,-0.1444609303213025,0.0497368073611873,0.05397367562078447,0.16142584556949538,0.007599691011088991,-0.061917574593175526,-0.015946350368260087,0.1007071026582388,0.016622359056421405,-0.009092391667226944,0.24501258012301677,0.0010935453001696372,-0.015116814274853901,0.13479553062023866,0.1636288606529414,0.12463759748065137,0.08537417278119512,0.24673840086142473,0.1743765842320572,-0.0768988304101031
2001-09-04,-0.05561186415486398,0.1985425583198794,0.04297474231059391,0.008436406113623673,-0.023152414623496795,0.00936740200547553,-0.09739709461144208,-0.3887022914192329,0.017343547753582267,-0.007297185212814378,0.06864088019613987,-0.13927272749226244,-0.16502170725988125,-0.1324218869986264,-0.005155736993768448,0.35833913741339557,0.07728982572557608,-0.31953204057167833,0.0780243015178353,0.06250280375416366,0.14497578522643648,0.2029255779667126,0.04598108511180651,-0.2398749145933616,-0.019608997200518542,0.08563723955546045,0.20826546668593363,-0.11038424854452954,0.05309755647510862,0.08856918692043023,-0.18468762189228233,-0.01450719462130657,-0.20568303232882676,-0.1672700769512041,0.1805144379799056,0.1138987189908408,-0.14696867699181257,-0.1431713110531984,0.19438482618979339,-0.01832058714802664,-0.014085464619756774,-0.021858988065989463,0.09298780945100608,0.09832288399777686,-0.16688699915131291,0.24202243865707343,0.25603430804267074,0.12730403979757682,0.06104751714053379,-0.2721905246140385,-0.06822264778583623,-0.01992884039248631,-0.10785421272800982,-0.1031838835324406,0.03390325726605503,-0.024854926950274966,-0.16069985171682755,0.08266135198097163,-0.1649383284442922,-0.10612351817478892,-0.06975696646958952,0.09096690224651775,-0.07399338264908466,-0.032026591462392395,-0.2397453593924229,-0.038088451130903735,-0.026606360053691235,0.0906404994598249,-0.044223203956448354,-0.10123367329704089,-0.12614935149129772,0.012242093898327975,0.027491735002609066,-0.14426070488416573,-0.059663648674814086,-0.16836030918674627,0.08036404250683624,-0.07537865966052244,-0.021708537965915074,-0.09844341675526919,-0.0884149790076568,-0.04894465451476935,-0.0047547958124540025,0.07641361366367977,0.07273849380615754,0.012705093086492017,-0.17029776265524194,0.14985566942981135,0.24046373206897767,0.03079460727459048,0.16152528436342087,0.10590580650312376,0.10692975191927914,0.04583576169335211,0.08630450841720862,0.07343531228653417,0.005110107747828643,0.2836296666056033,0.17006214110081458,0.09597020863226802
2001-09-05,-0.05838536629976216,0.15386396554723322,-0.0042946849906271125,0.05145593848602352,-0.4502511653763461,0.026440391132443217,-0.11217992926006728,-0.33520354861944246,0.012828208337333254,-0.15566530209027937,0.07443316991393331,-0.033111220535023037,-0.047600248878806636,-0.02355681322520816,-0.05200744719332552,0.4085050103231393,-0.06529039723886758,-0.08361465940265583,0.20070873446544274,0.32068163362413316,0.010681156583396996,0.18281411413957266,0.07189678856952739,-0.12364476893951641,0.2326107471227875,-0.08695849663839263,0.1232792747628833,-0.11838326150046899,0.12651137670449833,0.05014449805917318,-0.166711903990984,-0.023452793330279442,-0.2156426120852304,-0.1400401799718141,0.1638157179020139,0.11558301460764688,-0.02742695132925084,-0.04484340051114772,0.0829599659313583,0.055144207545405416,-0.06951259607130375,-0.1035054378700769,0.16261366887943363,0.08650236519032937,-0.1261864770676572,0.15429009069689834,-0.02084579907103484,0.09197362063092103,0.07527042077250391,-0.09217638634744814,-0.11974371364846023,-0.14084175260717918,-0.19126864552000836,-0.07989829047147501,0.02922762597843385,0.12211371271295277,-0.08194731102640102,0.0006619559989279212,-0.19264237746458557,-0.024004239810924238,-0.03889364765611511,-0.03631986186757834,-0.025328265897701884,0.04764188122551073,-0.2691982201180868,-0.06215495032078942,-0.10097347935589249,-0.019812245536775294,0.15424301680232852,-0.07321177026621736,0.04717964327884411,-0.163394170022345,0.19597815572762872,-0.14426071169157878,-0.042665104942626715,-0.11589233321956023,-0.07350342531883249,-0.12150612915114439,0.013366554401828719,-0.014496159038246775,-0.08703867063801743,0.11549821351200508,-0.0334357725058142,0.06396271862383134,0.056220244193915664,0.1263769688857488,-0.08582207259467589,0.1254222142076128,0.25739344804393277,-0.03867610368569303,0.1504080984044033,0.11281770289115461,0.010958881702227898,0.09594730603740452,-0.0657742647084142,0.061904923261742975,0.11290563668085948,0.40864985999697895,-0.02087163329900205,0.07858885883260902
2001-09-06,0.02966387156580938,0.067040475493877,0.03029670189934819,0.28788672921212205,-0.09927002040086372,0.03519722899176672,-0.21675645277269512,0.21522219364135345,0.04919871453773959,-0.15060105228656576,0.004095254246819867,-0.08859043545561199,0.023533030872835918,-0.1679196374828082,8.048499040311078e-05,0.05838193216254447,-0.05879433184873539,-0.20835290317426472,-0.01599045439258949,0.3206816268525063,-0.016807744535503762,0.15682772196502842,0.15521229082182197,-0.1246110145039257,0.1324928736422159,0.047751178674102425,0.06616505042681886,-0.08390987747345985,0.030909608388656733,-0.07143400649278173,-0.11066236431077042,-0.015487537037038372,-0.07060136738609187,-0.22151073331453566,0.08456367996368515,0.08256592873229639,-0.0806851993525328,-0.1371505254211089,0.1456362205426172,0.004745563451962699,0.026488872953443984,-0.06858521048529434,0.11307755978085753,0.1369888990502756,-0.09327662839908965,0.04617662435881332,-0.01821599542510402,0.040323556999593085,0.09489995810514099,-0.32145270820530913,-0.17362660041822492,-0.11500103325788115,-0.04599029691182826,-0.0046232846201948044,0.008845870204906636,-0.06703671053419456,-0.05916884117636071,0.061970768231431536,-0.20340478955683863,0.0028932237989914237,-0.022622464430126124,0.016234795635434184,0.05623480416778728,0.15688038403627344,0.09122541461621814,-0.05327379596251902,-0.08622884404453372,-0.2308657294466894,0.31053867133355323,-0.08396024090291003,0.05334073621989416,0.009924859406329523,-0.033657373149139164,-0.0011451791450006448,-0.022658966421959505,-0.15320545862792498,0.05689228905418621,-0.12017163876471862,-0.008463955681882353,-0.014118415922648139,-0.1364234033451051,-0.09610549873947802,0.08808450248552466,0.03124380433978451,-0.027181306334768424,0.23754113943728647,-0.13257469675808128,-0.0353430987421074,0.3601435669936311,0.14080674526664858,0.16984473544489606,0.1797665708562257,-0.026095513544670178,0.02749796783172945,0.03241268344382792,0.04327097637987793,-0.010457599325468256,0.25123596612447585,-0.11415573690084484,-0.17252503268067024
2001-09-07,0.012592121130524528,-0.04128903744543476,-8.863334938553615e-07,0.21672159544691472,-0.22359765674036003,-0.0673186490971167,-0.11554002837826884,0.37449185136430074,0.03856259250529093,-0.06150912249488187,-0.115371566343013,-0.03705466753003701,0.05945153087785175,-0.05869860198292131,-0.012937694158537289,-0.3195902880664979,0.020845584319959285,-0.08745636532489993,0.19263152774891684,0.09032235783170821,-0.0730567708717815,0.0652782427387371,0.09778359544066896,-0.13223408344285215,0.14873118398630955,0.09583054834012628,0.13455266555796405,-0.14802589538495417,0.11435337225547793,0.12888615743461476,-0.023726803682319043,-0.017041319520505735,-0.17154034579225527,-0.1894183840485287,0.11180078425474967,0.05625200167942618,-0.06950844137519552,-0.18089939407141262,-0.0011999819510118358,0.057517750146769644,0.014240517764369173,-0.11292588297982421,-0.00768856771668484,0.1157525614977748,-0.06147724546539497,-0.026876714390018267,0.12548168686376868,0.0693451328181644,0.1464011568534193,-0.09151752704127211,-0.052063944045293,-0.02330603007508793,-0.1329560534028648,0.004831107252464211,0.010928602236438337,0.03745806961238661,-0.13372612881759396,-0.13349210618138818,-0.2514281271884152,-0.00032317063462506236,0.09154730892653268,-0.12977816477686538,-0.017341342979599304,0.0331540042294662,0.07659809156145382,0.006205991504348247,-0.052698272301112244,-0.08333653697157092,0.26296026994523036,-0.06016883849683122,0.11640918941110653,-0.05729254477927056,-0.07226483819429826,-0.00976760034049993,0.16411938612492863,-0.023313625801680667,0.043903861587691925,-0.1579100840400927,0.04262569607776261,-0.11296452551568958,-0.19895618660136768,-0.036501496662146526,-0.024384640336397714,0.07597006101169176,-0.08238519105319764,0.08027902807302671,-0.13391818008208503,-0.2505535785521724,0.1896482040436406,0.07773447745191064,0.1480584892530726,0.1344160624890484,-0.06213618425953435,0.1283807051452477,-0.024211546585450203,0.011349184107364485,0.16886257479882386,0.2007870792705086,-0.10206716048769039,-0.03744566777746086
2001-09-10,0.048428033875242554,-0.039573496490311506,0.006218658816657124,0.050267229549262236,-0.16806576017150168,-0.0841970158387907,-0.18822370684207357,0.2105157356075888,0.007280781233813933,0.09526044190484215,-0.1646772234679425,-0.027299080784437345,0.05945152366686544,-0.03569550965982532,-0.00949316581593324,-0.008575195827074202,-0.07859046241991857,0.012635221518902605,0.17859434337092642,-0.2271571776128134,0.00977724185285199,0.14898163281423454,0.059595223949905185,-0.24529081547587325,0.49372496522256676,0.020545522965003848,0.13218429751875582,-0.16380335151892406,0.06082407215974629,0.1410650581402347,-0.06639760398584049,-0.061118341605234994,-0.19547152978944818,-0.3630699508335904,0.07245690079332531,0.014071514547279554,-0.04197122435278024,-0.17303705000794367,0.006329633965604386,0.012426241592680057,0.043828889223747655,-0.0522840832170639,-0.16947694233740881,0.13406469096499898,-0.09529951295089785,0.005944862974309671,0.17640322011467294,0.06768818559817817,0.1251752499011348,-0.04790174250481112,-0.08248429865176245,-0.06411669268580421,-0.20822139376674434,0.16253401616697763,-0.003262493613053746,-0.05508028474668792,-0.04693603760314612,0.09079942487858186,-0.05306093721982475,-0.04975987417735669,0.10806892120722458,-0.26344397888003623,0.10936936833531825,-0.010595423848186231,0.04262543850117656,0.09596092354439996,0.05377467990833417,0.12367540672861348,0.3438826726573307,-0.0490148605856434,0.17381773523075567,-0.23224243752203094,-0.21130164597429552,0.10529623028142042,0.0772130278788317,-0.038347459014274624,0.0528270600044976,-0.1994514071757108,0.06243739913009534,-0.1380985359018569,-0.1982070164897138,0.002713616820622499,0.035563805521557065,0.18688361945452334,-0.15926837757466436,0.08753095311347661,-0.15887398405480996,-0.16553067247425443,0.11363784499702761,0.0034509251563279698,0.13816990613680125,0.11386713730084785,-0.05937560848523932,0.05817429303178769,-0.14731372344226376,0.0076510672831479444,0.05016136981793603,0.23932552783382474,-0.22918438452005152,0.07065885094515952
2001-09-17,0.07931470611883419,0.02221263302829144,-0.029489984606927595,0.05078448892334827,-0.09562701702125753,-0.11289221010428453,-0.045607377606629605,0.24884336590790382,0.22250966363648444,-0.1892238555096805,-0.3200083618730053,-0.042028393925070066,0.2862236468178019,-0.03420488446901361,-0.009493175323844753,-0.006051023966370572,-0.00760763306294518,-0.10961645915201654,0.027089461604330636,-0.05093936306856265,0.03258343030653171,0.0960177198050367,0.10732362477927196,-0.15536765296384036,0.5290457355116184,0.32873913727159776,0.1368334643946286,-0.1008333218148506,0.06058351792953211,0.054674235301893324,0.06000914775695428,-0.0694211026136676,-0.07313824649495194,-0.3027786879460105,0.015508862032654731,-0.026280833918071088,-0.04820311075213076,-0.12757849262063253,0.01779592485801502,0.10938818209411873,0.09922234297804697,-0.17740868309800267,-0.21149600799464743,0.08195840878273429,-0.030879036682808763,0.06925537665322327,-0.019796444020479566,-0.06644433682976687,0.05716533857910812,0.0718921626002899,-0.08248430484673526,-0.12845880568825183,-0.1648143758382483,0.11438494193954823,-0.029203124714366726,-0.23123189861349996,-0.037612676419171424,0.1197616751935583,-0.2817045339451739,0.027004850764033382,0.11260993262902905,-0.1590316333816301,0.017389969942517864,-0.11137113259373141,-0.05290975714225539,0.11531393192258865,0.2591818938479916,0.06675912563157736,0.3668061295702949,-0.12991767527154585,0.469754218211173,-0.09299305047589952,-0.2790985137668348,0.23504271942601845,-0.000812739550388111,-0.16792351981175815,0.10794318024880409,-0.02041484375323675,0.06243739177229796,-0.19355925455922302,-0.26225627004649776,0.0015617928462464395,0.03473702441226174,0.07278134068019848,-0.1431442639609211,0.16155336135716003,-0.13867945082520275,-0.1705631466732846,0.2116332690820089,-0.0012919629824812268,0.11270385128359156,0.03910097452126529,-0.13982752132499257,0.06520518345209166,-0.17396188180056074,0.04137739725595316,0.015220904443456437,0.040202680450974075,-0.3358404989512507,0.07704733131383089
2001-09-18,-0.07722050717178217,0.11306394583021859,-0.11694089515742932,-0.01724639969406903,-0.18021232743663534,0.0642275872379281,0.17773316139270992,0.38986410775001284,0.17712834333156674,-0.0911027839347702,-0.005993077930706886,0.21473842238477248,0.4995072777593356,0.2265739568083365,0.014503465381054258,-0.45041717670958686,-0.1570825510221611,-0.08619470400341515,0.21786245717040567,-0.017311081608557072,-0.29809465102283567,0.022342063033705027,0.01770597024213387,0.05965477132314397,0.5375005537784742,-0.050300988695280574,-0.015836993655870317,-0.03528079470325039,-0.0702614376683052,0.012560045897551126,-0.32579373310899756,-0.027586560705960703,-0.015288515510847617,-0.167880407523929,-0.0184909637282693,0.710499725940741,0.13005974456635325,0.05710877388651113,-0.17362920806811522,0.2870494113186933,-0.16810713041690067,-0.23642077522327193,-0.22450419351538828,-0.005622621212553242,-0.07165498787059231,0.13807763769096465,0.04591547453279317,-0.3478956649522325,0.016610047677337494,-0.1076035472655622,-0.16463486885680872,-0.37065926947970623,-0.09586776920797578,-0.07405056097769308,-0.0002903469779296061,-0.02459669623842794,-0.08870965830554224,-0.1597204761837706,-0.12233854465638683,-0.05440917681219949,-0.07567791477062319,-0.20814132217144618,0.028984001220011133,-0.2338416319886276,-0.21980075716487976,0.22401573426816354,0.020540454493997384,-0.07989163062665021,0.30821817493991444,-0.01947641136773026,0.4746674059712878,-0.13071422694519613,-0.18536266131758614,0.1527635718950542,-0.06963856348910472,-0.10661444170156198,-0.1943200566669077,-0.06222536427811614,0.060997357843737346,-0.3815835508887126,-0.4563708909686048,0.193021130649824,-0.27016320734129934,0.007146167394557192,0.07621691127882899,0.31597447090948094,0.2522918952529582,-0.06557614557565489,0.18504059503551404,-0.1895590012685414,-0.10688401131039091,-0.29634627660065,-0.168574385446089,0.48864596038359837,-0.09883919228468108,-0.011412061524055,0.07093009350388688,0.01631915878281159,-0.1451695955815778,0.09843326614508957
2001-09-19,-0.04722810211781633,-0.0009675758965598849,-0.04315269099041072,0.08106327665667414,0.04622473680900367,-0.24028080533437435,-0.013752571193435105,-0.08503831119802796,0.010325822661855414,0.14694127053622213,-0.06819606628229338,0.25762849905740615,0.2352371994589623,0.039523331471092604,-0.0338608772506316,0.203895120454505,-0.10453182459545149,0.09094690458559279,0.05885116966931781,-0.18931360571878078,-0.010818394974899849,-0.02818237287877894,-0.017498725065819634,-0.08815160141662641,0.5573018887095031,-0.10332313517298171,0.025335149709058195,-0.046191726777283684,-0.060717260923344396,-0.02905977049391895,-0.1948618591690382,-0.017861801765525924,0.010715719154880623,-0.1063347226589326,0.0336718786175106,0.16276103082476584,0.08491851730880891,0.065375779832755,-0.16487401090394935,0.034084653434092615,-0.05973352696350806,-0.19280934774191447,-0.12859227351082603,-0.04693351819435292,-0.07455281074215224,0.12061730320751422,0.313073875368238,-0.18268688992445997,0.039006802410952675,-0.004452880108994764,-0.005314676870797809,-0.1256302614327259,-0.08095991796413343,-0.03869024307293287,0.004849645426599914,-0.17160728034771172,-0.05017141088555356,-0.1842298722788083,0.08505068739923824,-0.0541605833903968,-0.07740551341345858,-0.07777817493981894,-0.02039052277887503,-0.17820637774629444,-0.20047116483325736,0.17277847548806136,0.11496364386776534,0.07742946553289545,-0.037860082416966284,-0.025407542001432876,0.14127247955532618,-0.14938117635378512,-0.18536267096764353,-0.027266341619670568,0.01661051042387721,-0.03868995206119797,0.009137379755958006,-0.1749147656285364,0.07054449446879052,-0.12499334985463047,-0.3259563629866651,0.08822141376530035,-0.064769385607744,-0.05239705911109711,0.07395103097898428,0.20136640968238262,0.21789678504146515,-0.2266503529835626,-0.08996213483119621,-0.05117962305692562,-0.011496548036434347,-0.24843746093029984,-0.05662481653880685,0.3381308686826711,-0.022888506062212797,-0.026950932789642612,0.06838883297349595,0.21801756946996828,0.009834570465825657,0.0030068979087724554
2001-09-20,-0.05713409400875355,-0.06991238695922107,-0.04631474272082894,0.1445558338251672,0.14651608408714048,-0.25557519352703534,-0.05639264056074206,-0.11085123671798469,-0.039839145003632656,0.0710242920838383,9.710545170067927e-05,0.1218695343828764,0.05575656745881117,0.09765524653551608,-0.22682474629838126,0.26824697746125353,0.0709489427418233,0.0069452043408216825,0.08322815626612935,-0.08238574246204579,-0.19975711134590574,0.020714345788181553,-0.014620331176463677,-0.07322470246543493,0.2799186848365169,-0.0658195502136269,0.0006737990692104113,0.01818599114980237,-0.08764050938200232,-0.030744487817106994,-0.32420576295532083,-0.01421427618023611,-0.04170055473541427,-0.09466240936395699,0.07646329661703258,0.16914304795292742,0.11317634275074953,0.03340046222577296,0.0038974923580827954,-0.013932198688871857,-0.10206274550478213,-0.1128238009126608,-0.04836776441664148,-0.03739706999310223,0.05775563490309012,0.1369841731032377,0.19485729214367964,-0.31279822050160055,0.010393552049011493,0.041264449121133105,0.010231478442985796,-0.06832611629414324,0.08145530808834583,-0.09060590192507752,0.027439718617455262,-0.130363884520388,0.11759760449589483,-0.15607714172676404,-0.021325309949665455,-0.04459692605902392,-0.018703232263656756,0.03220762084969151,-0.04921579603404869,-0.28005125101077255,-0.048447133247191666,0.0710155813101266,0.1149636435660307,0.10488899467447024,0.028290149425015888,-0.06560837060941778,0.02910516667163982,-0.012048971281889394,-0.25576417864764645,-0.06362261069712674,0.016222572611945745,-0.08190047322017732,-0.057383673809532396,-0.05782750639593938,0.07359569666678308,-0.08265476841403054,-0.3285577334457602,-0.008915196958480358,-0.02063565637804776,-0.1370093967254905,0.06911132895947396,0.1790024467030163,0.18457006197561796,-0.1936981096167098,-0.048488404777855716,0.03514109391558576,-0.021580306842568408,-0.29226308146629204,-0.011389238497630837,0.2209397862115627,-0.0002924313673337243,0.04785234940886688,0.04931059899825164,0.30353887141828545,0.05190512016751733,-0.026866034496047127
2001-09-21,-0.027362848840556585,-0.03361914176920649,-0.04771280842386997,0.11215147370332773,0.12330628740938686,-0.17189614128842054,-0.0241739016169467,-0.17963642830871207,0.05355100518094618,0.11695831118933668,-0.06827346044948177,0.005705239967385032,0.12299696196056698,0.0817572333575485,-0.15787442585793882,0.13930729522774354,0.08911811500810592,0.0712741693243684,-0.10961817344413755,-0.05865038773525924,-0.18151057394354678,0.16146930097995862,-0.06661450507335838,-0.04362490243972099,0.21957470131345963,0.08326741670568433,-0.06254827709450678,0.03576169716841965,0.059403249738623494,0.0012392259534313285,-0.25858191273566644,0.06965150367429128,-0.13933988591032453,0.0023151080881651702,0.10497083311967487,0.18810494417536125,0.14249334050955179,-0.04797277884079976,0.14931874491123798,0.014902922417922721,-0.06577541496374335,-0.14430030501901434,0.1058691366482416,-0.08937179712368286,0.020305873459363282,0.0945138314011917,-0.11631904189260586,-0.25834646102340975,-0.016551118281114018,0.04384916433319108,0.003262658292899887,-0.18339251184348723,0.26828018122768893,-0.12744331932872044,0.04004769140677471,0.010100255995063182,-0.15241319148038532,-0.09409056164878708,-0.10727207675751005,0.033131852376766156,-0.05002059857619014,0.07378261913167272,0.04056337763068694,-0.2053546702141866,0.19287099427999463,0.07928738115008978,0.042982613540634686,-0.06858781090809064,0.015263353506519627,-0.061217525841709454,0.13240133440484506,-0.059941537304284545,-0.34883457009738167,-0.08501320608835364,0.028212217526401098,-0.06982641575596807,-0.10395072038516964,0.03792090117201058,0.041960771495141505,-0.13150789540429614,-0.3699854352073305,0.04402973747773714,0.033682899230199875,-0.03595170958538924,0.08461993672210058,0.2420130552430117,0.23004591330377094,-0.04845165951740269,-0.01500685044837488,-0.1363035913218006,-0.06600634828772477,-0.08801197488743953,-0.09582110834681926,0.1396336301212381,0.07536278132046688,-0.02785763881982121,0.008285795697576377,0.15191944129232166,0.022821843777898972,-0.23454865766490374
2001-09-24,0.006298494174640264,0.06742554375281329,-0.05873192240814389,0.16967091671947265,-0.17044705657301862,-0.17036399603906502,0.13201453281568146,-0.001740332282580622,0.27074029148177886,0.17738559884828145,-0.20882050412352324,0.045508438989544577,0.028506281853833346,0.09024331832563298,-0.02607964637903165,-0.19174036001130348,0.12519701025105082,-0.05208500490282981,0.022571786786813024,-0.17933287691867839,-0.4239933334646734,0.20406377680250049,0.04690847560795753,-0.013906719501390233,0.19512519674247522,0.04852142793767069,0.054077384572755065,0.0252942717112458,0.05021114009555217,0.0820504072230154,-0.09278517147615781,0.07995538091792241,-0.13314165500177996,0.051962818800056716,0.030071365874158037,0.2127984661677699,0.0854005524581168,-0.12119809052071084,0.08044630609966788,0.045860651435654105,-0.06477614421504271,-0.16714288562752408,0.016199191240584665,-0.11640485316216978,0.013395334309648475,0.058611670591677434,0.05753866114083342,-0.08883117379503935,-0.011138096661931466,-0.11751059510805772,0.07045507162510088,-0.128833427277844,0.21415337637545126,0.0006098005766052986,0.025794668044478337,-0.14866275686714908,-0.2331091737657494,-0.35403018791212715,-0.05296628732431954,-0.052600156786622276,-0.03113885536059651,0.10804051428263022,-0.02326786654841999,-0.09873027441022567,0.08663884234925887,0.06363978146703127,0.04452799152733039,-0.055314508288327346,0.06375230809022661,-0.09461732835106364,0.07484658726902745,0.07366491325323206,-0.27554375242813384,-0.08810992347920513,0.07943768221914317,-0.1675793590355238,-0.15634214811855357,-0.05102362632517495,0.08996661346853961,-0.02688058753013308,-0.34529849533068047,0.2688097799571421,-0.061856424251910624,-0.025633169579530095,0.06218255941878492,0.12939356808235147,0.13735330792988068,0.0068968793152488625,-0.0856754021465019,0.0036577285033382785,-0.09053018851322,-0.2360166327108411,-0.047546648495293525,0.09764062910963792,0.0772480952885335,0.005719591319564562,0.010402655143117999,0.11353501500161299,0.05934194033709447,-0.031036328344389724
2001-09-25,0.01651900819465872,0.11731000663950633,-0.03328875091088731,0.1918112810467318,-0.09895704976089505,-0.145606636953933,0.13654630793214112,0.25946471203074073,0.4021697064394599,-0.15821832754206136,-0.31254319014870513,0.0946425564932765,0.21426967202328653,-0.024822551537503488,-0.0410668103205828,-0.47405299655725686,0.16339797028486688,-0.1455367798260572,0.13328214744033837,0.10429717985796734,-0.1629426897396852,0.3661325918588282,0.10838037689553946,0.1005666144034534,0.20966421525468634,-0.039312998200000435,-0.0013183872791265772,-0.002007164573923478,0.13006734661615169,-0.00371183766059556,0.018415942442757263,0.0012730024173088542,-0.04429371309477539,0.040918753595600973,-0.05532131919991447,0.23458700798251803,-0.006555481416314907,-0.15273923468015693,-0.2244046611650694,0.2359806121441229,-0.08916085541132482,-0.14465594255322722,0.10622881958945463,-0.14478262925978616,0.013378308284936854,0.07251109152287274,0.07812217246500508,-0.079162510686034,-0.014536756135639664,-0.38955945959156285,0.10196788561838743,-0.1921387569660392,0.19245989664692967,-0.08612975293498282,0.03817393446964354,0.03727872843749762,-0.05517707853453838,-0.17263051765342377,-0.2109853287987696,-0.02704324950000894,-0.03861694778269872,0.08301234597351224,0.12277323030817426,-0.012945421299987093,-0.08241945555072921,0.16461325055885395,0.20038979152652342,0.12596345406330417,-0.004128825307879077,-0.02609752413134481,0.02962451595522494,0.08375693280644664,-0.3024901073485595,-0.09125825474073838,-0.026488552514477466,-0.37283248836166594,-0.06553795797167099,-0.10277226422482952,0.08996661281917372,-0.027577567525167355,-0.31092580102959916,-0.2152967111454305,-0.1980334421697154,-0.15532039946134427,0.16822208952183834,-0.04784136338820678,0.026450659159694134,0.16435599484664526,-0.18088839247846275,0.037211439293257736,-0.05572110706635643,-0.3097652441828933,-0.007265355284130662,0.3991057687448988,0.0716187830088861,-0.03226946008204015,0.021526602961407317,0.13341418558142662,0.04812097774423977,0.028622258700148562
2001-09-26,-0.012315049430233394,0.03895170737495018,0.0010063247371729692,-0.012450754769957731,-0.05727657936978196,-0.13928370994673547,-0.047045616858165766,0.020601700639165013,0.26479981313389384,-0.1123403807541829,-0.2715022763079516,-0.019209189484846456,0.1673472859608082,-0.08508875578960985,-0.13224401709312772,-0.14262712205700598,0.09803861648943217,-0.04097815989405923,0.3493423228786124,0.24652595462782234,-0.1392718277053891,0.08345536867831989,0.11883370707037921,0.11802771270329872,0.06857322125471764,0.09499819945368364,0.022111308288488875,0.04646473032781359,0.0025236379206088184,0.09802986284729709,0.03746922530399845,0.0019845150698266575,-0.10381790458779165,-0.01019278741881517,0.018151563035044765,0.10068807580596739,0.010364999346718444,-0.16402840578489097,-0.1726046741586183,0.12477033265004567,-0.08045377814366911,-0.09627217018240984,-0.01678069873912012,-0.12593509325123078,0.012988275502189606,0.02458949629837083,0.25789645681671863,-0.05713218415801937,-0.010816537770272755,-0.2299860276034132,0.17167370269686608,0.015471175352111077,0.11198748568821922,0.09963258955768009,0.0381739208791604,0.04177131275363002,-0.18500345482862252,-0.19122968729977338,-0.15987606775620705,0.042702102263931514,-0.03932196199649142,0.08915222948292945,0.0903189366618844,0.013925189275913906,-0.062146117341280845,0.030784771524592986,0.21524197853131102,-0.02636077030206921,0.0953746226782893,-0.019585762638701293,0.19559244521793198,-0.12819951152174328,-0.15803255851354228,-0.09125826049636773,-0.09193000058990151,-0.1749543210599176,-0.06553797036760549,-0.1374426818899667,0.18548961378791193,-0.04123774010545614,-0.25067415892785205,0.05752117934568674,-0.09947952012705331,-0.1456695406488655,0.008486316719872898,0.0036015813468394846,0.14800067721020124,-0.011181979346885544,-0.10013139252253554,-0.13346263678665385,-0.008932813751619204,-0.20728234830760847,0.07948317366030126,0.2856796821761316,0.07992065428711287,0.03561153676303091,-0.06685202758631847,0.1412193440544748,-0.07155868842251494,0.09020852637362117
2001-09-27,-0.005020387833759322,-0.0288338203913864,0.0010573663894444898,-0.022468133363045102,-0.040957555772947504,-0.2061012915627272,0.0963744270138322,-0.03871426245230576,0.2661143189504273,-0.17599925883983544,-0.11011826879689446,-0.056206263439632725,0.16782404069270276,-0.09136761384644883,-0.1346949774892122,-0.20853714425346326,0.11902544475951628,0.07102802228834826,0.26178846282427115,0.20283595178142283,-0.1117389718446399,-0.01054054897561232,0.07802531739531932,0.09586963197546555,0.06470061202844514,0.06990326145908661,0.016883274023215267,0.04384756029397232,-0.07614607218614995,0.14192582841501003,-0.0920727436864685,0.008663842788333296,-0.053334664639756266,0.03890089883985538,-0.014282628341817004,0.13492239312396237,0.09547046795142332,-0.02357212210817422,-0.1257825017930403,-0.05952561374190812,-0.051505439525700324,-0.08310018694542107,0.09391553201690998,0.08736444994046862,0.025524380779209016,0.22890006168396604,0.0952164376147543,-0.1295156218933147,-0.012954197771847805,-0.22352620353125877,0.029392598272809115,0.05193980106759709,0.04897949931679949,0.19274429913203264,0.05440509063662171,-0.0366205457806754,0.047790666068704114,-0.011969937487103384,-0.17184574546669368,0.018706557243877823,0.022866083118383947,0.06221513444503188,0.029424116314859056,0.040235876770090925,0.02346514096997802,0.026187111075208082,0.061725246778201036,0.009807384681865228,0.15080574150003906,-0.08968550584619928,0.1503829117405366,0.07087999966464552,-0.030262875102087784,-0.037767644921688145,-0.14052977049041068,-0.18420267219765143,-0.008146561614080432,0.05940792755971849,0.12970954138218996,-0.18529227880993576,-0.2496076306677019,0.18391699620017585,0.04090481404499499,-0.2697868835061696,-0.027061692892160146,0.0645841116752291,0.22030573785455532,-0.05016258099155268,-0.09293887384365584,-0.19541542729528913,0.02453911615748641,-0.11024023138623981,-0.12698572622041446,0.03677442837354012,-0.004417907076390178,0.05356075159005498,-0.029735532384907972,-0.003297604950895684,-0.012930711210776658,-0.11073634213199758
2001-09-28,-0.06217236661728678,-0.08465317542544584,0.004087112542128688,0.08266605930197164,0.08776413042211796,-0.1641561622747189,-0.006741260774097467,-0.09596626532670999,0.26105533937043385,-0.33621417358737316,-0.03167683193004246,0.08374247701336598,0.18773618626957872,-0.014725187528180968,-0.1114148255345427,-0.13698709220977928,-0.030099298767267347,0.1106529379675602,0.078124963850708,0.14079200772342568,-0.0005420354862241798,0.03423806164934458,0.14816627222897805,0.20125775419823394,0.09226022905456531,-0.002207627633731306,-0.005389327779597594,0.03800869704707445,-0.06769794122069951,0.08558014641450643,-0.11239583506939814,0.041277763362578726,-0.03550606478936869,-0.012127645357404411,0.04572580845182517,0.13384929194437126,0.15393020125295886,-0.023038801158796272,-0.10260875547664021,-0.044275417141636936,-0.10518926558129799,0.019127161035211344,0.12469385305513897,0.12769258738170558,0.022855711697285747,0.1684694038533211,0.02856655036037137,-0.1102629875912346,-0.057900829782794004,-0.2162303286530423,-0.014685927224225756,-0.059949088083827026,0.05009646075921266,0.16857926271223544,0.00528158506368124,-0.10163805205324393,0.056184429734417646,0.040722962331403025,-0.0249650209701134,-0.0570493236806907,-0.0677773968515917,0.02015618242726822,0.09749871549314014,0.006854389608326646,0.019502279185079803,-0.09233507110932233,-0.003061180447551243,-0.053818896976640405,0.13972662059353894,0.0020223020086317504,0.18272262938240433,0.00626883194180293,0.19900072359943705,-0.02703606292028886,-0.039587505645717995,-0.18053198170921494,-0.04217265765232563,-0.11597374727661021,0.0679694860723315,-0.13585578544854657,-0.21753937572565257,0.08759465163279594,0.06351756520290981,-0.16670269450335412,0.05577702692789582,-0.1115117235296207,0.24202331528314444,-0.0031367746523763445,0.01076178990179807,-0.14861010681801318,0.028760715898034563,-0.22698474398564006,-0.010065918470618782,0.029910119164212906,-0.015632451607928862,-0.05873461643652063,0.058468304888042416,0.0912199385693007,-0.09389033227095347,-0.12959653046805442
2001-10-01,-0.08862594648486649,-0.07305723868903741,0.038482153139398186,0.0826660449091384,0.030352374852425864,-0.0028115050261362092,0.10131535193381927,-0.16526094536134706,0.3658026493998285,-0.282111455088532,0.006068662531163595,0.19012625881802744,0.2177997495860835,0.01468395295484556,-0.12924556961674932,-0.09198975365950013,-0.06834720086593038,0.17216719802747435,-0.10867283862248296,0.2752438454963158,-0.03745997055194344,0.002400248986087053,0.0767035929416472,0.26459553044339523,0.3845289541703012,0.06759653409313879,-0.0026836145891513687,0.04153035806729954,-0.050673308608230196,0.12563750489333078,0.09116730250962475,-0.035212440980456096,0.04376614764275567,0.046202175129979164,0.012956738339389488,0.09589596835047917,0.15780309872289172,-0.004290979925205184,-0.14767520975911905,0.09587340609862821,-0.07065735279178756,-0.016012407452298007,0.023621159252218773,0.15957453775556535,0.03953397078515187,0.1355276232362229,-0.055227651960484084,-0.13674544204900102,-0.020421028206508963,-0.17988844159553638,-0.0733009285163198,-0.010697071531025061,0.04208289757048896,0.06441389752259877,-0.05250674443596657,-0.07899436975439418,-0.0426664735695825,-0.03460460123248432,0.07882167371520883,-0.008921094397808886,-0.02555888889817688,-0.12627815842909795,0.062022343682698634,-0.028229346556068555,-0.15363667448887894,-0.021717127071759813,-0.14957387569307054,0.04098790657805427,0.13972661027580233,0.030186714697394583,0.06955994245161262,-0.15601765574167356,0.1820231343025182,0.04479127100654122,0.04448403575977748,-0.10439710055951117,-0.09623283783481408,-0.23018389334694533,0.016465793561145126,-0.1457567249078635,-0.18303556648854397,-0.15571403858093466,-0.16776206450407818,-0.2011205393049881,0.12079180112545641,-0.18573734410338533,0.1794375723304095,-0.07781193703447557,-0.07464995160587731,-0.1615638738059764,0.10796544257587075,-0.09918291007369918,0.08176194650021838,0.16266333785515721,-0.17739788086398575,-0.09601844811427473,0.07933342390211345,0.09561026623382601,-0.06602953529422302,0.16428306324571193
2001-10-02,-0.084990077182136,-0.08425947382347126,0.0372281060267845,0.06452619931012536,-0.036800520789410894,-0.011906608595372924,-0.0762046689275378,-0.165260951473703,0.21182867148453596,-0.16423485661880438,0.06336287385790638,0.16101347989136122,0.24665555655381238,0.010115097506370406,-0.21502932520146062,-0.05003632986940894,-0.011292605790522927,0.13436438383062455,-0.14886655821041522,0.3391564424069387,0.04549551658001565,-0.07272252669613324,0.056509070535997144,0.16765924514326808,0.38826170241032304,-0.03836072103271138,0.054491647525514345,0.03331103888457352,-0.09573587467493605,0.10874822229188137,-0.036807624764095985,0.04444245279653952,0.04392148516136068,0.09288403643808704,-0.03393301564307472,-0.11343150293216668,0.05639357196061595,0.032999567883768864,-0.09104747175126927,0.1804482370233092,-0.1133130765975355,-0.061081778799834695,0.07661693429103666,0.05097973867103521,-0.026231035033761254,-0.00029389230229997425,-0.06713035481419324,-0.02327337594642734,0.010232709516181859,-0.22538541987025565,0.010592616644109777,0.026757334075161347,0.12563468384069448,0.1048046341924886,-0.021149771488096717,-0.03992255824775269,-0.046765264416748095,0.0002734113327847585,-0.005903515994655473,0.08986874678273295,-0.11509543931548583,0.08647029426266954,0.021709159555669592,-0.006661270660838919,-0.12005092642147343,-0.026314660073701396,-0.09936851670580285,0.0012225133542924217,0.060614312368493205,-0.0004560986070129088,0.12142880555727353,-0.11694378936378881,-0.05760880481519686,0.16968035942968668,-0.07648653950050988,-0.08336733914233345,-0.040804891159134465,-0.005839667574456003,0.07466795023427295,-0.06909205701983025,-0.16927741045896233,-0.04591941494554686,-0.08757163465581971,-0.1377398748055309,0.02557806325432688,0.017758867552313214,0.15743478867910823,-0.1055906384765604,0.038890790634658216,-0.12681258232524303,0.06527047650906838,-0.09349819839700961,-0.005926085622636716,0.11983774466656884,-0.1377400399556613,-0.05790123624114417,0.12460897059271568,-0.05241907585122716,0.021674842243365373,0.12579105751782077
2001-10-03,-0.06366836769017069,-0.1267443973372785,0.030003981667703645,0.05947075219678311,0.053584221233362754,-0.08422659662941616,-0.038060892487604865,-0.11900489555150869,0.1290296703914212,-0.2503440827210468,0.07437914763056004,0.07385081002268856,0.0050913466767793765,0.028944248956353676,-0.2005651203744998,-0.05003633152283945,-0.01831666346094155,0.10457006283092052,-0.11767513569030696,0.12841579380641535,0.051545534589157074,-0.021344056343515484,0.05959448396112812,0.0956703396954518,0.24910544141155166,-0.027116941685958348,0.0032778430067609723,0.009084424235817562,0.004532719907243853,0.008327194824249652,-0.03861210211949826,0.07316616089702788,0.08050263896786958,0.09288412926474772,0.055039140883295506,-0.07254968415055607,0.12315995854171488,0.01931502944600171,-0.17484859464582045,0.1516214032305164,-0.036343336358009036,-0.0694213781919652,0.17674888639139805,0.05955230477855716,-0.09068044522604894,0.041913454701517576,0.11142793849938278,-0.06523838870658025,-0.0030329543429799192,-0.13693005132637046,0.009511481362346993,0.019253643223723946,0.04898019805418169,0.023676118457056815,-0.01895720498389822,-0.010613276811431515,-0.003584093769537205,0.00027340031102330344,-0.01795483685365654,0.1343991196280924,-0.09218586005135981,0.07589797599873789,0.043532421250516755,-0.12737799896990368,-0.11570177756581347,0.010306022069520752,-0.08189903544064112,-0.0569586809331251,-0.0011262474786102553,-0.013780137728281454,0.09719393703495148,-0.08224974986425647,-9.18983297596343e-05,0.5446494994141411,-0.008694350432459788,-0.14257644224692806,-0.039213025743917565,-0.12832571816771055,0.03566845071292943,-0.18266907815979533,-0.113366999689847,-0.008164088126198916,-0.02886646108393802,-0.20217570618338102,0.06901939481474918,-0.15574487198195416,0.10776769232536132,-0.02727030757782177,-0.01685230562346708,-0.026282007437360047,0.012860667954226811,-0.057129685135774336,-0.047572367069437335,0.18314524748543792,-0.05640994419965035,-0.030326874583898242,0.09308682891253214,-0.03584640602347975,0.21761374654509533,0.0403849667316297
2001-10-04,-0.03417024627272793,-0.15250030528730535,0.04284103691797602,0.18917628221228272,0.12534455572883074,0.015672737797534742,-0.034031344059175885,-0.21765517189484954,0.10152225957687401,-0.24938087693959357,0.18886266618508327,0.0791827919581491,-0.015457375355917456,0.02473009685361468,-0.1906946725070691,-0.1064944824633131,0.03145189737068346,0.1481206590043365,-0.11767528389924346,0.23768594579666733,0.07820974106424407,-0.12330499234783379,-0.0745008121916057,-0.016400912980290352,0.2878814648364497,0.06290376805345954,-0.017382078425635286,-0.04046263931029694,0.16839206643811483,0.035654988098231186,-0.058647635978865444,0.03705419901018286,0.09588294844820835,0.12794736863168935,0.17484396100552968,-0.13087920047779553,0.05202701965833861,0.04436978692242812,-0.0766778873442139,0.25416663666047173,-0.0033393362375339045,-0.11798308384491334,0.26089931343683426,0.18054543972507203,-0.039586976494496794,-0.08593994385360011,0.011840128492477732,-0.06523864445035436,0.10212639377015593,-0.09987488542931068,-0.033922838462969326,-0.058260156551167494,-0.029962319883384825,-0.07592141003272215,-0.011044397004262473,-0.0636926895550894,0.17857431155125572,-0.10487607256322609,0.002988834222111172,0.06235313049900476,-0.002132682812693166,0.033182486366220135,0.05713441163286717,-0.05655450633468115,-0.2063822166599554,0.001621786430182633,-0.09779471461160145,-0.050235648904934135,0.07979159418496254,0.0329522405074072,0.06709248954288309,-0.0924854148296811,-0.08472509397299975,0.6446739123990545,-0.1200943603321711,-0.1570407776351947,-0.10627420384715558,-0.034511288361953676,0.060461246204813704,-0.09128058651999642,-0.22149913461831694,0.029390853517265385,-0.21254447520258968,-0.42007544297683513,0.069019390919553,-0.005042156842648828,0.06634698927876563,-0.14562346254886624,-0.0013868062667409082,-0.02581517698227521,0.04040710681639869,-0.12471127932678334,0.030285951664210664,0.141449633998094,-0.09799382865977041,-0.046712357952432906,0.041243411912613354,-0.05003500786765642,0.14214339557529865,0.07310313625812404
2001-10-05,-0.13855475896584712,-0.029758119906572112,-0.008321396859517119,0.24587434072263356,-0.06266738867253133,-0.0474270595327202,-0.017627083083436457,-0.3867539165767566,0.04270766191820818,-0.3664140864882291,0.15777528349090217,0.032591266289246426,0.10136356345887607,0.054334492766449353,-0.21294812229965837,0.1319666110813421,0.03145188640272703,0.03622832980417724,-0.046838264411203596,0.13734899521566554,-0.07049972148332835,-0.15277148349892813,-0.04320265215740328,0.06948119369073069,0.24915822028989015,-0.07002682211770796,-0.1002163383522666,-0.04876635600348083,0.09706829505803422,-0.06691158649300781,-0.07313774972430809,-0.04656871104787623,0.12349311248239245,-0.0489027241997873,0.03867721781508545,-0.3110317975274258,0.05665057140506139,0.041865256788438,0.04270619732188324,0.3060043846676233,-0.07266064364134164,-0.0589192148038946,0.2033673465789062,0.04889196701019041,-0.00343998067426927,-0.07821672687382289,0.2035245053429308,-0.15649910266148054,0.15139714216165379,-0.0020823228085849704,0.030375644539161858,-0.12775256720136732,0.02161450464056708,-0.05715525772215774,-0.013458429697652806,0.04295482612866091,0.020152492701316808,-0.014795180596712611,-0.0791737884910802,0.11543319092802559,-0.033523477350592724,0.012383802167143715,0.057001319479157375,0.11839904711037623,-0.009008697802684177,0.08817047711109517,-0.16137949153944212,0.17388954439517804,-0.1267352147794258,0.03824417077024835,0.07281991908707909,-0.12928940885693999,0.04863253334838122,0.514873119436044,-0.0040479319686002845,-0.2749654542531201,-0.1483392677301995,-0.12329202631821451,0.0867366267441894,0.023046813959952395,-0.11226147756333578,0.011036237441380216,-0.21236637072081788,-0.4090099839137747,0.1442680245462668,0.046427492171681205,0.04620464072463769,-0.007483447619142315,0.0008427407590062583,0.03135029775481681,0.0451869953532654,-0.16189967295604185,0.0006796614602178287,0.27073804590683626,-0.16204632930070534,0.031131975746192742,0.05026159867306825,0.043259692582404356,0.08854887185102124,0.019919982531085415
2001-10-08,-0.07142045878074603,-0.12657438027958337,-0.00499835334031041,0.26826282664295964,0.08749089108310987,-0.09950197342116432,-0.005905779736429925,-0.3390922441931924,0.06331940773990986,-0.049690323915420546,0.14635035113824363,-0.05614030501994866,0.0638161020685212,0.01844532020590604,-0.09751842518825157,0.11399707352250238,-0.07751433379453082,0.1568142261186814,-0.07744104519768927,-0.09116135580807108,-0.009153774171195447,-0.2748985409495558,-0.11951864737311439,0.10043913411867494,0.34408307221367884,-0.04133438349878619,-0.1737664554595151,0.026970131712167677,0.09831608105151958,-0.13936716538153118,-0.0416075996190576,-0.011256115609372076,0.18485862261476432,-0.033980201372631726,0.11986852460280686,-0.258473746594847,-0.02084696704547201,-0.032667449894678575,0.1287371211360636,0.2754014647662116,-0.06278831758479456,-0.05775564288048879,0.20374957505410052,0.20011867726887753,-0.2437253850722989,-0.23186269651590372,0.12463859929152862,-0.21071182126210108,0.16680854217451782,0.004196586404673917,0.009767089871322106,-0.004352540952449556,0.36415523264830685,-0.10628023907169433,0.024299026847242007,0.10367832899701747,0.1098445179976613,-0.15449833324048245,-0.02459578203157143,0.12219369818436755,0.11095631258293437,0.0056461070592633035,0.10662998716375452,0.17322977965924488,0.1254585750878455,-0.09279294157451305,-0.05127911226481866,0.22259814797449656,0.0228391922288281,0.05158499771053032,0.15120657498779658,-0.13608673018309242,-0.06462036364146868,0.16656970797263193,0.05087079495270689,-0.19746696585586562,-0.11031484318645828,-0.07248721695572548,0.085298749865226,-0.04076237581368473,-0.0929070598164384,0.04468071253363553,-0.22668286973302973,-0.35425761211837276,0.0719311482779117,-0.046098481095214125,-0.001515443080702488,-0.025050507335564787,-0.031104642891862586,0.02827013049269743,0.08472238213538526,-0.049147083653528656,0.00652394577142297,0.054840675021366636,-0.12264442337921104,0.006260475343863026,0.014316747242894173,-0.16537098397468686,0.05641125085949003,-0.11578663789803431
2001-10-09,-0.028856686239895513,-0.1265743808946633,0.014201995494767838,0.1287761283073102,-0.08043033902509904,-0.09351079548019899,0.03217609630788345,-0.31789714956909326,0.06449435545901891,-0.0887726547103412,0.0012542289043075716,-0.04249874943259606,0.17791505436261118,0.1811130459881756,-0.031681467460684704,0.07822898027214902,-0.0875227107671948,0.08210017238145122,-0.11933519790080765,0.05503872950210749,0.05358101736696695,-0.1744730244583426,-0.05239941749937068,0.05106966093721461,0.1941985263802868,-0.15376895890579748,-0.08801563922435997,0.021895573217334326,0.1216738042609713,-0.10359247819252353,0.07327812276589249,-0.030173360049450825,0.16181559165634446,0.11137028356851221,-0.0024877816226330793,-0.19370935371878537,-0.04695109347613059,-0.018057388882688447,0.07888172777798338,0.10116329400338474,-0.12782019599823077,-0.046044542244375986,-0.00910484496220776,0.10942292290679831,-0.20313901878718063,-0.3233503712418727,0.1246384353615272,-0.07270773396617312,0.0630615254675106,0.024148728467801223,-0.05388147398016629,0.004014016892036813,0.4821009154848237,-0.08447631048717426,0.007838852430066594,0.0673969887553563,0.25337066415954845,-0.17871505485696695,-0.0673438249975884,0.15374756492744568,-0.042815266262520815,0.054366513228423875,0.16466018405317212,0.18075492069929572,0.05315112097608299,-0.2101811584461699,0.0682628048494705,-0.002691145041245147,-0.07887053030122587,-0.00958064209159191,0.18331248798248598,-0.02064249740837327,-0.17279322107383968,0.32614126936323906,0.018133250945664748,-0.12543031776634123,-0.06463361661603069,-0.052148732699197946,0.16444949929650787,-0.011547518325758099,0.05563863430446094,-0.03057179908768672,-0.009265109248710355,-0.18670445507525577,-0.08979943889262244,0.012959250132270329,0.06442027404493468,-0.13468213630505013,0.14257850511065318,0.05689443850390599,0.07407350584757615,-0.17586570668786022,-0.0774546276885778,0.08074288820343163,-0.06219318805592905,0.0480407376035383,0.2557981396962596,-0.15529518941911102,0.011266223735725918,0.017103288274249562
2001-10-10,-0.021346353244082232,-0.018892034386780117,0.0450069607870907,0.023396704039466455,0.219949512638605,-0.24095031165909633,0.22820946266894626,-0.03848670024591458,0.1676444636163679,-0.10825685911165422,0.015593134742407744,-0.04435550782504414,0.17027948540518928,0.06924048159442338,-0.12071205900326104,-0.39377305209284585,0.08693849482845828,0.06637411564106951,-0.1564075909520969,-0.24685542303139327,0.08270512996942668,-0.099369737183907,-0.07023687368053773,-0.06308150691604138,0.0984208915485552,0.05096488534328452,-0.033494099179625245,0.008703564538707067,0.16908627458782777,-0.08037847607945145,-0.04698172371460998,-0.037344507190230726,0.19426114204431225,0.10319592398796419,0.04300206728902184,-0.10605008097863583,-0.04922760066871271,-0.0022177589209188484,0.016101052421504624,0.2298391042070823,-0.0015880656502382255,-0.05944890897144803,0.09232971164390323,0.1073186181641298,-0.07331212202752807,-0.21458159400094418,-0.07065835570884638,-0.05203895238331295,0.04021293585067575,0.08362473389824203,0.009169453539860754,-0.02660541375444059,0.35597745229399136,-0.07852232678103509,0.008467498889131087,-0.11986602504756275,0.233894965152158,-0.23046656900931534,-0.1730327402596253,0.030974396383124672,-0.06606685996365455,0.009542505436966274,0.07835714116170912,0.15467927227279668,0.0022366421257178385,-0.12787921256288728,0.036167058898702094,-0.004598276801275426,-0.04785502524258128,-0.011695234025889834,0.12267699553919488,0.09418437462640032,-0.06407849757552153,0.2985066824148303,0.11766870598258747,-0.13201165609736307,-0.02653199017012099,0.10134470193546291,0.09009252527393453,-0.12347105209442033,-0.09227318447581656,-0.022342715830122,-0.13026318958657007,-0.19485830226651363,0.01814679584152013,-0.027314103760999867,0.0657292652967037,-0.0753616746955862,0.14257848200760995,-0.013229140984509703,0.0030738385176956977,-0.1408755391244495,0.0258697592740168,0.1957462592158757,0.020922154178470074,-0.003354389183189159,0.06587691178798055,-0.2424152361584939,0.058527503875308244,0.014147659740589236
2001-10-11,-0.05353984611487106,0.14146091760447166,-0.04518858192296898,-0.02385535866784843,0.1001987166194679,-0.19893594727384953,0.17457953047405414,-0.24381261770302806,0.21222537413584563,-0.12342929473044438,-0.004331492746708618,-0.07526904614056615,0.25993075993186116,0.019247486121521624,-0.05321160616361052,-0.2176668784811528,-0.06039657987065492,0.27675035654855024,-0.08359425891165118,-0.27033119907313563,0.08270474652124071,-0.08165072378706063,-0.1456730994336475,-0.0032296613342929184,0.3389094844080995,-0.17405904508196754,-0.03342540688458212,0.01055461205981665,0.05536099110103176,-0.033523266982605014,-0.11868411974572511,-0.0411380955320318,0.1779871742886642,-0.03220301206298996,0.014651622946525162,-0.009136767989575243,-0.03198049206647137,0.03968472346798628,-0.043329285015250844,0.09132959155185502,-0.058876240976074495,-0.010286608292700226,-0.003601872170308737,0.1264002095492408,-0.07957339027801683,-0.08653958811343501,0.053269329576277856,-0.10930567997898614,0.018443041785988275,0.1015828367290552,0.15718581603287127,-0.09712754126225862,0.4079359220339738,-0.07525440505995781,0.022810921014653745,0.09323294198381055,0.2402123685570008,-0.03605549605384093,-0.22211395615096682,-0.0960332450227014,-0.05266024774734078,0.11191616400837735,0.08055496930712336,0.13249799313249191,-0.1955373883821365,-0.08883106973025333,-0.1021247978434826,0.12868576760728104,-0.23530209413113293,0.011962265779380274,-0.03768039524413818,0.06239017514278072,0.05283018961343182,0.29850668170820754,0.07564359001816702,-0.04507468245115635,-0.022088036894345242,0.05512747461589971,0.13657125248408455,-0.09786761518373283,-0.053512058613210366,0.10185490672301842,-0.30184228071402636,-0.1558847444892755,0.12143534788261144,-0.18224205678717217,0.039976168470231145,-0.06397321668917338,-0.07929775785883723,-0.10922370429482817,-0.062359545103536584,-0.0697475569363149,0.10436520172154032,0.21891823792401965,-0.09628966249448594,-0.024448756900204715,0.13731171422651264,-0.2065696018076216,0.05133772435850151,0.17221838120894592
2001-10-12,-0.1918600131338686,0.2536121099966428,0.014198398428706923,0.1368314589186373,0.3453787716899193,-0.01654388929916553,0.16745747506039912,-0.4526056795771636,0.21222537397841273,-0.12026209643996473,-0.022602682287050795,-0.06709264680700865,0.23139514883578946,0.018078820117809383,0.11494194852583133,0.262419619286483,-0.19088288015548047,0.20245325602204794,-0.12415600501474884,-0.0661939056711966,0.10010609069974115,-0.04760242736893945,-0.13370756500245126,-0.06118073814627489,0.3437431085229928,-0.36240853862467565,-0.06335370842409858,-0.0698344391767413,0.05120482653320855,-0.12406116639481246,-0.19869159997875144,-0.05185631917227412,0.19225335815007213,-0.09788646934755914,-0.22071392468622442,0.12957673457683186,-0.006237015834769171,0.17693115069504978,0.08514244065032606,-0.04180881107107156,-0.09576663420337621,0.07498820394549456,0.23154040261500353,0.029579343147934794,-0.13040845989751568,0.06423916833910996,-0.020924974143628285,-0.1822772732658826,-0.10710835706615264,0.02606194236808337,0.0681542555185339,-0.2579068141436942,0.6766249726591903,-0.20870359537007127,0.022568425049731118,0.09628509137859056,0.2414974032755053,0.12823006534603026,-0.07311995312779955,-0.0044201229435176645,-0.21877298087319458,0.19309885826549908,0.13970013763599587,-0.11939704334137115,-0.19553739163978692,-0.2197071823759916,0.10331693140044582,0.2162520537798734,-0.1504258150469948,0.05512252761568803,-0.20052577831793222,0.026519463168754476,0.06835354647888632,0.35027598598730864,0.043671572627123574,-0.14577766958538146,-0.07089890373003735,-0.03338248644243496,0.2691365502735673,0.057037140917294206,-0.04986596855586565,-0.13136108742800942,-0.236160979223996,-0.21788166378929172,0.02575236002707616,-0.10037597863291767,-0.1271153735743651,0.10021043030860767,-0.0018087356357749825,-0.12073196593144674,-0.021673905552141867,0.102459197938053,0.1706934580532964,0.15191787842644144,-0.08578975606457442,0.010443718160899012,0.05586533052196657,-0.07738024492007209,-0.08553816578518389,0.17221837897862788
2001-10-15,-0.20098399486951993,0.13360858672672032,-0.024607435728408063,0.25950933151427397,0.22071093809893608,0.0436578318083894,0.26216384036804385,-0.031590099506188914,0.15287233923761567,-0.21504052730326562,0.06340849659641834,-0.05279511675045643,0.21433293258033492,0.01454776982380624,0.08280956454892274,-0.1595820831991723,-0.04697622894950936,0.13855884464788662,-0.25595086858118815,0.48784293160943054,0.07814318208013657,-0.16792131778257544,-0.13370757512448775,0.1800385462023977,0.07060533677180754,-0.17226702685521117,-0.13660366457454495,0.02226546706625017,-0.024205706647257366,-0.0702863579940556,-0.12546934221236458,-0.04881157706477643,0.2152277979784143,0.04036337433131896,-0.09328115738866105,0.1446562689530689,-0.0037040987165676094,0.12951674704590227,0.010955505325327748,-0.07210559906876989,-0.1169984560130917,-0.03880000100201885,0.18476881554830465,-0.01779497196087599,-0.03123399061556967,0.16079390498785565,-0.12197529858136288,-0.12280404946463286,-0.061965324708038526,-0.22051436400590696,-0.016151594973591712,-0.2835190937018718,0.5755940445109428,-0.4867711567200114,0.029930183264935593,0.059438595981636394,0.32331407620244995,0.02462764991601439,-0.15097420196608005,0.03795037845488254,-0.2436267122716838,0.2080142667356161,-0.014784800381466016,-0.13096170822542152,0.04850138995801267,-0.20677653478847893,-0.10163732719037014,-0.12996263035815814,-0.23522253500923493,0.09078687561169813,-0.10886284537061336,-0.01901456367527326,0.2525570608964883,0.1871472653897676,0.1486448979474955,-0.11737315447606164,-0.0631430899422962,0.0826531680365963,0.00988118164885293,0.02562970747455356,-0.13143615046341786,-0.2731586528244725,-0.23616098582212153,-0.2791697739405929,0.21654790333407797,0.028200652984470633,0.06770226528208631,-0.15054467645733868,0.11527188964406081,-0.0019511321656816407,0.05193841630958047,0.06865791238075883,0.22108804812858476,0.14367868457052937,-0.07028109709173493,-0.01680999359276921,0.14647460355624614,0.11831778955616451,0.08538610667367465,-0.005537996491830778
2001-10-16,-0.19081894687377518,0.10746379259917899,-0.10675738610287216,0.21413480786856356,0.1469461334092528,-0.1344903154962701,-0.13543386622667056,-0.754196814548895,-0.00435359721283283,0.03493714608231732,0.33787493646674877,-0.06390677716423152,0.09723948612391148,0.06539482245240259,0.04096916014825209,0.4963730635722106,-0.015231696805739513,0.19704944232672816,-0.16396937304184858,0.4578007425761936,0.09049120952299944,-0.1514733145289552,-0.04173473407943133,0.052698242658606904,0.011400761507159964,-0.2826181623230193,-0.08496490199406538,0.022712140697226067,-0.0660093242960845,0.04332342393052261,-0.2289247079362256,-0.06550453575407608,0.0508667954724094,0.09843549180625163,-0.039695030373701784,0.10236701736260269,0.0683625256966348,0.05329148839812956,-0.020629492687436496,-0.09392708771710037,-0.15898038608506085,-0.08058840795844685,-0.024065235294694686,-0.2430029470358061,-0.23314419422933239,0.08816374555305628,-0.2959405404119825,-0.17023750581001415,-0.024044714510238832,-0.1883447095999334,-0.0018965771194780457,-0.11868428347380706,0.4083604125807362,-0.2460779581063002,0.035824232075294574,0.009604629022308393,0.12431105096555221,0.060338078950580215,-0.07957204608895549,-0.05532615958246847,-0.1938717596336024,0.04913230779032611,-0.0071195335417542135,0.2479762961420443,0.14085279451771474,-0.05797324849974496,-0.20172233181004923,0.037025507988844755,-0.25397705119992875,0.1346527059561479,-0.2896411652613402,0.08974696956660996,0.22458657979554444,0.09856077615580126,0.21546694269019892,-0.0196521419834554,0.006720751049171435,-0.02584708641164772,0.0953120925082529,0.16392762679853964,-0.23954916546044455,-0.08280074237300539,-0.2371865990375638,-0.13377713525583446,0.28711735523114085,-0.06425594681251198,-0.011024308651600164,-0.053563109303279635,-0.021470253846435323,0.0037671581422272908,0.03133794049354636,0.08396623465736505,0.19602735752406977,0.1314900573749488,-0.08839152752610484,0.0025484341476226745,0.09005430606051491,0.5688126947121248,0.1264615978996065,0.220178495518778
2001-10-17,0.05807372011817054,0.15779649368077903,-0.08278508117682697,0.5027279964883081,0.1934358509161231,-0.36857552501774793,-0.37161952795747216,-0.8310377670794759,0.11040362078714008,0.10533357246709704,0.12039432859846022,-0.13540459689534126,0.13241027556507654,-0.14418723023536353,-0.0025273356972110375,0.6908858724627792,0.07453142158974892,0.20586783540842857,-0.15655159561604717,0.15355098458807037,0.20556912065629143,0.026410070262386575,0.0467548185627659,0.033990860738214224,0.38536693554640844,-0.042622351124286556,-0.0546876269171814,0.052993278434842826,-0.050654853186953924,-0.17384766012691324,-0.0734155389448588,-0.19833529372205422,0.08373450844141259,0.13057057374538766,-0.10263958841295137,-0.5663190118847367,-0.0421146874464549,-0.11280338351849258,0.11713241390467928,-0.1074588966246601,-0.1281465753474668,-0.051623451219945486,0.040640069330082865,-0.09166486608639457,0.0809977663185847,-0.031774027887854016,-0.2868364253295277,-0.061594378518148585,0.01571699960555635,-0.03262536773871869,0.09045434902640653,-0.16064381802683153,0.27179656109818356,-0.060350227922595645,-0.0353005715664263,-0.010549578873986908,0.14064121566923254,0.12615937580260486,-0.12474187211515894,-0.045101714238491096,-0.13000735363186924,0.12892166211577002,-0.03173743635462334,0.2219890796002922,0.14085279438403522,0.018042699867178415,0.012440773726596856,0.18818903667301257,-0.159518916147094,-0.007577854010960858,-0.11564281588116279,-0.02614742940231923,-0.08660889681872348,0.1282640094080734,0.013206159336327034,-0.329477672267816,0.02652786267999505,-0.4418856555204052,0.2681269593950064,0.1869590538907459,-0.21162645031247448,-0.2135367982598795,-0.039382877898531905,-0.09697884719842116,0.24210088257673756,-0.22157903320332956,-0.06343957496153768,-0.19264967279921896,-0.2887243084031437,0.11347265365783138,0.08813771972989605,0.16337504365715913,0.1816258897162923,-0.05607610510837721,-0.3296757281991268,0.05483876514221265,0.08733158334974525,0.7425258947385932,0.37888013615544086,0.12935007607144347
2001-10-18,0.002344800807543684,0.3313568990506801,-0.05511594430909805,0.11284682286245534,-0.21715166514097584,-0.05367420590308667,-0.1254499954596579,-0.017340789296359613,0.13821145732559983,-0.12212947184714051,0.3114957268157149,-0.2679957089546462,0.34598548034584786,-0.018532236260316404,-0.1087295865503798,-0.3967765418903679,0.09291147669363352,0.009535375669696611,-0.08764410733270862,0.21231902938827807,0.20078473580553172,0.025501614223361294,-0.0033189746511124527,0.18806831015503198,0.07749138487971774,-0.1761072925621822,0.013796886795464203,0.13465144849363636,0.05865103767302273,-0.331704662111766,-0.138452397681983,-0.14252994682067935,0.1668067557554578,0.1603366424526285,0.05373048757184558,-0.08654564140494034,0.017111881110105958,-0.1332348153512585,0.4917289400321088,-0.02926565576254358,-0.14853535716865982,-0.13766440620168752,0.0735003788446034,-0.339253509850912,0.18241210875321365,-0.031774030509955725,-0.18398182793681725,0.02601812616149702,0.08872144398658109,-0.1744705836107172,-0.0017206517538571149,-0.19022576856039608,0.2691076409537229,-0.02492417361224944,-0.001471379075568777,0.035878247036498945,-0.034061235896638294,0.23629886275979586,-0.058546516716194805,0.009786903264015623,-0.197337724581107,-0.07887757569429857,0.029265884745095658,0.5935297652593301,0.1704739794060972,0.11753790713370821,-0.2443173582017178,-0.07651130057208728,0.166508085665731,-0.060921112489496644,0.16633693052295614,0.12477266237014634,-0.12963332442023143,0.2424591340012867,0.05093808150297115,-0.21009615868560644,-0.14935693166246644,-0.2224702366790705,0.12474769925842882,-0.024581060863948012,-0.19919536973124727,-0.08207714123501841,-0.24561702912264607,-0.25313773886898067,0.18820654212673893,-0.24271040850918438,-0.008500685991206593,0.04897390604482268,0.009309064135439974,0.0368671461335705,0.047670372374258654,0.49702131370307373,0.21030442464155666,-0.15886879979932053,-0.2515803479112776,0.07923339126244504,-0.013031114018761045,-0.1367634426679497,0.2750675307885935,-0.001367686191625413
2001-10-19,-0.05995099315071445,0.1913020163011332,0.046410198317787005,-0.040807430927323175,-0.1250305289553206,-0.004626460005232547,-0.13958261937515662,-0.14025142936044993,0.20893209440041763,0.09802602518639966,0.14382529809833333,-0.16720273557919002,0.5191670693288474,0.009757242835310187,0.282593895021507,-0.6054582250554509,-0.1808307871835778,-0.03988561783771229,0.11439877053705146,0.20624827959542646,0.3416250846211187,-0.1958710847070593,-0.16086717252686533,0.3223953672109623,0.3214311080421048,-0.0970407030857503,0.001578728027538808,-0.005224558408863175,0.05865103109004029,-0.25347055475031427,0.04591141606951219,-0.12970928510318458,0.21484969121404146,0.2315942745404405,0.048289293449752774,-0.061497609622899636,-0.07995015232191043,-0.13323483184274112,-0.0351243139618552,-0.12835783868952594,0.13557591071674074,0.061992625125416145,0.06393024427458045,-0.43674425795097005,-0.11195850969180274,-0.11505226005344452,-0.1962908066495522,0.024335616895229128,0.003981026098318713,-0.22872582070178216,0.14107485341080303,-0.17086963323614401,0.07130528326950722,0.028621356830536914,-0.011298504298065476,0.23147541238395378,-0.241507834634042,0.07490862661738086,-0.011657635625229314,0.02647082329246475,-0.2832271237933059,-0.13114623296267852,0.16881099007576778,0.8584351936438352,0.12277804612123926,0.15890301954570696,0.05164128748855792,-0.06654623305652499,0.18335965674176585,0.059574183762843555,-0.07583949299259392,0.031159824540828024,0.12264800262718978,0.15994397404764304,0.08754502769371086,-0.15413162046980095,-0.002798238471965846,-0.32739644217441455,0.07171858085026396,-0.07545167135343427,-0.17070091792030295,0.19211281893967702,-0.2584371978421346,-0.06837730745993625,0.08724376824502866,-0.057663270080058365,-0.16396533071111022,0.04598859393306376,-0.3024728403816513,-0.19955224890727863,0.014649596758886593,0.6405115234946531,0.07923336400736046,0.1568253626767562,-0.13653392190939528,-0.03265321612590734,-0.10388222601527558,-0.262558230566945,0.14990029221129866,0.11874892800738486
2001-10-22,-0.15655091340006716,0.018274671527218546,0.11982819886522812,0.03799775845499239,-0.17269095410956914,-0.09240536241174145,-0.11640875456513121,-0.7272302565516298,-0.05826715236226903,0.11222668215374634,0.23281963660216126,0.020624536709230656,0.13145104689191153,0.04442265918391648,0.12472071478335005,0.4785274376892838,-0.11575283761450125,-0.20564015263459257,0.27149248436581624,-0.056067793245320866,0.3413786412530194,-0.2847859317192856,-0.03381657152133876,0.29391956471927605,0.2359439756915117,-0.3295161028218437,0.07286239974787914,-0.08623728935330019,-0.007418608096599813,-0.15645969823447126,0.1242112089089356,-0.1530702812545521,0.17131323266578322,0.0010221383085916454,-0.17690876178218032,-0.3366118278019954,-0.09477962992876862,-0.03991496162311084,-0.04783510807324065,-4.6496333168107194e-05,-0.025428885369507458,0.2138335860263656,-0.05728654488156108,-0.35867764198835844,-0.1246857688607782,-0.0175866540473621,0.205748900913186,-0.0018613940443520914,0.03889559267215396,-0.2504500983778381,0.14028484660686602,-0.061621158659164614,-0.062088365650312186,0.07606565961130358,-0.015085668000022794,0.017741701101653167,0.32415301372026,0.14163166972895885,0.23697393210973777,-0.02474174846275886,-0.26730262495866813,-0.16942206689687658,0.06632305677019941,0.715202611568478,-0.11161684193748261,0.1839414408874446,0.17555227153686812,0.23779902322806623,-0.03468240826451465,0.05404189690872641,-0.3072682643809811,0.12771448896603782,0.21697839916199363,0.14879301808574436,0.033755319394320554,-0.2218374445367638,0.014642836469248164,-0.37616114961565483,0.03025433406038691,-0.16122733520692067,0.005395763083207067,0.18910574339476763,-0.21484566937278035,-0.019742169307675826,0.03950896114027451,-0.22005167842818205,-0.06036454314246975,-0.20933150638055006,-0.16563868054036016,0.17177468552499595,0.1700245869605577,0.08391713620430556,0.16391423576463146,0.18804238736972587,-0.11494061887988093,0.1596051564223469,-0.03067105797476866,-0.028318156602238083,0.34969526176243354,0.22291680838128888
2001-10-23,-0.19133484579079765,-0.12926259158152154,0.06705306273854073,-0.03131128059139534,0.08402286360360625,-0.16453791937812584,-0.17552614457905355,-0.3733171140888202,-0.2989809643051937,-0.12065159150522341,0.28903712190195435,0.07261658368920056,0.25451071557905264,0.03161281621600312,0.026882977848349116,0.4691253166610333,-0.05569730707367577,0.067007203169308,0.1479417741201453,0.01951159941529624,0.5095587359494627,-0.13522747977393557,-0.09198225832654686,0.30117031913249515,0.22584828965981815,-0.14040877459330295,-0.02536856177253789,-0.04434743351942199,-0.11598735067772269,-0.3670803433630527,0.23193700684247848,-0.12791344598257437,0.31459114140632344,-0.298011427405987,0.07085379588031479,-0.13761511613428085,0.03956071383594377,0.002507484873170268,-0.010304263060270954,-0.074470200779383,0.04687337946581465,0.14149577258345905,0.15973372992157941,-0.04747037854608354,-0.19348917582382452,-0.06111704768721922,-0.1154405505512724,-0.3268453887661553,0.044812429795522524,0.19755251719602612,-0.007104914025661526,-0.06819481798573222,0.041526903489431874,-0.02966172767533587,-0.011153720945388924,0.13533385577340892,0.32073414635221176,0.3528307742426474,0.09303154425344784,0.07500769557217735,-0.31203696516048185,-0.09194147848073722,0.1575599059501348,0.5312206510267565,-0.06308828479622539,0.11995128754997089,0.10558071752873875,0.14221999331032914,-0.29617886150193357,0.08218309104656525,-0.10479139547936311,-0.12597831274884994,0.24119028884982505,0.1622712428875478,-0.13922671496214464,-0.06763751916280578,0.19948065722708644,-0.3637624733918892,-0.01437438634306387,-0.1905245750729001,0.07284662804096409,-0.2613504634773626,-0.18397909732572262,-0.2723321594736891,-0.001917102227020944,-0.02653176671681301,0.0997444940176955,-0.1798604012358551,0.09221818156279564,-0.2317571506988024,0.21852227262478316,0.2609434241050137,0.32376544689700987,0.16899078948950377,-0.023636921361857292,-0.004129682283464672,-0.025858619547273063,0.13215223640783033,0.16519573910696203,0.08357759511437392
2001-10-24,-0.06771054904557332,-0.0672622079119836,0.005436644801867812,-0.11485050188181974,-0.18403296303042202,-0.22254395045666675,-0.08416879590336457,-0.5732471969022547,-0.205772315466364,-0.13256277378143796,0.5300026837768399,-0.08463374386382488,0.07800032759481439,0.12221387590626258,0.13409314900733407,0.6519407194639477,-0.08808706628723678,0.13754187446914865,-0.18647796470475977,0.16509519361810915,0.11580285440033854,-0.28815023743192286,-0.14061876785438407,-0.02007107871521562,0.28414568112493793,-0.21355687447209362,0.02572732730862711,0.00046898936622882836,-0.029409818167221484,-0.1775141354482357,0.18990521316716233,-0.14276293664062836,0.2712335153137151,-0.14858478986112625,0.1438593646128785,-0.2128026061955321,0.2274245461489956,0.10319309719663623,0.19509649310286048,-0.3459380427462915,0.03323805023047162,0.018866005772497477,0.10143469912476746,-0.1463720786872307,-0.2260471119007546,0.0003151700978076976,-0.11602138321900723,-0.23954509832643212,0.03709430831908185,0.5100226026020993,-0.04930166017149718,-0.05209532202649307,0.13749893497941007,0.007411780562532347,-0.02251652250614692,-0.03371159227128371,0.08026807840916454,0.304377030270957,0.08156042179378759,-0.11711663431906429,-0.2521270727560174,-0.04773572297991613,0.030958783791695435,0.2882065004579387,-0.004081976226771784,0.06219466737965813,-0.06410641596000166,-0.14845239487552947,-0.16087534008095974,-0.07917591630884598,-0.00959181574691199,-0.004194644487484512,0.23204981894257323,0.24273636401972012,0.05069150837060251,0.050239550890637565,0.08289257761367269,-0.27273524416537803,0.03650536848308902,-0.0938012449816964,0.1097828094175713,0.31503506110609664,-0.2617370331637139,-0.13001035186828158,-0.06471137041722164,0.2253432933002074,0.10751987310779558,-0.4201163792785298,0.06796585261218789,-0.1238667026581798,0.16492441286858198,0.37356085839305436,0.17851198264957918,-0.06686678986738155,-0.15521793668615116,0.0680379219396446,-0.026045250101852515,0.13215223234837786,-0.05270544761899842,0.059511031616057856
2001-10-25,-0.08783320795002074,-0.13940274406989403,0.11829896709446454,-0.1466907710257732,-0.1431270188225356,-0.2816951297679697,-0.03674781527659842,0.07147263418692035,-0.08969375328088859,0.16359661908986275,0.5599288850187416,0.10807810290936432,0.005678178845732657,0.061596840283619135,0.1293728634911095,-0.13264757860458087,-0.06470778387828445,0.06506507110204014,-0.379014966039288,-0.28494523464503574,0.1136440503419247,-0.21487705459518447,-0.1792138286370957,0.04314811723910145,0.1811563054310722,-0.23654383728346812,0.05464200414748053,-0.09831875859949224,0.092450764580006,0.05461693776256965,-0.041326860248283935,-0.04364454701282016,0.33475582749123284,-0.019884226361002396,-0.15666668606557715,-0.017741413759619032,-0.0034384637767820797,0.07043062857662218,0.10850220896857678,-0.22221097658311592,0.11176614840254775,0.07917568144309804,-0.044367447540992914,-0.18316238517294803,-0.39244493552747567,0.14476982651825696,-0.31346257721282944,-0.3375961923352205,-0.05930154723749601,0.42839682621492253,-0.021499855932967247,-0.1506394297606961,0.11234644352330911,0.22431152740976637,-0.05362248837313303,0.0687383799391402,0.191935691093141,0.46807297836476464,0.1802460090280167,-0.14116125610211172,-0.34510124597626385,-0.10782522585337166,-0.049582212942963395,0.006124136837162794,-0.004050838940688847,0.14973320518804864,-0.13076378242998982,0.1670260465827861,-0.09567868006103332,-0.08228921434934337,-0.263632867959913,0.45226157686603746,0.1023726372672707,0.1973029670168062,0.25520954786518824,-0.23710102439640918,0.10546008938793047,-0.1370602210319785,-0.043504671290234026,-0.026652917895332078,0.03369937561119846,0.01938449634972246,0.059604383741291046,-0.09494470870400167,-0.011104977804378798,0.13249392171362356,-0.19671906354218618,-0.11932771325698166,0.05715659089960991,-0.11386477514449242,0.08741125249236092,0.3482026306201774,-0.18857791957168682,0.15980549535994046,-0.31791267149392693,0.1352709969714562,0.01399915155949527,0.18401056629285534,0.1528898286231333,-0.000456462648488407
2001-10-26,-0.03441355883589604,-0.11175653811451046,0.07860434025554588,-0.06907724673915627,-0.061864933011310054,-0.22808032232849296,-0.0715160676158585,-0.07610793948091464,-0.16345483740776612,0.04482066780130003,0.41251382553794463,0.18901808028620484,0.03249855234635587,0.07942744182537127,0.08448279812317536,0.30618916513286226,-0.02198716759714728,-0.020597439346354666,-0.15749792666061796,-0.017283379631193727,0.18406201881781412,-0.07039587679598658,-0.1143426270149478,-0.019892018484051532,0.23230827907333734,-0.22560811098432626,0.13604478034428252,-0.0402755840466712,0.12976266597848762,0.1049134405780979,0.06205289610170272,-0.03302079658471358,0.2671093426009736,0.03060855999282356,-0.1224297710908785,-0.13907587655692083,-0.07687802046418217,0.020840087894940643,-0.021357010494541098,-0.0070010473055066155,0.0304972698349625,0.06888997760729298,-0.05777946703900726,-0.16067911334764604,-0.16560974260777053,-0.17136445690790403,-0.21396807714068825,-0.18639955197272895,-0.0306987262617702,0.20357799402116036,0.12099147533258858,-0.06682518557260628,0.00817592879519739,0.1244758905002849,-0.05148251468926726,0.13877627718871124,0.1477882198998108,0.015568068819296014,0.04628286679366472,-0.1383191515559074,-0.35520324696924,0.0027554201323742736,0.08039988037166523,0.11095221227389661,-0.01307560038557108,0.06281505413144833,-0.11639102324754232,0.09878184895938992,-0.21373314947479155,-0.07066059171184261,-0.0720528713764919,-0.08024228514854635,0.0375031320924673,0.12185324374602947,0.2138198912504729,-0.12733257199171633,-0.11086466195086186,-0.19184333051127866,-0.13934328832310364,0.13865892180781297,0.07062542381957986,-0.024099833538273746,-0.010361671472671858,0.09731193487911306,-0.015134654368366045,0.101201618512327,0.02489148724194351,-0.18697129618140226,0.09942901906932398,-0.014586067771015584,0.1360409281719495,0.12938480669354657,-0.04339462700003572,0.16468002190780293,-0.26500013000380557,-0.021460896965221674,0.15116745710844898,0.3193109650325257,0.04000157850489999,0.1752548419166281
2001-10-29,0.005834345133699001,-0.04715902581084502,0.0516437902705773,0.030167136840872872,-0.12944135691744885,-0.0936312274699304,0.0519734651645755,0.13132064340531327,-0.13452796298328853,0.2594096843900623,0.150178367909484,-0.10982931483046754,0.13113440234265125,0.04933972964881979,0.009501470264116385,0.0020812307726568013,0.18440962824050644,-0.11834516377920076,-0.019317867660961403,0.0706864599947814,-0.009860428574384676,-0.033608831991849074,-0.11914441951468145,-0.08271131235096153,0.015034693696499945,-0.1896438484058333,0.1396474400128473,-0.08288158621738548,0.129762661155909,0.13338353936622124,0.11295946759227118,-0.04511095482729946,0.18737606618596722,-0.1455679329115955,-0.2620253721369817,-0.0898093187852079,-0.1527410836170128,-0.00981023911423164,-0.03273360628345752,-0.10697612571104091,0.12265485484395239,-0.08681752715899566,-0.21722396964130453,-0.31886661080826756,-0.18950035467828671,-0.14988307758643027,-0.03674722792712629,-0.050154571322581463,0.017473641387281132,0.058763027901790416,0.20962544903078098,0.010721834609063348,0.050002347188768566,0.018387480443493434,-0.04440904495204564,0.123280501857084,0.09133339646845719,0.1031041034622218,-0.05033452543589038,0.07767062834966058,-0.11925862090743677,0.012646352627590682,0.08039988124869629,0.01262645481691333,-0.13604692243486102,0.28074683866208533,-0.09775825473246728,0.12480627658293389,-0.1199021174547122,-0.0036998433655416373,-0.1423994413222178,0.11074877988048316,-0.15255030679228415,0.09590072617293517,0.15127645725324163,-0.11170704141833825,-0.01584624357462767,-0.021720297907583598,-0.09240237548092561,0.17620964602421063,0.05845249454943467,-0.07249174443101905,0.052102785634126784,-0.09429816731062303,-0.10284766499606667,0.1695095655433791,-0.14246030429389075,-0.2010687123916493,0.040074565767342585,-0.11350748133679917,0.11225500290622852,0.19992407307006527,-0.06402498064798899,0.30375468220110946,-0.2759620388730184,0.11202565411521694,0.10435902486365913,0.165433258411229,0.11008015413085037,0.1579814563816022
2001-10-30,-0.00017222207282232505,0.012032158809209062,0.044816135668336816,0.05300527658046827,-0.1199339011283578,-0.3237024965697352,-0.11254752187170729,0.197100839713812,-0.07101958266425537,0.3056315938814412,0.023333484736682262,-0.11129216692707869,0.16791695974924786,-0.011259894253306571,0.08970258497747279,-0.1905395046297508,0.1555472424222008,-0.25431989785017817,-0.16885690840188486,-0.13622280096049913,0.12846972536660464,-0.05280238574069982,-0.17679393474081728,-0.158759790153344,0.04432950665317294,-0.1639107244734878,0.10693649333085205,-0.02099342613191362,0.047096457211360104,0.17215318978691885,0.18632135446836542,-0.006878827721048335,0.3348795644936094,-0.18694286133498186,-0.08069167261545619,-0.14671208214773646,-0.28211019362433065,-0.055620378451834936,-0.018086052877416357,-0.311929633125698,0.21206721790906294,-0.08332148306552996,-0.23604728393968757,-0.36336788614063387,-0.15917347091555195,-0.07984174967433036,0.014519711218712716,0.025584958908779154,-0.04059970908365547,0.13820668749700238,0.15407255960740332,-0.09734763436215858,0.1883645957408277,-0.023300452665719867,-0.06096258085859546,-0.056254180123803614,0.06438966057207239,0.05114557641543036,-0.12053279567848689,0.02221512918959348,-0.23952923455800237,0.10370887789752065,0.1584427126908284,0.07386471829729793,0.09904199363211155,0.1967017792804325,0.11519833571505023,-0.04817785909492933,-0.3002791603634917,-0.009273535824827536,0.07384133448944344,0.10594678658432666,-0.10462659039238746,0.15210120641691643,0.09885967269306277,-0.17688900083933712,0.0478795065146589,0.1181566347816062,-0.13494247754517769,0.03681696223835943,-0.043989267106870324,0.1683015923645503,0.1852740729602763,-0.011831370439526112,-0.11117267473404524,0.2404307837269631,0.00790486891905352,-0.10388018937154471,0.1585144139570625,-0.11350748985332733,0.060943434073363424,0.27521943590723874,0.04226296026359152,0.10163942081945752,-0.2961252167535591,-0.0074801962860380315,-0.017883646300317333,0.2155449213267058,0.2121614819521818,-0.1265903896075831
2001-10-31,-0.021700638465055426,-0.017924910640581503,0.06913198206449939,-0.11396375671851575,0.0016472782257527926,-0.2344791369006107,-0.14826357881733757,-0.06897268091452566,-0.1421765138875476,0.36010563660182837,0.19319745544787842,-0.1858023554092083,-0.026986494183796506,0.03269629550295455,-0.011137241744355429,0.12273003543588565,0.06305425714745506,-0.15229213855722432,-0.14565911714684868,-0.40425261706309407,0.023759655707692826,-0.035483669164540585,-0.18657825639603506,-0.1527315284893003,-0.10269520449072878,0.26759203746501725,0.08285711845706141,-0.0396635529547537,0.28434297083265375,0.10077299803056754,0.24461905043342214,-0.07369331372353677,0.22043163246688868,-0.194917435632663,-0.02343110720894336,0.11926574276316972,-0.14021044001969232,-0.04496483688055256,-0.029314302791900306,-0.306187898750542,0.21206721265206005,-0.14676727407755832,-0.21538545741538861,-0.28594711243327386,0.12251079609521474,-0.07537703156184408,0.04157826372185945,-0.2931691955180354,0.022121979348908947,0.3215961583251014,0.524024221380827,0.0068549040028023644,0.17863305865416884,-0.047161091580895625,-0.03513212331650013,0.10640501763275301,-0.02193481438721041,-0.12363362689944885,-0.11953827179126567,-0.11887124186160587,-0.10144835206820194,-0.20787464308713707,0.0587940728527235,0.3129392897013159,-0.12145434001179377,0.18242090630936753,0.21254272726853435,0.12374862260632259,-0.29501548032891894,0.09375224556815931,-0.05491399763405925,0.15992320667311238,0.13800015908691135,0.08333395470391995,0.17411788652557972,-0.12971781749469102,-0.056163369721153246,-0.17099469766321965,-0.08254115517862251,-0.05533310317775087,-0.05859371962586226,0.18924729394207582,-0.07131904398345223,0.06724608891152227,0.06384477737242907,-0.10766440697563112,0.022408565060818973,-0.01392685323494789,-0.1207039723723197,-0.13477112970440966,-0.005254545743235361,0.14157429657061427,0.06721543745799174,0.2864861271426659,-0.2088077230763704,-0.07661702677059773,0.05256362236164714,0.18223009600654472,0.11163997557087925,-0.1835413174615558
2001-11-01,-0.023593721920820918,0.11150136616727774,0.014961454958314925,-0.043537680639698664,-0.195384020458315,-0.05709637978591704,-0.10828071920398542,0.4997154806793114,0.07829796477152162,0.19592279830874534,0.18142198271270557,-0.02718554639787854,0.20392441199709305,-0.02300713068926087,-0.11778768067699472,-0.4526301898917463,0.0935562550651094,-0.09520772901166621,-0.11915445382232068,-0.12429506879082876,0.041092426165832426,-0.06949182611242838,-0.14138484596535808,-0.009893500245610108,0.20407351295356804,0.053826618206927294,0.06172691610671692,0.06140344200028377,0.12342051545346865,0.13356427652817696,0.07543634115446833,-0.06234754322532755,0.10517063430440535,-0.1201054296353276,0.016774101679224492,0.0029289353127684332,-0.17439820109169982,-0.02918686306077878,0.01676686210125326,-0.3488889529333683,0.03979821828661677,-0.04032978889605227,-0.3169840083824839,-0.11881339687629595,-0.026471826537190664,-0.08546497626903071,-0.14672284940115038,-0.1351616362704599,0.03212536128309586,0.13437140765112784,0.35818549843490155,0.07823992676446889,0.1157221972963053,-0.008818660027103197,-0.036451462687194965,0.15652099285792712,-0.05210415048505126,-0.1410427445971678,-0.04106286600219631,-0.1546468334945376,0.006348724626820426,-0.1166684755573253,0.0648749620814266,0.313041754373108,-0.07014232596152445,0.06803090621871669,0.0754946593189203,0.213426006038111,-0.16292097770872915,0.02563885863278769,0.007498725186495518,-0.03644289325885416,-0.010571966400191882,-0.36515322259733307,-0.2029924880607238,0.008713834687720148,-0.05696986524246053,-0.026428918415920166,-0.07840969283921753,0.04677797431468598,0.0797349228094643,0.07122789192344325,-0.017111538134505826,0.06566733143451585,-0.0012486164674537512,0.11035642819602798,0.16375579190919048,-0.07521448979330231,0.018834218879968053,-0.19583173250882766,0.06521878047829421,0.0619261509902862,0.0786983899504012,-0.01890938164496838,-0.28274159441936564,-0.047666390679358635,0.26528608821739236,0.22288751850302035,-0.19650714620996718,0.1269519147915518
2001-11-02,0.010454823260306332,-0.022073013129311973,0.045442032628067154,-0.218956256192242,-0.42712116387626586,-0.2803252941340006,-0.06915013105892014,0.7341573049948525,-0.07587480171323695,0.01724112096009692,0.08275143775425081,-0.026791595626502466,0.23707505199877718,0.024074450565243266,-0.17936356644219345,-0.6319111468662642,0.07140763188406041,-0.14953644524696355,-0.048129411113772856,-0.20528630806298775,-0.04511292473551399,-0.0968322715184363,0.018587564499048054,0.23670608188049366,0.186156318797895,-0.09980488199987683,0.00559047216920479,0.1310999629630748,-0.10677757988599616,0.03297557283800846,-0.015563941093013052,-0.09386083252393158,0.16224545712926228,-0.1453116477427659,-0.13495786969835316,-0.0018633598992110047,-0.08407070301643993,0.027195486796791183,-0.1437772214936245,-0.35585957841981064,0.03936040463690322,0.23998970809944045,-0.3359460421100844,-0.16356142366084686,0.04259936616114156,0.06058885718776737,0.09621934971760455,-0.19541734599420282,-0.12386305469178722,-0.14448256569804652,0.41157857662623243,0.22834094943963845,0.2595433220597942,0.08018806506344267,5.051507616084899e-05,0.30628253248064813,0.09025763996727951,0.07821728961011429,-0.019147196876166228,-0.06595891754963641,-0.1025078898626619,-0.08382030491010255,0.1108422929710647,0.12444267512082569,0.021722427870876956,-0.11525881367711374,0.10835888703232868,0.12725010820047403,-0.13814846224439958,-0.04588213198540227,-0.09972218176589889,0.09088512539332938,-0.038096474060700526,-0.2340682411955379,-0.0617508994060319,-0.062070562531356954,-0.13051197943673132,-0.22038408736566484,-0.0029218720693887077,0.02960299560029986,0.2607370894532343,0.07065691774684246,0.3476917294139097,0.3193296626694865,-0.10410482998767127,-0.018188665665857497,0.13886696362000545,-0.1563399472936079,0.22721440098753512,-0.21873290936306422,-0.10936263714712918,0.044392705368519296,-0.1463801614050719,0.03323543425902141,-0.205600662445253,0.031056902061451227,0.3023287402877171,0.11169989973097412,-0.13237100919379707,0.19406306319730662
2001-11-05,0.0903091113470937,-0.04355371723152324,0.0328908770434623,-0.14026505224842592,-0.27670171412074507,-0.16729445732044376,-0.1452477369560707,0.3402869087962143,-0.1150987753320051,0.2131965073371693,0.22448793666273395,0.26229684874277354,0.2108327463782093,0.05204712813736459,-0.17938636190477342,-0.2778667497464528,-0.024579242591100198,-0.11004259528731383,-0.1622458791690312,0.15294368090893506,0.10431030579137626,-0.08640424375866854,0.1082171454659652,0.05660023304979762,0.10189815390266019,0.018289827630613698,0.11520659883957941,0.12457692869525033,-0.10677758790197177,0.1519857834742489,-0.03645268376188137,-0.12402390238240207,0.16224535324041597,0.06600242502853287,-0.03198025279801501,0.2030526801316534,-0.08407070434097136,-0.007883200888757165,-0.34517758956316436,-0.3618185418942235,0.11839157485394383,0.1358213137282334,-0.20136350740820236,-0.17026809702854923,0.04259936234846189,-0.10087613267554821,-0.12641184937156097,-0.20415228131209023,-0.18211856403746585,-0.12878001741740808,0.33967657895305786,0.225806191258852,0.3187205423627396,0.024181954295628975,-0.007698865126262882,0.12887686097052542,0.2871650507604642,0.0710887979475378,0.04815228050925759,-0.11249332414328941,0.023257881158114332,-0.01617995007377476,-0.2386276164645887,-0.0860436904667828,-0.1109301636917506,-0.08377852737935759,0.21058919996232664,-0.003293632208873078,0.07170219417892432,-0.09776242989874,-0.07766258447618059,0.15465080004218706,-0.10577245947172889,-0.06381900997268881,-0.18395229982259773,-0.031900270516011936,-0.11609488773948684,-0.19945110172590164,-0.12074564092966324,-0.0928093628330821,0.035216015414975786,-0.010124915530855347,0.20386500672723887,0.16428178996574502,-0.09946502960627673,-0.01979766133056292,0.028387983321334777,-0.22283211261799094,0.17689120039002199,-0.24031026473407838,-0.029492473503418087,0.059190247292869216,-0.0979575018589314,0.010783702888148661,-0.17170793354519925,-0.0031499537982198804,0.3820953513760562,0.03640625917937911,-0.008291332047257276,0.2493493798128665
2001-11-06,0.07129826056138258,-0.1494385611585696,0.02452951710728898,-0.06123076483871623,-0.1660716697904369,-0.05341198409727158,-0.06985517351666636,0.35768895288601676,-0.14292870494101434,0.08674524944418407,0.13211283508987012,0.2609222069653615,0.17059956258367806,0.01064657582232801,0.0157842845571554,-0.2546993684441478,0.03599978275055617,-0.03776644695631661,-0.09106512875885237,0.16170962526033275,0.09087882842254706,-0.028751071372744835,0.08851450345267722,0.18126503351000745,0.004346754650103824,0.026391319789910536,0.08503118036682437,0.06008203810844139,-0.02511264961436909,0.010383193072566903,0.04173953204039184,-0.12005246461599985,0.24377653140380734,-0.058693196067669824,-0.1428646312753561,0.10366848116581083,-0.011335236424381449,0.0861375264951171,-0.19595180581690183,-0.3315929431706554,0.09022412017750006,0.14957028472563566,-0.32394123799066915,-0.1516450190479314,0.12608177348325167,0.0414514986806418,-0.13762833013458345,-0.2925611800728669,-0.19458895668840112,-0.07572872627966483,0.3763021240460097,0.06597205397980872,-0.17005906825892578,-0.11810623942882728,-0.005770152761461507,0.24762418759606186,0.15934167786628223,0.19375252231614618,-0.1266299514313909,-0.11895038937804574,-0.08944876046050075,0.061271210340218055,-0.2081876145630519,-0.19078818065408584,-0.3324943489580939,-0.05943911184894933,0.08681907859965342,-0.12049254136408273,0.07150978406324729,-0.04677941324376099,-0.028415470689649006,0.141942208535611,-0.14221273429840656,0.11798286225384175,-0.16810120455906835,-0.06382622625234749,-0.04310659796953117,-0.29308329530717386,0.04254624147850282,0.036010736089594785,0.02932155768014741,-0.13093461465751724,0.23672592103936071,0.1371876555908453,-0.0016720008510795032,0.35806834681601235,-0.13741332875275336,-0.17740348092732902,0.12263550418112686,0.008557724922669496,-0.09708725266603271,0.06106805768833092,-0.07103774098688492,0.23423144705654442,-0.06310635456946193,-0.007918538969092268,0.3285702130118914,0.23428531702052402,-0.01231567249443734,0.21698788319721699
2001-11-07,0.07512126314322357,-0.0626726706948705,0.018662438676771836,-0.21940211596059808,2.4702965019395494e-05,-0.053411991816405165,-0.03640865038699022,0.6420352981074734,-0.24730937754853705,0.23224806439603904,0.23286993302637235,0.24575995857127664,0.21874017647543176,-0.1577060304259069,0.06239082891037211,-0.6456344856401056,0.05082574082567141,0.02483844661262063,-0.07296660408559529,0.07780890892706989,-0.2394920999557943,-0.060482625224945706,0.036284936181781545,0.20086182958453933,0.12024294345556939,0.30316847302653355,0.08503116837444653,0.08287308839327577,-0.02978624084097682,-0.3172316196732828,-0.03650936673790391,-0.12005246956709785,0.2344346832444708,-0.08464618667934926,-0.14270045830151137,0.06686116424206538,-0.020251419843395145,0.10854189553369446,-0.29673393374025225,-0.17836389581938225,0.03807915504320783,-0.09002780385963248,-0.23751662348068972,-0.048690664638470924,0.3267942727748238,-0.04414889269384589,0.0075541779695326135,0.0154133276841432,-0.041119231898678776,-0.14456262195721525,0.3636124335733414,0.1568590832996328,-0.2951284190006446,-0.134118399492234,-0.018527546516508293,0.19393602291259507,-0.01473141430196086,0.022768436414092427,-0.06363698914381202,-0.23310456110774688,-0.00522058824703112,0.007390631888602569,-0.2958435554947096,-0.13285831150666527,-0.19774037005139317,0.20027126665030265,-0.02874408554526683,-0.17145324423917474,0.27178334872696125,-0.011862474366212624,-0.014991777393907092,0.10820797833129656,0.05414926068600874,0.009996415696433445,-0.19443789956336563,-0.01152902399855197,-0.04616240210523342,-0.28090694193472016,0.1379260615662971,0.1553379190813916,-0.04690161143102642,-0.047302545624846946,-0.0164883650425656,0.036344098468289,0.09452175314628473,0.14472204734307334,-0.0138180786110205,-0.12377469907904629,0.0767167248397053,-0.13440488144187734,-0.14521333840566797,0.13991917060388315,0.08854767185552252,0.3575663739504287,-0.111999410983793,-0.062428255677492196,0.10596452669969332,0.1502768280625321,0.11391110743058935,-0.08829230363257534
2001-11-08,0.07970842039160828,-0.06267267032974788,0.0024977454648841017,-0.016765906130266937,0.09602794781793016,0.19383698510411898,-0.1924036401384726,0.36556846796742204,-0.2245365418946371,0.24732595361587942,0.1140266012800884,0.07021242857089006,0.28596901739565844,-0.029677073421192093,0.14806241364431508,-0.08260271980158027,-0.018672701262532083,0.037106650112071836,-0.02478927789476342,0.2953117816481264,-0.2011270574566959,-0.06539409047208591,0.0649008083488967,0.06233947496026456,0.20364010475042485,0.16708993202832317,0.008636960700394866,0.08287308266203328,-0.15752931769166129,-0.09256320544981395,0.04008770175372975,-0.07598840462444695,0.09904059706556374,-0.04702712339254092,-0.040476576006116996,0.046119721215611406,0.10533256509866229,0.09357629193775889,-0.19559023706669987,-0.23788982685191215,-0.03290829614843786,-0.08284841043333298,-0.1765069187253762,0.03582802620551884,0.03997726859948624,-0.04414889988981092,0.10518950136758028,-0.12528108628587814,-0.03858718052030459,-0.21680840582867447,0.2379208710692282,0.14576674787735253,0.026881320355956553,-0.1692344796857161,-0.02058858074723728,0.28627346866596204,-0.15796241165689082,0.12743151418831042,-0.02195288150523011,-0.13678062699234297,0.10877214854718437,0.05903763632178288,0.03494307895837947,-0.06723025824145995,-0.21000533253474882,0.0995759886370323,0.023095808660512668,-0.00967404740358919,0.015850957142026428,-0.0470052073060588,-0.026615035336989862,0.09336502541745774,-0.01620646959605127,-0.0890372724250663,-0.19706289505057015,0.035136825058080995,-0.05132657126256668,-0.36308242120752304,-0.01853752437077042,0.17222017370349205,0.049763009747064844,0.08580601603683903,0.014197163654110384,0.04990660164967884,0.06679607857725105,-0.003155862768932274,-0.04661455414120247,-0.1258297619728321,-0.16539732103983307,0.09373665428970226,-0.03090866367576353,0.1065156475603556,-0.044126707077240306,0.032051179024151326,-0.18474844940641583,-0.04242698008486988,0.01885979609448748,-0.08835112831985559,-0.004354650908321038,-0.23319447498444698
2001-11-09,0.13910765981257636,-0.1828232992784909,0.07467572122109697,-0.0547483739112073,0.003178833328146756,0.13839797236085044,-0.0873915566930745,-0.25832743412782705,-0.17047874885607675,0.22464134013747228,0.31341369415821807,0.24569881644183258,0.23133778728482524,0.08568125971185728,-0.017468160011949792,0.466873556628848,0.2073297456658433,-0.07871639363927602,-0.03542228607872349,0.29531177733499053,0.0028231493441843144,-0.06492552271745466,-0.03424637166414246,-0.023175595730435088,0.2346746028731081,0.10314289441062564,0.1042529978539108,0.09994984925722007,-0.07800183443177086,-0.028416911916028194,0.2680457090763216,-0.07216246542863324,0.16533563246602834,0.07258434518837435,-0.1078817717366882,-0.12190878331205274,0.08753277171231229,-0.004015216997670969,-0.1596067656237638,-0.14619088631592075,0.02063949981073032,-0.16955622595263922,-0.042295843534098876,-0.0036775028519783217,-0.06981803506522836,-0.09636068419552155,-0.12347723977260971,-0.1504121933605682,-0.038587188133863796,-0.23093144459180595,0.16691698529258406,0.2787579202419004,0.047031772619436425,-0.25464845744866954,-0.023769465812449844,0.14138027830246952,-0.13475963282058284,-0.017857321594881268,0.04509980557639298,0.015672654213467058,0.12314918317170952,0.008533597730975305,-0.1027701823973007,-0.0572568671312424,-0.13654370980091465,0.4449857869911061,0.15348359265141867,0.09598862458514953,-0.15491350920866187,-0.10550062108906277,-0.004841111996112308,-0.23826900934014023,0.03798827835589705,-0.2745376812126231,-0.19540794255611232,-0.07095386348857884,-0.1259712126219798,-0.17298122271812785,-0.15069337324384,0.0696959090926298,-0.18512736977282093,0.20644884831712262,0.09402640688060651,0.08286464609213534,0.0574144587894608,-0.008995370654118807,-0.021878309308778154,-0.039207974494984525,-0.004061937803572997,0.09894581074488211,0.03772070153179546,0.14159516923542037,-0.026841623085912484,-0.024751291894532457,-0.14071707934666475,-0.10667613746537305,-0.07360269432905836,-0.10505493554457065,0.031837138191001695,-0.27029515378800345
2001-11-12,0.2425156283965701,-0.20230285475681653,0.12237840834762805,-0.32675976437329574,-0.24244167933612057,-0.044528411514438225,-0.11184625561091674,0.2426839144687131,-0.19934138420520184,0.003464191148105932,0.32965287268195265,0.23383079889405783,0.23606542123203264,0.05409490020469379,-0.08942104020593489,0.09250315078774464,0.20932865645151458,-0.05795523994592045,-0.006978966901793591,0.21930901742542896,-0.04284899802089045,-0.19307954435553457,-0.013157905794971165,-0.046786481437565634,0.42126833788770907,0.199720403722849,0.0870210995490418,0.1884387792048104,-0.00993308215996282,-0.05867863826631269,0.3059384404138091,-0.13839454865558776,0.2797133912365192,0.013285443489204345,-0.02571837728706194,-0.31368274276469654,0.050912452003982714,-0.0404822094874332,-0.1133790056415557,-0.0439734145645168,0.03190429818385847,-0.20110373171985896,-0.17252133533435293,0.10041467877346384,0.002629917683445462,-0.1679687920029251,-0.27111906754943377,0.012364536490473223,0.026143553467726975,-0.07590295386045083,0.13965571073313773,0.31208273415178556,-0.013304343253086347,-0.045653252776626865,-0.0423379232218132,0.16907841612725602,-0.16020721899128404,-0.020234118995082668,0.013873857948389186,-0.10251454583170685,0.24557196860697583,0.055505578007502256,-0.10437241193621079,0.19390478833208544,-0.1817664457082155,0.2542055965017737,0.02972251057345753,0.09398791508518713,-0.1969113690619083,-0.16270230084239773,0.11421618545950817,-0.22152312605323962,-0.043461980582903334,-0.2985361465721941,-0.34722549975511324,-0.010181630904711648,0.02517852824736029,-0.23739669228183066,-0.05333291759403749,0.26083019199021795,-0.13975733825445158,0.23719044881665957,-0.021644665614516254,0.18078003998376668,0.05350743902021636,0.020113927384028174,0.21272942189039604,0.047918804262322624,0.15632775036766153,0.17616312510789484,-0.042775111468317605,-0.1506521300640677,0.08419751686355566,0.08831340154913303,-0.218310187136201,-0.12765169704503257,-0.29364248989880076,-0.12835226975071118,-0.015510118608350039,-0.16019599670536278
2001-11-13,0.2469428965982707,-0.219587888167448,0.0858880007208847,-0.07844826286493597,-0.09532153668269586,-0.052834557110795564,-0.19869774429248535,-0.2073792959724494,-0.1474448296488638,0.09009561325276177,0.2152694779282002,-0.01887834676245206,0.1574769417125315,0.09973038084152276,-0.039619618527782084,0.4442797215833405,0.2184049644567335,-0.11108333485328926,0.06099083924203317,-0.15268074648971489,-0.17846885404792304,-0.0789571487727933,0.06809629548304137,-0.10883479811712897,0.10733696270106008,0.015143939430676993,0.0870212088103294,0.09645224458170178,-0.03980725984000744,-0.043176592838647575,0.009732628028168698,-0.13839456063808145,0.1902394977452941,-0.1762286968651466,0.034445688480335156,-0.08040555731916894,0.2083409639219911,-0.04484097878890477,-0.05561790758363431,-0.04553769825438451,-0.0020761288451394827,-0.11505654809572827,-0.008074344768723575,0.20139053711537402,-0.1071116363148682,-0.3788816565769023,0.032809251690064815,-0.20685978567367272,-0.015198194612716917,0.16211758310258037,0.14968881012991284,0.31208273365487527,-0.11536425038421548,0.004382710987230379,-0.0006885389024500018,0.08108638951396209,-0.37914725449169345,-0.01827642886567104,-0.05588563795986181,-0.07052707199782231,0.18641721029065114,0.11730092822035498,-0.055323015720089984,0.2277258278368188,-0.3241557653843933,0.3531369956815711,0.10923153251180072,0.19208530917037445,0.07662342783756243,-0.16857812539342387,-0.04120383188444516,-0.19479506872153268,0.03402051062226202,-0.28857642801636313,-0.39158905741944267,-0.031791561861875095,0.00028182774927191335,-0.25933884624661296,0.0638119390734806,0.26232920189032577,0.017902684388990682,0.3154927366137737,0.06236567669580322,0.15717171086960693,-0.011301742748007979,-0.01245548578896612,0.046053980219757346,0.11124236155675966,0.04463722015456473,0.14645430165862916,-0.0625677360579018,0.02889034609576905,-0.09714754654698729,0.2881271976254057,-0.06833160913012126,-0.09972312612358646,-0.12742012905879205,-0.37859923195482753,-0.04640486865032898,-0.01576897366769069
2001-11-14,0.1376147033429369,-0.07705907974880682,0.13507419316015737,0.05156007174688976,-0.08506369321071115,0.11997309206129869,0.14811854796056817,0.5441653379720615,-0.11491268385392003,-0.03258119080540287,0.04956062010200907,0.0809236054441425,0.13184176397609473,-0.14078361686635169,-0.021071487457693938,-0.22810249272558158,0.0068098814235128795,0.014662356935959225,0.09001206717535126,-0.14595750315892855,-0.08912274456439284,-0.012735768596730517,-0.003318768090523023,-0.0673613381798825,0.17934064808360803,-0.19749283629815337,0.08702136956481744,0.029154780994409022,0.03468903654993344,0.05465802552887463,-0.1128500788307167,-0.029690190817101805,0.20477601161077733,-0.18792914644124206,-0.06336397223240058,0.03016616650404825,0.023192664571279952,0.011752199393097353,-0.1280697513189728,0.026073845594903534,0.03536726565825713,0.03141807091147482,0.14311246228440846,0.30284497662007787,0.1254872506739202,-0.14479408197449073,0.42612972071613137,-0.006039629767065049,0.025621938922670486,0.05468152261202579,0.28143552903343,0.06932392113305103,0.04789352461797493,-7.802170847965037e-05,-0.01067455233656809,0.09757350024661976,-0.21273532456832617,-0.018276437362174613,0.07052983835651486,-0.07513384345665408,0.010077279754661293,0.10843627472145816,-0.10903449472232793,-0.09912057257741545,-0.20381998707299265,0.08718235545342247,0.017946891907102306,0.03442795540606706,-0.034772136847215945,-0.124903210237721,-0.11372617029633086,-0.20086220352056178,0.0704002820704815,-0.1263949131238341,-0.2942996727808699,-0.05529491279403662,-0.05824287422060574,-0.24779064880591942,-0.06689274253667071,0.10570544277792922,0.12361366665351003,0.0467403862477419,0.00939905669120716,-0.09302997907985112,-0.079855091586191,0.001133386743693218,0.07388981232709957,0.013007536295965315,-0.06569130273793353,0.010969954601872743,0.0075874939536645656,0.19776290592533874,-0.012825996332120301,0.17654679427027492,0.0018826124327820087,-0.03391157756281244,-0.07155504118396043,-0.5025300175753825,-0.031240618929019345,-0.23736723201050006
2001-11-15,0.039554620667055035,-0.026942261361349147,-0.05160517212936172,0.040586938722230334,-0.22580319449203723,0.08037076886556803,0.15065417272006043,0.22306114004147057,-0.08631548833059911,0.20594579720718878,0.1454229194739029,0.08793551777779075,0.30132965885882584,-0.069193372266907,0.017150694877178914,0.01885730902043727,-0.1784306924089665,-0.11407650674006527,0.032681460252297234,-0.09698514280207343,-0.10278406368370155,-0.07606451766040663,0.034796131980328965,-0.09971112319945209,0.1775954506306148,-0.0021320808624244935,0.18954002407750592,-0.038139515557413614,0.11351747869984438,0.07229837218149074,-0.030447662782313766,0.028038491627774605,0.23378109649127465,-0.1419714782200357,0.137718628890443,-0.057752192276298984,0.09351306291920254,-0.018978370765253758,-0.07344447354708743,0.010565590776095831,0.10678608510525005,-0.22454650752229216,0.0333916582463685,0.0628978023106382,0.10717630989115298,0.03906409936312233,0.1812964190584406,-0.09245375060741698,0.02562193536943524,-0.0855790852175045,0.38387302283104957,0.08597663912665518,0.2098408807572195,-0.09789031593147796,0.03501184398707714,-0.1113089625227965,-0.11447247874019384,0.19203113159688445,-0.015571177369765132,-0.09329250344168531,0.024341614573046604,0.048078601214121705,-0.0165478181664012,-0.0991205795704024,-0.3235049411092858,0.24373248547630577,0.056539490219128324,0.29485725782915784,-0.06968418561933866,-0.07924000970589747,0.11765187105164839,0.12329195893181859,-0.019766092238882826,-0.09594277644443053,-0.25841863254861375,-0.03423569716361128,-0.08356243866883094,0.10206779263348928,-0.15362871877969944,0.11301851434361908,-0.058936755652101463,0.09054758582942307,-0.10179625804219362,-0.18454602591957117,-0.03487590831150207,0.0714705794250886,0.1691534354818806,-0.14653986535592894,-0.3579112511338795,-0.21530983730428208,0.02285731752831718,0.2071091666586301,-0.06795592438427653,0.11637211457533907,-0.02007847977604181,-0.041732938696853066,0.007839651216933538,-0.5435550806754911,-0.46016465777136734,-0.14001077342474313
2001-11-16,-0.0064052625018508405,-0.14711774539433908,-0.02620222296390524,0.04321152864022217,0.06917824084436988,0.10895516984192272,0.0063025048563635335,0.055155639824797556,0.022757490075601055,0.3484602697788961,0.1246309405969479,0.0308865487466404,-0.022618994780094118,0.01676511882837643,-0.0742332091677037,0.40311976354088513,-0.12266564894859622,-0.09953133090960496,0.2514326468384935,0.050095597043390575,-0.23037033558074752,-0.18010999449506196,0.03479612753965454,-0.08433500534895477,0.18119800113083684,0.19808221645335164,0.08110274943971943,-0.04414398991705778,0.024947031623119766,0.1537518491267313,-0.12809620342928296,0.0027384141079067636,0.04476206311425968,-0.24489613475482847,0.1235581393838373,-0.0352886134186244,0.13998539756317216,-0.0405874032689969,-0.34366533025112955,0.034017111916378226,0.08626585457022784,-0.04393696155492374,0.01182107851615283,0.1634625289769485,-0.04878631337089233,0.02629198558169058,-0.2662352337909571,-0.30751219331986224,-0.04357647885705576,-0.08355975266899686,0.3220535709618732,-0.03399058810259355,0.2703376360794326,-0.005013279021794501,0.035909772507275256,0.022246438337082633,0.03807149517338671,0.2047429880768238,-0.034558437490900214,-0.02853894712653993,0.17679386889751872,0.160597281123768,-0.047193217255618404,-0.2080409456206333,-0.1582342155476455,0.07729657061610203,0.09099950269116183,0.3428659291965812,0.1808904152023749,-0.022475160657021192,-0.11566953278029687,0.09166550407188769,0.047935783933031134,-0.0488349923723967,-0.273179010070619,-0.14088501102669299,-0.04637876481852481,0.03981948886952141,-0.1536287271321676,0.13412792393487424,0.0137676226707623,0.11428299799474714,-0.21930204229539385,-0.09129702385996538,-0.028541303200895502,-0.10633577397918273,0.044305586328890596,-0.04667688243207261,-0.34551406784568467,-0.27222599651790114,0.07759156586310355,0.06877100973337615,-0.012334800104962839,0.0933379167995716,-0.024794043756523276,-0.03125467259794894,-0.004376856254996556,-0.0697986222090709,-0.28860109806172335,0.09662550819681859
2001-11-19,0.11358279189270135,-0.10155232681654178,-0.04797279118151008,0.029262596677879553,0.023075115069523828,0.03697870039779525,0.004458490061202999,0.3742711418620966,-0.10809983084117751,0.12743172827003366,0.10598938475816182,0.08036366383877558,-0.3164070636728267,-0.20390109805516823,0.06142588108276303,0.29441787798131563,-0.018773008702464584,0.07565250901653416,0.0817593396949335,0.06766459400707407,-0.2866023455973652,-0.11980034814544709,0.12228251425445828,-0.06278865128617388,0.1903324263690461,0.24228698401005844,0.08791183586966803,-0.07615631329943927,0.08608463951181929,0.017355434493123885,0.12967688983110948,0.007301226616014336,0.23949398668025196,-0.548247951340738,-0.08060687839710082,-0.15666519900229858,0.08759632880772802,-0.04564895832019832,-0.12338078543878009,0.17749228733901035,0.08141755282297358,-0.134619509213247,-0.10550289734538668,0.2101157304163397,0.09452030311992504,0.20204201828144502,-0.03878300443419019,-0.30702934604464027,-0.027192079239936953,-0.028375396369270833,0.4402202974457968,-0.1298114078057823,0.10339787043878494,0.12699235885993948,0.02044907014551399,-0.004980166095246712,0.03218214054709816,0.39581918857259996,-0.07473827350526804,0.01637542441978764,0.24326501478116988,0.08996908220751534,-0.3004048754129764,-0.3545584888332902,-0.18569499675657483,0.14129695540174386,0.1356351840593466,0.2286004860391021,0.18138351582674977,-0.0204442716185539,0.09919410688663075,0.14124428435354405,0.10829477902973764,0.1499291250524618,-0.1890184450332193,-0.31347668370489373,-0.1613908082200095,0.0923935174447457,-0.06743924222710836,0.0782581636904104,-0.007731400474974113,0.10080715136638854,-0.17029684966328643,-0.18666333165997165,-0.10392160590365271,-0.10633588869393433,-0.04960542200088595,-0.04433901866030044,-0.2631985132078134,-0.30489422917227904,0.08564531706356344,-0.1568396144642046,-0.00253504747617121,-0.12910875981837502,-0.11757031396389378,0.03541209169915708,-0.0662648585820266,0.13892133063921125,-0.0653430660948825,-0.0006970149357929776
2001-11-20,-0.004617109093036099,-0.12589949109703608,-0.0820562526043588,-0.024619591586109404,-0.1302902957479238,0.09587889437043706,0.008985673567070668,1.2072025925171965,0.015437832279155022,0.1136470994114973,0.1531948303708767,-0.024849496558169124,-0.17632553055722133,-0.09972012567002968,0.035311419837714915,-0.6932574454061768,-0.05297868989455766,0.41239310547431834,0.20702029938249933,0.33788563157070406,0.09465344534445745,-0.057611424821784864,-0.00013427906486776752,-0.1219709983724369,0.24179019370103985,0.07535401309504866,0.1243206930608938,-0.07615632305906975,0.1042913597771775,-0.06936095233048649,0.16723164536011642,0.026819006270059433,0.11325616444499423,-0.32723062860878194,0.22582785473051595,-0.15348534857580734,0.07368881359257815,0.06821437648295632,-0.2601354411472031,0.09809751086023888,0.0883262034753275,-0.16699652798728665,-0.16532220861753744,0.1780000097911465,0.06031622537583396,0.15338038606550944,-0.23354855424989462,-0.3070293540043583,-0.07273940494435915,0.11806112700255744,0.36861424446501884,-0.010752328622216737,-0.0362736352620727,-0.05448248145662482,0.04457464032371898,-0.009815016014026139,0.07605747801287092,0.0883030005961297,-0.1195235681160807,0.034293764633608115,0.37727250097495046,0.15728187444174613,-0.25573827828949347,-0.21614656206445299,-0.24115085541607778,0.13397020470445561,0.1533045241540346,-0.05386771466161196,0.15987653434941249,0.022173034309748072,0.1312548837320294,-0.09310660873061033,0.18762615034127936,0.04732456225493018,-0.20802955144564747,-0.0017295306103565727,-0.18726792924810867,0.1958277388982969,-0.06253932011299544,0.21447604686071484,-0.1085380180142668,0.18722756927210563,-0.22500600914598676,-0.25088497134718213,0.04693160512432024,-0.18813160194138728,0.00021757788262375514,-0.2053698576097471,-0.1871770838367916,-0.35286752216050943,0.0413436770091249,-0.06587484716433481,0.007600940670108971,-0.031170146603926117,0.024170491818924413,-0.1270230029946351,0.06567379268641203,0.10203558498238666,-0.27337894069808516,0.31212813023296904
2001-11-21,0.04259349600854827,-0.057036684941954664,-0.014600084067150406,-0.08510852193260449,-0.32315101939417545,-0.041536351699857074,-0.01250306745458254,0.5406087966376338,-0.11019045218918828,0.09696673808774513,0.11626008345343126,-0.350010812733218,-0.20587872255933468,-0.14342695865037206,0.011042467801387132,-0.3582211537004915,-0.15247111877084782,0.31438578688623076,0.14830743060046114,0.07671146523164621,-0.026872005863180917,-0.03433021597465576,-0.10136159585666003,-0.09850230094803955,0.1173383097429518,-0.025029267893020717,0.10677994931971184,-0.11363425830823089,0.13904832071550016,0.17711723884217148,0.09790417547332672,0.013014931949240034,0.066758509990152,-0.23292343350449268,0.22379923139984875,-0.09431583418803496,0.014860842530141216,0.09653313988960768,-0.17342171372039267,0.06940394271293872,0.12054825858390389,-0.22382654575058852,-0.2512091240763815,-0.07307066730448421,0.3260798254911116,0.23388318881913137,-0.020649810238339287,-0.16859050545493592,-0.10827527445476356,-0.12152142929614035,0.2911002045230606,0.07130082472393186,0.041076179976221344,-0.05448249484536912,0.056716089859065094,-0.20237088599041653,0.0015904373081431415,0.15351159406705195,-0.01034560330999891,0.052143839188779406,0.4063916263168816,0.11285937341747238,-0.11176482203215053,-0.1968061083708319,-0.19583362350064157,0.4235054098501918,0.15107283503199856,0.051794634148496554,0.2651445511102211,0.04244915415895595,0.07974536858534438,0.06975243047972633,0.09045148600865278,-0.024015491586759325,-0.1185753770630876,-0.2286757403910138,-0.26923713573224567,0.3801703528520245,-0.14152356182935313,0.17313229786292061,-0.23903157079679402,0.3559247172077424,-0.2550069277462486,0.213246276774387,0.22697184080273863,-0.18382316033608492,0.3190473081105079,-0.13507432055574325,-0.1763590379025001,-0.24802693015666522,-0.03498491554398638,0.02354923361864503,-0.038546563374594375,0.0047912258657939084,-0.13192600878467248,-0.24709165803828947,0.10763476127668677,-0.06483691831901418,-0.18492443707114742,-0.028289737815153183
2001-11-23,-0.1343719861739752,0.07787120125076245,0.017501229989546396,0.007323909786878036,-0.1977355608265427,0.059791082940695274,-0.05818151434639868,0.7765086876598635,-0.18413588804756584,0.38901457639621917,-0.1340201935374954,-0.21787448057528236,-0.21009581318835258,-0.32000662947761427,0.007335399538322386,-0.5123630034246135,-0.08613554140869915,0.32868645746876757,0.1059780167330356,-0.18452586545530295,-0.18003374713798828,-0.011191062161173576,-0.014778604537215209,0.10291115590166598,0.23944413901457207,0.14608761937825326,0.10971600045238387,-0.06741321871975105,-0.04136121998359626,0.03360520441292359,-0.03700748043606032,0.025102556665457475,-0.11635149303364017,-0.23921264320351626,0.11804570620323798,-0.33271017526783175,-0.20339281876058404,-0.006500768845205211,-0.2869526737855413,0.058454432056448034,0.12458534470651635,0.03130664776170656,-0.26567212026503184,0.2845023294857384,0.24497208976265944,0.052474858104197775,0.020173054009462312,-0.18416449962271128,-0.12121465534017635,-0.17342752055840735,0.30821113758714797,0.21945214372351363,0.07377445475215362,-0.05259678346277959,0.030860799904692485,-0.22774054340690977,0.03637578639209929,0.16541680133092146,0.13398723599779477,0.1476110910419517,0.12907705568799016,0.18936547829679262,-0.18362277425295553,-0.10281337052044871,-0.06860153384857477,0.27623491753458845,0.1255231703191935,0.16841580076401358,0.2577141410788998,0.09337431343538877,-0.08050950638922476,0.08470940294733323,0.20633336652058165,0.22752752364190099,-0.24923957280976933,-0.17794070841283918,-0.38223724626803246,0.3289412175914478,-0.0280934402084611,-0.036071846821464235,-0.077922104583285,0.34040364044356086,0.1437117950066385,0.05046831166805926,-0.007106200822082875,0.1440547756882574,0.4108813539401004,-0.2074828606986543,0.06308072414186201,-0.5472429343992156,0.017058788354593034,0.023508457276232707,-0.1057009918021453,0.007430196253605222,-0.17826590758059427,-0.10294759893549522,-0.0930909179219234,-0.06869701096102687,0.2837079788804674,-0.02028483164089538
2001-11-26,0.048346126451134314,0.11908869533808066,-0.10949467865321659,0.25661273407631785,-0.031146157160337962,0.18907283059832183,0.06440021794811111,0.04713097207440209,-0.3052923267401924,-0.15376855420367724,-0.06513892548726025,-0.2964946611189596,-0.06465914217091136,-0.08145899982668024,0.09668376247417643,0.33684952149855546,-0.016926662509437782,0.11452783741557561,-0.05094515809183379,0.1373166375316097,-0.09630921213719497,0.08696685296628016,0.05267173612301672,-0.016632468135318552,0.23944412626928838,0.028003781172436598,-0.029729970965953555,0.03474220840788926,0.038598453945023065,-0.06211855081309454,0.04954790831090998,-0.03850659044373464,-0.2907478517660358,-0.24524648066928617,0.17559894018629552,0.03416475883116913,-0.12748473203743546,-0.0036694738238912446,0.09612683643121583,-0.11602014768875218,0.022914508721293393,0.005596019872118846,0.11924238081274392,0.08863133346265126,0.3824020566435631,0.022389618113891722,-0.07609142058066366,-0.259316095300895,0.046366175902401954,-0.0813785963106726,0.3073450658497822,0.15812515489476203,0.012800822981322707,-0.20165321952643886,0.05839044877792554,-0.13544108365194357,0.019749554322830692,0.062267490614792094,-0.03264448530133579,0.08914678974879732,0.1848853176142222,0.17969259696528578,-0.18362275629374583,-0.059044442022392625,-0.13925781240553464,0.19644347616634075,0.08536137111862305,0.04526710125342952,0.23127944229899786,0.03207878696737485,-0.10321492781669432,0.014401226791130652,0.005396821874546549,0.28758550526156107,-0.3515833803434849,-0.2453816200079704,-0.27125980801878047,0.059494085671690296,-0.0703956219261109,0.0049084907080173415,0.05732354401734281,0.33164298763721556,-0.15561219675338783,0.2057067924395871,0.1083193016887179,0.019358184368425218,0.27643822108879235,-0.14557553153632202,-0.16338640721952302,-0.20421006930108407,-0.029059118897452208,-0.16414046682306657,0.09099306844050883,-0.11977290442372919,-0.03971017271217688,-0.05726454057103515,-0.03385646581396469,-0.15782047548260367,0.18066011862273146,-0.0907692903723884
2001-11-27,-0.10613872747674265,0.3111025390362642,-0.1132187056429949,0.3274680669279725,-0.03985262529158744,0.38926550992272463,0.14578262538985928,-0.3868194091010924,-0.37453971663472846,0.1270547620770433,-0.04829414062506352,-0.093187037475203,0.006453271084259786,-0.12379038877937347,0.10450464267967045,0.7483294290055813,-0.06823508137542764,0.20733878424684768,-0.16121520939951295,0.14829348615804913,0.011308196360737297,-0.021523904283948573,0.10576879039397148,-0.10110004118237503,0.35477576664334454,-0.1117155086583635,-0.1220934674114368,-0.053895377066592996,0.08394345691581566,-0.0873774719137646,0.16019242024159114,-0.04763431939757254,-0.38634043159464915,-0.264884867681318,0.11658169817390676,-0.03778723293415896,-0.2381460317775469,0.029237574039584845,0.09961228763395064,-0.03578205774116575,0.0902403224100261,0.011578898138804057,-0.03792663516000336,-0.09516544011285875,-0.04577477979208346,0.10831455742565865,-0.12264255886495737,-0.18842562136478644,0.07655747171947766,0.07653352599207389,0.15072663240085418,0.11593586940445064,0.16626492434137707,-0.12505932741274295,0.03154646196447722,-0.093837476010819,-0.19904859812004588,0.06037080336414433,0.11230530563444599,0.15614992334623676,0.21552505885275547,0.046942342480143735,-0.1667952870041601,-0.09730819434396355,-0.0482759543705432,0.17788695123062298,-0.03543770399567664,0.17494696982363545,0.20754691299277586,0.06664773962759339,-0.295237844210446,0.3575883923300212,-0.04393989237469287,0.14509580455777807,-0.3890330293139002,-0.09384332967091055,-0.06447424674337919,0.003168960189100274,-0.11266802644280235,0.08657883002562566,0.15257450854843935,0.29668935380207445,-0.2676550016842471,0.10521983100270108,0.257031253554785,-0.02812587900794957,0.07183242674913422,-0.04589028628066802,-0.18018052625782038,-0.13066105147218354,-0.03221825863971259,-0.04966025976579375,0.13598718451285124,0.08239652436463472,0.03955448887340372,-0.00506167364239033,-0.1332789771604583,-0.27363217297630604,0.23491983695298965,-0.0318962023840503
2001-11-28,-0.09600413450675592,0.20972010286766385,-0.07040436594454053,-0.0011028166973294168,-0.12813740900336648,0.25966168373940146,0.332997714619684,-0.3040024784492378,-0.16132338940035304,0.14700395392329418,0.03209442009378899,-0.03246837132996218,-0.14898791622819452,-0.15285069303939716,0.18975688285764794,0.3317900149124726,0.13966159093568523,0.13261075599418085,-0.20030898508519082,0.14394080980405902,-0.018216014988561652,-0.16460372201105625,0.0007256505911168494,-0.06687933739231428,0.4433145973442407,-0.11117073490604258,-0.09930345666139803,0.03353462040516745,-0.014795649339278622,0.06684724313261058,0.15389733316341958,-0.08923309656923628,-0.18803651613692804,-0.10942150067046359,0.1202893309555831,0.03873056607782482,-0.2130639777011609,0.02723114969186256,0.023994214955272507,0.01538470081249835,0.05051617067991217,0.1504908516868642,-0.058005858926823285,0.036576731560898426,-0.0066796293892162585,0.14016200482931568,-0.1146759361821972,-0.19889887333799205,0.06107125281529,0.06398943197326439,0.09494088338887859,0.14235709455167467,0.055378478957399724,-0.32318580946684816,0.07075174379706846,0.08531492745951524,-0.14517293068726483,-0.011318408879249798,0.17459670869728874,0.05579798188574072,0.18430997191433002,0.10243526669213913,-0.25761429127137825,-0.08351720626060824,-0.047311994074359494,0.041428993341194036,-0.08391895798565585,0.07509218512089302,0.18262639109799933,0.03471525190125991,-0.240796217036174,0.1941184264365783,0.06641906253958771,0.18554638759323713,-0.2961463961985612,-0.035577982692505145,-0.09055425685904875,0.03642507204076508,0.0024020418253303108,0.0171223379799037,0.15257450697720565,0.3179612729600348,-0.23787897517573342,0.0946375944530238,0.04178452932973779,0.09025461209699832,0.07183242299706065,-0.0651195405584212,-0.09522119953619874,-0.05693533330994624,-0.027897907658043005,-0.05316631311813426,0.08497706665350219,-0.12193478437926647,0.05675439513301885,0.003517331286493672,-0.16073640021559032,-0.2779318819639598,0.154995115513209,-0.09892406688735916
2001-11-29,-0.1012577203335446,0.05384934046546566,-0.11934577091180043,0.03939782274375929,-0.14261093217700538,0.13039749936123907,0.3636522944755607,-0.16086473423446881,-0.17687785233819212,-0.0018180012404345619,0.24579677097680275,-0.045780484885484356,0.006026107774228,-0.2301779039416504,0.03509010297036068,0.1243928564531873,0.021875227880450817,0.27026331042614277,-0.036599438595140345,0.24164621596800198,-0.14192567623195113,-0.06259636601969137,0.08735207095489497,-0.033803293063737326,0.12734387082867726,0.00830711740121035,-0.13093546208488194,-0.005316321107849247,-0.08770980477422477,-0.06409517931648465,-0.07223936097478309,-0.08141027485071517,-0.23253272721889612,-0.1273400409498422,0.18753816484991967,-0.040891032338341085,-0.14443257646950486,-0.06511077280280005,0.15938073726676943,0.08121535349024821,0.03806090206283683,0.17383208557464852,0.019344641326979287,-0.13040679088226098,-0.027296415333281938,0.01089244376071955,-0.022247347417721518,-0.18892810045355674,0.05625517134922447,0.17217797817928832,0.1472185835377042,0.15880901988728485,-0.2259480830649859,-0.20452942711209038,0.11787784859245269,0.3227201476497443,0.0076720123647327654,0.16396776143149963,0.032214571643031056,0.062344038191015964,0.2514214668508076,0.17349771349480772,-0.24244513118077202,-0.03905115276893165,0.08013956194482534,0.02458391637764052,-0.13496567564020456,0.044333459277715065,0.26240215763766933,0.016440196251087513,-0.24599157182894146,0.19308483978471466,0.04345137838103792,-0.13734867840413542,-0.24577466993269353,-0.009169214924515017,-0.06196456843989236,-0.0661178783659704,0.1465779751379838,0.10405390937445856,0.050859544244558144,0.3478443188609292,-0.1784952597905644,-0.10099660228626027,0.016640709226585712,0.32060468815263027,-0.06844493093888823,-0.09879808791689862,-0.10543215405182248,-0.03833046944385186,-0.039982837130946566,-0.05049615802899453,-0.10513720246942834,-0.054614197810682795,0.09837548258748174,0.13292927662222132,-0.20957138656328364,-0.1517938410665449,-0.019261420417055683,0.3551013142379835
2001-11-30,-0.010183571905463908,0.026239230443616427,-0.09457248382815453,0.12953912095043232,-0.010593927573334496,0.058415270208407234,0.1505480059284391,0.1003664551531037,-0.11868103045581452,0.13338985894290736,-0.06351432365043412,0.034841620130355404,0.16374504348257019,-0.28909647085419254,0.28220623657281046,-0.14275350060698025,0.12887823684753627,0.13096950248918876,-0.18426217589305896,0.39711005228940066,-0.19094907982956413,0.008461079344611242,0.08735206629925185,0.03522125126773641,0.18720635480139836,-0.0050839117677400365,-0.01882119458677046,-0.02224605749753031,-0.2593827779477297,0.014667621515034729,-0.08769186142988072,-0.061993442037024026,0.015157209746191903,-0.15922204900021045,0.13027956269190477,-0.17433086036683573,-0.14443258713043938,-0.02133046297555594,0.03848462749253788,0.058524735473261,0.08578149612985939,0.20178798861157288,-0.14020306953227396,0.014443604732008297,-0.10115621077161809,0.08068180671096299,0.09016741803331203,-0.03541263101777996,-0.053027441404834966,-0.11934646284070481,-0.1333320903000517,-0.1049171475987199,-0.06792422374653313,-0.24689174506768993,0.06596128355384416,0.09811496236620178,0.02026583972885952,0.16325163605047102,0.0978114798820795,-0.024788067873847634,0.28964389364348886,0.37011001182329706,-0.19359190503233467,-0.3606234886970398,0.20160565591861618,-0.004320660576446578,-0.05976498904228103,-0.19289862749497608,0.2865986936199993,-0.08989411968280384,-0.003797767926694954,0.05118898468266286,0.13994248457012637,-0.060122495523442336,-0.3648498145960529,-0.048159210629060346,-0.051354833644056345,-0.0019402893328902245,-0.052150311074226,0.1670489556202151,0.050359949042743254,0.4135071412019998,-0.05589502219723498,-0.2198137956992803,0.0186633882753425,0.306482260868417,0.048895976868698,-0.15210380873691307,0.26595627633984326,-0.031211840725786658,0.055061853134088304,0.037905871854083034,-0.06911952005123106,-0.25235761834579834,-0.10924441440795324,0.03379571349821512,-0.056381477671942556,-0.07500907489335625,0.13748663185398363,0.29513935223183135
2001-12-03,-0.13617064458398812,0.05861837835635154,-0.07274276305000145,0.0503535617075888,0.056302550645485124,0.07794392927491675,0.3182701993105826,-0.46728686739378256,-0.002926926989668972,0.22220977773175543,-0.038441797121360595,-0.03381207559306108,0.18107935629452887,-0.272502192062317,0.39260174443022805,0.4384996594666109,-0.22260105063097566,0.21333927366587832,-0.20757134392474486,0.29886640340683246,-0.002454451532320357,0.05563795047089979,0.015780501160278747,-0.10126529873425491,-0.00043397601743960524,0.06509805601584095,0.026329490091002203,-0.026147574602006236,-0.25724706604182757,0.09789437013198753,0.06577999075415047,-0.11279559863667253,-0.047597668738743666,-0.03252659815847681,0.12327189870247547,-0.07414131418254558,-0.1691203997825821,-0.06055271959413331,0.008065988140139082,0.21089619878087434,0.08524169177108612,-0.008289045903148072,-0.13319057638266985,0.187692889769519,0.11393935272937776,-0.06830493478898807,0.05853960710449683,-0.14958634400574072,-0.09405645707172178,0.23287877128320916,-0.16442697165355288,-0.12099908021803085,-0.1199776922720436,-0.22485279291878918,0.05215672394418786,0.14796900898273724,-0.030280526056876634,0.29665446041288884,-0.08746372055106154,0.05467266921256257,0.1558619575360476,0.29132070059934456,-0.21901723283180458,-0.13275234661823457,0.22710030865632086,0.10625575863295893,0.08650601270909244,-0.11125761836917586,0.0672617155178138,-0.06504944271146904,0.09759392965399565,0.16850909712300616,0.16101112721784452,-0.10999543995567133,-0.03268288653214272,-0.050464585900364005,-0.16831532844712987,-0.06029744905629192,0.09207465006287759,0.03554160290245135,0.10083383053385887,0.2977618800104496,-0.20118070736821683,-0.08008779119687473,0.11656038839317655,0.31374929209087987,-0.2134950848560099,-0.23197087057136578,0.22232184280116735,-0.062013823549930264,0.05383374666311155,-0.0302641467039722,-0.06985900680693358,-0.031019371281469147,-0.07854146454344799,0.11779748198729116,-0.3421356729049734,-0.1736620260665693,-0.13433808579964926,-0.02225360402328514
2001-12-04,-0.13586839627561648,0.1356379201203822,-0.11821574536589857,0.23499025079783017,0.32392464460078785,0.1546248346567016,0.033730880923243875,-0.26489739198202017,0.26257974238088544,0.4121185777395842,-0.06848019592729833,-0.06549381913363503,0.26620878303391843,-0.2536888054634909,0.2892780266369541,0.20374222932379485,-0.31440155528807856,0.20841867825752028,-0.26873446326468164,-0.02554637163272382,-0.09369258128977641,0.07162789864682052,-0.006072560608353826,-0.18947343123522228,0.05927508435231252,0.27901018997315213,0.02513597827743316,-0.0061256405374029675,-0.37585178651284346,0.08212821436253251,-0.04069435782595215,-0.0781614981726848,0.01268805814340754,-0.005875078717822598,0.28298288041818564,0.004234629673990437,-0.26924278631136633,-0.2668984925706466,-0.22081073752726146,0.29753224023984814,0.23078162408179984,-0.17898252004498721,-0.01235113199732226,0.17449658638926555,-0.10226521256218375,-0.33949613575873516,-0.07184408360552777,-0.13132760043796018,-0.060949418078728494,0.5118578237985616,-0.1277419579565845,-0.17304014721850697,-0.1941432728591436,-0.25129091735679426,0.010711624111358026,0.188358995816628,-0.2528059972589961,0.15757858111740658,-0.19050164830703617,0.058346641220452224,0.25044863981858306,0.2503835868513206,-0.28752778981215243,-0.0342742471249539,0.3075632466161965,0.40202428484173097,0.2296160752505919,-0.06782788650557077,0.2196296715615311,-0.052932270809667344,0.3690928715543987,0.14443756221703344,0.29782468783495236,-0.23763264493944963,-0.007969877633706142,-0.027065096866872525,-0.011302994382371858,-0.12097377372842322,-0.25170168993154673,-0.13755536959522896,-0.1438553350599673,0.17098215589458515,-0.42188021280069316,-0.38525397939209355,0.33076399837581194,0.37940421265538343,-0.14977463689920623,0.024163242895581652,-0.13256363715542782,-0.26966310182690323,0.16711780836255244,0.1979378450075092,0.04401476598406124,-0.21561569054063107,-0.1704534629887075,0.06364640435594264,-0.24983071330413884,0.01053011123157346,0.16839185324507666,-0.14330254011881335
2001-12-05,-0.18094015830191382,0.05708861428553841,-0.0715988732979046,0.23343895557979588,0.41870265979573684,-0.10228278624182872,0.17932837096260776,0.02263476190629082,0.09792612023087471,0.23193224449631406,-0.23670022023345877,-0.15431571126906385,0.13836447705430954,-0.1804670497776911,0.2933923335846373,0.08510793208125933,-0.18903414481965503,0.3312951447544096,0.030073800443619635,0.0990883634948954,-0.1509804463321995,0.08670696129904669,-0.11526357738370903,-0.07103279608046982,0.21461773337887188,0.25566541139652305,0.10685640859707272,-0.10299756390581262,-0.08615303786374959,-0.19513811455802843,0.18988580985570874,-0.07557043179817018,-0.17232480368450837,-0.21709445354142698,0.1204762518193328,-0.17737941876280028,0.010559447925304503,-0.14622674592880036,0.0028228698707169876,0.042786707117606446,0.27306155001474064,-0.0874870096693586,-0.02685730957545597,0.2652278173009069,-0.0557095302788531,-0.3178749038302465,-0.09025314236755513,-0.015067141333544122,-0.0559910704634515,0.312318375652979,-0.11194502058535406,0.07689755667095748,-0.2305763929058023,-0.12861571802291052,0.0309959491834859,0.20353638984121783,0.061067615197060936,-0.004353414957615672,-0.01943589135459612,0.19539298151038684,0.11323234876867215,0.21169223901292095,0.17731999188410125,-0.2407790384235434,0.18940748310787692,0.25697698328678337,0.17759100705420325,-0.031724898510723146,0.2990359920365573,-0.037118727854920146,0.368842518312011,-0.13585145456980446,0.04810703723050545,-0.3260186086869042,0.04142883974757887,0.03011852685659832,-0.06342975695844781,-0.0649674407050963,-0.08628544536713267,0.14403279618319292,-0.07758004175744272,0.08696035487031432,-0.08620093033760289,-0.1617194673955485,0.05093406071791442,0.1964900632875137,-0.06765230805427806,-0.026723993560324767,-0.01721851208434533,-0.3010978611525028,0.17845582810007982,0.15036599039507348,-0.04972107830867624,-0.19969957307907138,-0.27844729106292837,-0.05789031243578793,-0.09721371709833583,-0.0969138270365449,-0.005766265250028545,0.10345998893151545
2001-12-06,-0.14563622103062734,0.2615491171437222,-0.045961094915537015,0.16968830925370879,0.2556429384616318,-0.033748003159200776,0.2027344415392003,-0.19473028498435763,0.15492559792058663,-0.06423495743817118,-0.265391436005672,-0.18635336839757652,-0.16487464142088332,-0.1451485353251275,0.21867950623707005,0.4460141042520451,-0.026064469436283315,0.24337182125352758,0.1222416856687105,0.37639660373588174,-0.19219870718673154,-0.11776751747530227,0.04355786060767,-0.2736324957947809,0.3759431375893713,0.04595524132287758,0.053153209427906974,-0.1059810183589382,-0.12213979540664745,0.17662625008507155,0.061786860235738365,-0.1699981796779665,-0.19517373068935212,-0.18736867632205875,0.014064564065862659,-0.10817230439971104,0.1134287460524973,-0.07083240050050348,-0.06576062653369184,-0.013050952308635818,0.20684249932824753,-0.20570366181581348,0.20013258697407835,0.04742599669462003,0.20673284982536638,-0.14432909815558478,-0.06849956313596817,0.17063412720588395,-0.03896168120744059,0.47029585949028946,-0.1626797580064383,0.04096499599003486,-0.13830588051217862,0.008141646870831661,0.0024696259043259757,0.09464172023595709,0.07860448680270414,-0.06846359019087155,0.03079741068076669,0.14376182987734493,0.07797181914184308,0.023869402611363916,0.1269091423487309,-0.10754985887613315,0.06974459791846786,0.365127085434975,0.16279089510662195,-0.026616839848698056,0.22998023316050656,-0.09561478596488117,0.33355701434403356,-0.17555870273491903,0.19368249271865315,-0.24161560927082984,-0.1120629480224392,0.040246608965673884,-0.08675279956419082,-0.008475946770459084,-0.1214322095701675,0.19541911268568246,-0.1506166154279219,0.07581089346576513,-0.12320822449151561,-0.26802376550799445,0.05385319088597637,-0.09854534437480059,-0.07487064349277245,0.027572106980922696,0.07981030727396388,-0.4007776038990634,0.18831978494356552,-0.0716511586920451,0.11493194918547062,-0.25243984151330784,-0.4358898543670517,-0.04374268660753876,-0.11463393928593035,-0.0009036019018996446,-0.1687433365176625,0.06995976093416334
2001-12-07,-0.09143750594916056,0.0982249897015911,-0.022868172325635452,0.12091979573960275,0.3053599332946783,0.04363939147135239,0.05746676122739777,0.13406489703001093,0.10117425746180733,0.10237972390789545,-0.05665041601971391,-0.3513415368528604,-0.3337719931564305,-0.04721263706216132,0.04000709837423003,0.04520484890789914,0.01949949333222918,0.2795947071497376,0.09255098569521453,0.0812591620922543,0.1238931550847763,-0.11377032914800925,0.042272692718108934,-0.06737396385956854,0.24213006388544772,-0.1963861776806243,-0.035073997451626246,-0.08841746662872785,-0.17859894740252125,0.29616847576220057,-0.032724906041152746,-0.11083506036068377,-0.2421686486913022,-0.1281469103405093,0.18030389641771088,0.08942885560130619,0.051269473740859293,-0.1560468636214474,0.08692021798191664,0.06193113678687333,0.22423608229370254,0.002200421095943821,0.09238860817571384,-0.06528176345866571,-0.17563908514984014,0.0881879384194829,-0.20136589699030516,-0.2301822849519165,-0.0035415136965619453,0.4702958509373571,-0.10238809161339114,0.04719235588270491,-0.1553794699598528,0.02336747465621139,0.049800163143156946,0.18491296049922412,0.029902984955978415,0.09107299992879504,0.02699015282263997,0.04740545792243825,0.13279676150634756,-0.05791400636095091,0.15461627319898252,-0.1252286686248041,-0.263734896714138,0.2689995489157138,0.05344014244636595,0.3254455345365916,0.24425473744035214,-0.014453538262265784,0.22167946007955985,-0.03139239892330449,0.13456487873723003,-0.32040251460809527,0.038700605714789914,0.007021295863112192,0.09701166170164713,-0.003099708601628935,-0.1769915616736163,0.1792206653937253,-0.21930613500128102,0.22574987437263366,-0.06088984220689227,-0.26299877870959126,0.10690823263684092,0.00676669623840558,-0.08112354610517983,0.0679217152994311,-0.15322966434956295,-0.20939038330066734,0.08723892299271253,-0.06000987636493205,0.007556301383031218,-0.3218193858960283,-0.3759847172973737,0.018656283487503013,-0.2245647259273905,0.022225098060070923,-0.19291004162983005,0.1869684725625678
2001-12-10,-0.10567764526029443,0.1460962429846782,-0.0846164585056461,0.1636689070827348,-0.026904558938427806,0.05315068945669368,-0.010823890787556575,-0.5172987263478377,0.06949004397073517,-0.15719408708367452,0.0708287747771854,-0.2310370769492586,-0.4248325755315682,-0.07638970136407812,0.1534185932410031,0.4743073723410651,-0.18898911798410117,0.12098463723177208,-0.10531158827578481,0.031504350582693616,0.041671784323387265,-0.04667718398985864,-0.03265568008950247,0.0371874635361388,0.09186067137465179,-0.09794042856372318,-0.13457830644002872,-0.05758374210438289,-0.09666296177176971,-0.10724784211508868,0.16449342993326882,-0.03900104577212003,-0.1664145671761288,-0.21947025187444927,-0.04176438161668991,0.05394878725677641,-0.20971230700206062,-0.21662377263626667,0.16135289458811453,0.011878355743736852,0.14498818617211393,0.023575769881703987,-0.0340429098154589,-0.09104545339157268,-0.12263486940215217,0.08388475456901306,0.007308467722926796,0.08128663081673498,0.1281163836036227,0.6313588053827544,0.03709340705578245,-0.023195062968434925,-0.41072452521117786,0.0067332921820019345,0.03758734295345043,0.12638431441720754,-0.07414500203057803,0.07969827217621245,0.17779524518274425,-0.030277155251362795,0.11523781170317142,0.05632132300335946,-0.1309669372965625,-0.2131868530668092,-0.24200610203259298,0.44545276989655286,-0.17996124998641194,0.0988997849903963,0.20587364407796646,0.06844683157762906,0.12234949262965107,-0.17744965228555523,0.2460521083417967,-0.13137623725237235,0.06419584965108333,0.024677398152301102,0.03398893381558103,0.020254338542553752,0.04962647741465896,0.3189080535577225,-0.23454733365152822,0.00042264256891945634,0.06876157869772744,-0.34394994323410466,0.0516381383090629,0.2118967174705264,-0.15276587765455235,0.3545642215734448,0.036099646361451423,-0.2762963666186567,-0.11520571559239032,0.011755231193060439,0.1440268417408443,-0.061363115098527724,-0.17125052558713044,0.10946986842735876,-0.23560211695225378,0.278227202642316,-0.1276500904966732,0.3197003707524774
2001-12-11,-0.08828618995957181,0.23346781739097172,-0.06305443716220419,0.10252914329481295,0.21817181662423435,0.06404530402282646,0.14576336326785286,0.6026906747000028,-0.20408020234735427,0.11093448430807602,0.017674397762138232,-0.43594926487008223,-0.2192719734426137,-0.22813096320113577,-0.027211029532126774,-0.37582898701061535,-0.16053500219241865,0.27288533023047984,-0.19400953360893003,0.09150011480181391,-0.3292164393234295,0.2649608687190706,0.09931977416312905,0.06314467708736132,-0.20202191295893715,0.27876884119607154,-0.12868492607027945,-0.0845771175509241,-0.11650324915976537,-0.22109622311935725,-0.043864203388779104,-0.056561146711893,-0.09002905558767506,-0.18399758319803655,0.0800450028309709,0.11587702111842282,-0.16045204779221542,-0.15833433128625643,0.03636003889899076,-0.030640317832730118,0.1567745472620251,-0.10379092753054507,-0.0711428882299106,-0.20207501754275953,0.011226272167489079,-0.018590333897896275,0.04531602671048527,0.0807979695991876,0.1148653836942497,0.651944958222838,0.14013383300759763,-0.24048432400795058,-0.4094565118650559,0.006733279833498016,-0.016522606149528517,0.13468001251896078,-0.03229242619260694,0.023350046840972048,0.006223615849414278,-0.0740569132213594,0.07807785160599172,0.11406095526663897,0.026624817392222007,-0.21097722013335957,-0.035101594602421134,-0.12066021228156663,-0.28337278031833374,0.01593344329899005,0.5060271852788409,0.06671318024786269,0.15023325756456254,0.08443670197594492,0.20497976781650415,-0.10572994876663931,0.07136290347041911,-0.0811277241304458,-0.010990207114739902,-0.3155381360731255,0.18083139488833164,0.33008823255064135,0.12582160249712146,-0.014686111834364652,0.06876156555640907,-0.2746146102860502,-0.03212712878492443,0.2836094829681422,-0.06605384619908819,0.2543719384001786,0.09408384910866649,-0.1568514782615611,-0.08536943447567147,0.03407619983690128,0.051922100821687286,0.08970009113063114,-0.2665360425625025,0.15533203628328066,-0.17412847880893212,0.30210758094342505,-0.18151391429949315,0.15493569891878742
2001-12-12,0.015971158701993036,0.21157763547380035,-0.10272363833951027,0.16379098482909865,0.11807181598651999,0.023730776413398928,0.04974503838495788,0.31898867155092253,-0.15549937926370674,0.274071356926217,-0.14952308219608318,-0.30465763228637394,-0.29665363753172685,-0.0967341088047366,0.16195780915893937,-0.306531041994262,-0.07067710449949052,0.19365923218502568,0.34393926643406636,0.021316810808047745,-0.3478506143198433,0.23568379577621654,0.10287576173975975,0.07959612131707608,-0.3678031622751573,0.027170116570419817,0.003923706588597854,-0.026620397163867993,-0.20384876345895916,-0.2520440694024337,0.13780751116899564,0.0027013513850972564,-0.03737271543300923,-0.012860574163821869,0.2361420975783482,0.2896147241565994,-0.21839856669144564,-0.16952575784885654,-0.12225468016572662,-0.10601361496534017,0.011934437282916143,-0.16409232332221615,-0.045105519219807495,-0.07939830898931263,-0.19019830555978032,-0.02340276205905172,0.0765141773480311,-0.0531154231943164,0.05102124392254641,0.5906173263131175,-0.05260233654301545,0.0185302558607203,-0.1072408041204107,0.033803724158303176,-0.026502045153293106,0.014090367002250253,0.025414440768589928,-0.01803652500692709,-0.029210224200254622,-0.12985801441053949,-0.132196646442612,0.1332119890125051,-0.04299495075002853,-0.39242580594786,-0.03198655777995858,0.058692463297541166,-0.1693911980514015,0.05542329326373393,0.28361997971839986,-0.04242563569313269,0.038596102920959545,0.4853470800594098,-0.03729095457915115,0.12651820419122287,0.1977606450720412,-0.0932457996626284,-0.14442990334631192,-0.19069961184808773,0.07414463628465652,-0.07126930823542496,0.06776537136723579,-0.12657661594263556,0.2059295191487695,-0.2923164408962311,0.0432784827403617,0.09886929050877437,-0.22515704545652576,0.045573492025962024,0.09408384734329481,-0.2830892301105042,-0.06786438303975058,0.3221703072854279,0.01576618847132234,0.014295450038918684,-0.12085194344665638,0.2182490470624558,0.05959555746517424,0.2266296159472472,-0.010558431371625803,-0.033584832104250256
2001-12-13,0.05202798964895683,0.17800028035429072,-0.10454627156469358,0.15959023918462548,-0.024209893713295228,0.023730767781603993,0.04216105033156004,-0.03151394222982989,-0.33851238692295477,0.05818296304621424,-0.22026933440383528,0.03327449083639861,-0.3391543540119482,-0.12389826575332269,0.4058087049018363,0.047588010356947166,-0.3156576487993751,0.25066769215278717,0.38054238982607885,0.2618693846779367,-0.05953303507011933,0.013374243085013315,0.10246098295858128,-0.08968404868259747,-0.15358227873833005,-0.07232914259223114,-0.010787585087644571,0.026008750778030207,-0.08750757437985114,0.12152760383753526,0.47527535978189267,-0.0029654265296414463,-0.18923634635841885,0.14124232926002786,0.25044714503629284,0.15987772832014163,-0.3385483599824554,-0.15000847726594752,-0.013935903814032174,-0.0951602009964307,-0.07441832390638474,-0.031810595721671886,-0.10504207606701288,-0.02953065788361414,-0.2244864038294561,0.004329537390016386,-0.0455176074396376,-0.019453579501500125,0.10002602873748652,0.3701049985550295,-0.13352133376447825,0.08059451292977868,-0.10049783078295883,0.1509296564547775,-0.056821053997642756,-0.01240689500958678,0.07142108227217292,-0.01803656533982276,0.08116591978820838,-0.101765226599874,0.006329987735347029,0.1749220017077284,-0.16855294064204474,-0.469247957668778,-0.1925054977084268,-0.1362642790951613,-0.07037270186730446,-0.1467171054972235,0.09320807256061393,-0.04296787940093249,-0.10903945791249191,0.47162690896343956,-0.4210033442457313,0.29229339039657426,0.16029095528781043,-0.0424233535817002,-0.16229445808749332,-0.1588530678920815,0.1165190262159729,0.07779618316400191,-0.03043772939596751,-0.11994022400763854,0.27697395073171593,-0.07812705343255243,0.01629762205984365,0.04540752069972044,-0.3171902593823591,-0.04270470162408821,0.2803107278908203,-0.23452106878387832,-0.0553832183172471,0.13864341860770366,0.13401771325380782,-0.07165658558484722,-0.04688029802066774,0.23373963224559052,0.05604347274195645,0.3013461161978547,-0.17949536791208753,0.2865234691143802
2001-12-14,0.030272706126054986,0.20797503133509823,-0.10454628320130276,0.2064292177151842,-0.02097837921722934,0.14272473543040237,0.18845809634360677,-0.11456064711512355,-0.3437994056216068,0.5973493907096615,-0.18770109198939744,-0.1730448571869548,-0.38919251447996317,-0.05900873641845547,0.14794149345551819,0.15263053843092933,-0.1948956201669692,0.04614448842355032,0.2950311319587381,-0.009093476759234836,-0.22899269878180378,0.21873521000635066,0.17805698635994388,-0.010380416030040161,-0.3203044683153667,-0.08173329642043384,-0.10151827375941148,0.03263397285856765,-0.21861189064194717,0.3213003493838469,0.6780647195995723,-0.217765888347647,0.0599062205742956,-0.16406033517612756,0.09690880434595577,-0.0051667960256045154,-0.12738391942917954,-0.2536228362623216,-0.2921232991213856,-0.45664461603915263,0.12860439200444326,-0.15591686249748568,-0.21660700274206046,-0.05038189513766282,-0.04683286391892848,-0.00043756253347458857,-0.15969725127065135,-0.08728802730534575,0.010224200318747295,0.24628941692222048,-0.27810458980653024,-0.003248512392190241,-0.1554798229321572,0.06993278771187784,-0.056912222531492494,-0.017132341211901568,0.14615443284353974,-0.045937313908681894,0.008905629865176538,0.04303901094947011,0.2380281310662108,0.07963308166333756,-0.029211263431752087,-0.1721486067421323,-0.03080878125828154,0.013355224504015927,0.03481061280155298,-0.04685371942222288,0.14942537760826585,-0.0453849903051137,-0.02866704119748538,0.3592047463030477,-0.3150912228538942,0.2630045205686834,0.04741787647298866,0.025049853548015442,-0.19370602239408868,-0.1429445618744951,0.04916101981233841,0.03242315155532166,-0.07328622991430458,-0.038426107010939486,0.35461774956033115,-0.023443782673328514,0.1307636852456119,0.16755941515822373,0.03011372355021245,-0.15652958076801865,0.3744931865230679,0.019507587879259193,0.0022318310681761727,-0.10819534014998342,0.22640777218333027,-0.0751550391210009,-0.17223264509201267,0.04913159577214395,-0.18846976185169523,0.34901522578018324,-0.24327253104438415,0.33336652221535984
2001-12-17,0.2558234572340989,-0.08934078380562871,-0.16620636825256677,0.3671073743527501,0.16942043587887187,0.15779955358598083,0.12324495225996203,0.027025737198511462,-0.20497895543897918,0.24558611863805815,-0.20615596399464642,-0.4738952705648128,-0.36626528669452174,-0.0035353440419930685,0.4017958237325045,-0.3413463738114618,-0.1697657271503856,0.014229497671269964,0.313938870453168,0.017671750823634116,-0.3539060018811929,0.16425351695329396,0.08801401649435338,0.040190517881604916,-0.25827505791142646,0.2377152021509687,-0.1013515535445574,0.09585259782236939,-0.5126911509460798,0.06885205908047294,0.0980283388514417,-0.18345759382404128,0.3246336956514721,-0.31090068280120736,-0.12202123885419348,0.1128285931848836,-0.0637313134375438,-0.24813202834133594,-0.3494647698533544,-0.2630572958702014,0.17853200287442209,-0.17114300724200565,-0.0929056363114234,0.5220554607826702,-0.11403845147607095,-0.21067948720946258,0.13008346191903386,-0.17144261746555092,0.029070825893872224,-0.22468704333960973,-0.2565320712027027,0.11454621399597148,-0.280536266613596,-0.04773088627533912,-0.007451580726111404,0.12587682260219402,0.15222825207600704,-0.08409957039645258,-0.16172039748364764,0.05354813005072766,0.2415694572078744,-0.06519015198618938,0.019670287404811485,-0.6115335872790315,0.13636003442028152,0.04608934479902798,-0.10419538727224467,-0.4987974452766219,0.3262716248436859,0.009924107625786738,-0.02866704391412842,0.24186721641372722,0.09573055008632755,0.24293348751297503,0.09340625927765314,-0.072340027650302,-0.25747165025608176,-0.26632506896376473,-0.11002901411638144,-0.25507168523331797,0.013451591414653628,0.4263268927696903,0.3543163425254205,0.05032976319433734,0.0304238856138138,0.21736045666380657,-0.21628029549880137,-0.028667324717756376,0.49137186826981333,-0.2371912214674886,-0.09579340404124678,0.135206356714746,0.11953401468570404,-0.03376779014956922,-0.16600008209949432,0.095261734090617,-0.1467722574951043,0.3596621377882316,0.19041873707681756,0.06409065586131119
2001-12-18,0.1517819989441309,0.1523238843945915,-0.1306674308553339,0.3040383503347951,0.08992283982232728,-0.16268646061888492,0.09448151850724884,-0.3892448694474546,-0.24846474834278337,-0.33538292429706384,-0.24590825503290903,-0.1675629584463476,0.06657110585768294,-0.12058567793296439,0.5448314670760063,0.18776423349260365,-0.22552396255883875,0.07938337207769754,0.2541381886677372,0.05722970447112196,-0.23786113991300745,0.05058168162443294,0.09305269506837006,0.05534393949028866,0.09712949448728066,-0.02493850508797497,-0.162571071897848,0.06685060055713225,0.05565393807178811,0.0896885914570281,0.371078408570341,-0.11823265058594257,-0.0889770267843587,0.05840324763019357,-0.06776526090798088,-0.25987152320662094,-0.13528207132957293,-0.0728044026605638,-0.3416190505103867,0.02884351259834786,0.07804195732517978,0.05411907207471541,0.20772436209563785,0.2598511971107677,-0.08164864339472692,-0.1528280823813373,0.014859035827599985,0.17726451702090662,0.1973885989261345,-0.02066352646597054,-0.1909098152728608,0.12741480665787058,-0.25121812768120966,0.09512848193250736,-0.05806110064270662,0.1984834045229549,0.06417743584447597,0.13805370923348703,-0.19881038515832286,-0.206730153752675,0.22211202138826527,-0.1453849490687005,0.03923885265466413,-0.41562015969020794,-0.22534259209814703,0.17352724535586955,0.05277353115825341,-0.28966104130446213,-0.07284904079184487,0.015779826925000212,0.3984977186837343,-0.000978453018677583,-0.1546331936499972,-0.04672364070826632,0.09800338396387025,0.05054550740469831,-0.10332094660239541,-0.09232747948602543,0.0164881075451093,0.387288182411123,-0.09310232209560512,0.009046753735775,0.3092193013819869,-0.06093480218082248,-0.0852661348517109,0.21736044302164806,-0.003428492265701399,-0.05778369974257145,0.19713086570410224,-0.26716515913252425,-0.07012571911599629,-0.08064950164254604,-0.07088751391598533,0.07884687411985933,-0.18401271103697062,0.061029927086619355,-0.16574051281711472,0.30714391336282854,-0.23015104896355268,0.09610328103211185
2001-12-19,0.22210444913798055,0.13221879114676438,-0.11871948701104762,0.4938789542406354,0.42089730320097324,-0.24768204797057886,0.07682540328309406,-0.06175041181144026,-0.32366471491367105,0.2191606230591128,-0.2078150819379229,0.005128964199947868,0.17985869728477022,-0.07156808863068186,0.32410159626425383,0.07983354273895184,-0.17984080268577876,0.15580013936417297,0.10826731328772653,-0.04047050692400464,0.07701962866582412,0.19682976647475753,0.07785541136546617,0.055343939389042675,0.14144363789794615,-0.020630463330317053,-0.041954142482584174,0.04492574068637187,-0.1731596811304761,0.00547155699875465,0.21986059984284304,-0.05164914478121302,-0.01872731813237798,0.09567596526176952,0.04614609794820312,0.012280529975077607,-0.026537184113709877,-0.03725148765508309,-0.20694284781445857,-0.16279026100500088,0.13350249372617343,-0.06378312971813277,0.36213008456903145,0.21258084142711553,-0.14400419877698045,-0.2823254872843458,-0.013130031458107143,0.15853077515254738,0.23731596530564536,-0.12386475596862952,-0.2807960432927964,0.22449830383393496,-0.1868673996520816,0.033983802875846826,-0.05979218717510571,-0.13926861397112159,-0.07366706755990436,-0.08751662650764014,-0.12467540453524095,-0.13909987418450473,-0.13523415663159377,-0.007954828310311444,0.1523018490631485,-0.24947423411991956,-0.13696022854825174,0.07529819279215798,-0.06061319945875707,-0.37844309068020354,-0.21168889915463127,-0.06765014698918412,0.22875876538978762,-0.06140095068336564,-0.36145147023974294,-0.21328219744430468,0.05523739228549073,0.16379764124103588,0.12731873014421646,-0.05615785928724798,-0.2432024203822588,0.2157444551020525,-0.10064815064033036,0.018432618390706913,0.3310026994025909,-0.09106630877782573,0.10923122995715835,0.009109623390488616,-0.09149448844362103,-0.03753936132455139,0.24326676268422784,-0.19309320135868208,-0.04321795184317765,0.05195003773091859,0.015406487583871795,0.07558136226080875,-0.115798842692709,-0.14755072382900175,0.24370907185041893,0.12710342229676216,-0.11488760336671498,0.09023238523249595
2001-12-20,0.20535448929790778,0.16133403664017185,-0.08272667733267126,0.41665904224923306,0.3206492936167445,-0.1491090595199947,0.3959194800298473,-0.8637030284974992,-0.18054880801285594,-0.1401712025698737,-0.011186573915736266,0.26383773964906315,0.3966748890297928,-0.031124121260212797,0.1195897482990031,0.7889454112810973,-0.2368331379038628,0.0033270575656614816,-0.15252364958063552,-0.18803158416468244,-0.04942072172891532,0.2981069142787168,0.04795221116414849,-0.33096492044178016,0.09648213422717712,-0.2654851192348464,-0.01655958781219823,0.1391615717650711,-0.1636883401935802,0.08913168898487689,0.2021822161492671,-0.11213948854313949,0.13752604775589655,-0.07681497959614027,-0.0027007505395196044,0.026087996546447362,-0.11317358520107515,-0.23110631991227937,-0.04588294698798691,-0.16031681984586532,0.2606029843382443,-0.0981383883305331,0.24914721485421268,0.3833317638536033,-0.025068731243558795,-0.14258429168929643,-0.061480072924824,0.13166991695134625,0.2651544800344919,0.051882071736875916,-0.25897793326895546,0.35891175151401433,-0.23880147466297644,0.212104556012063,-0.06536138850108099,-0.2220991946944583,0.21473462939914853,-0.050019202692447515,-0.18931419420655948,-0.13473336567477573,-0.2526372219820582,-0.08719688876967054,-0.08424507317882782,-0.3208366802222703,0.04394423690538174,0.02290093271244944,-0.06918994965324254,-0.12539324080964065,0.11280682514922231,-0.167783285314938,0.21907875386341044,0.1582155364851126,-0.4181486491304579,0.042241895656081024,-0.0012556934779375608,-0.037842642010868364,0.17354875848334672,-0.03457603337936552,-0.13327835839006516,0.25620453748724015,0.03886651480343556,-0.30690093704412474,0.30271159001073433,-0.12539226553102042,-0.04892753388883106,0.09426526002794912,-0.05738714851980925,0.09057801523565628,0.287448854030256,0.019222541358839527,-0.08568352969502234,0.15420898483861498,0.09106481182305946,-0.06651228304483761,-0.14344801533693144,-0.01847532234162633,-0.0034935390236493988,0.006361728114371556,-0.21096861536723,-0.18489922841153217
2001-12-21,0.1751439191429662,0.22383076713694036,-0.1256912942291412,0.7483741052820997,0.14774640394400876,0.06346183468472999,0.08636590427729568,0.7373999362002132,0.05198685673929845,0.12114506657310582,-0.18346045133989108,0.469975825600075,0.36601562153290546,-0.0044258178881901485,0.1333790319134133,-0.5712331476797726,-0.14920479470575965,-0.29977875817590866,-0.05684453649126271,0.1787471078892555,-0.148152595890397,0.11755054862040999,0.05730324187953924,-0.11207142841560558,-0.01879939890239211,-0.06786408451310755,0.017930028296652144,0.14255630877819772,-0.1560516570245118,-0.08142997352349089,0.34999543766060376,-0.11788448237609452,0.11549760479048159,-0.13100245872917127,-0.0925773996674332,0.02608799294286385,-0.007275512702562505,0.03709745099534996,0.2734671964301375,-0.38169692824898094,0.18890854829276169,-0.1721536020560501,0.08754388588165093,0.318484470758258,-0.07145200794379514,-0.013902079822962342,0.015525713163058598,0.1912774963665618,0.2050379420263559,-0.15089269505832031,-0.06166130214657608,0.028193979642254615,-0.26588768886681724,0.027854589342732904,-0.08098156596050847,-0.32555145062782914,0.28240183421881665,0.24860512509588706,-0.013077117490377654,-0.09362088194374135,-0.13394366596161061,-0.0925746418069605,-0.2189782143491958,-0.3781203563315945,-0.26615509900249124,-0.06076899328736603,-0.10748228710121402,-0.15031507329215332,0.06993190729705723,-0.0758522235151959,0.23246220022613354,-0.0027074105536222287,-0.32796929818843884,0.10175772615516998,0.042621549234693405,0.16487263927218876,0.017541486208479187,-0.005898042838218831,-0.16821023189954332,0.1384998788124082,-0.07679889370612723,-0.5013287082682597,0.522835010337606,-0.2449965254252586,-0.09064060685965394,-0.04593840896240445,-0.41439947578194686,-0.04128940694134462,-0.05467002253588131,0.019222530793457048,0.03592195545173055,0.137154616266957,0.012592086319504025,-0.1695979618779931,-0.2113535438086807,0.2467534171028026,-0.0552432555377223,-0.0657970619232747,-0.05214697502081507,0.3453362632282323
2001-12-24,0.15498202609731024,-0.22865878712168838,-0.09459279835233082,0.5765714147286184,-0.1536856610545811,0.049991218560983694,0.3141294219357934,0.1836619429731705,-0.04606089042396975,0.24890085432868136,-0.033793481407526096,0.2870734763136935,0.24996031724049614,0.1551087180418793,0.23072168771052812,-0.08320105087349679,-0.11304820864772615,-0.33508616459998586,0.25671653672139905,-0.21450074478404058,0.051541644952918145,0.22234872199042027,0.009464451705064653,-0.049080471917462336,-0.06263466939263466,-0.2742910287414679,-0.03761402891957295,0.048340783996263466,-0.27410661277369286,-0.21287755339022302,0.3143218307955942,-0.10855882441485587,0.17020535104109644,-0.3269046521895802,-0.02380877644967791,0.1348948512039092,0.07870201288740361,-0.08337546170902538,0.7330026905432613,-0.05042803587404031,0.057472657378067796,0.03656953295208788,-0.11189219806950883,0.32372431558811166,0.14624644628262592,-0.06496635384822765,-0.049017398689507205,-0.08673872263134942,0.13743362882531937,-0.20732715492773082,-0.21677240895090882,-0.071782651172971,-0.3926323820272986,-0.1622776630788092,-0.00934067122902321,0.0301916852008659,0.26134443773006727,-0.17953226975719253,-0.09913858451398955,0.13507187047528701,-0.0706557214823741,-0.07539421725282996,-0.025983116853297024,-0.25911656704928615,-0.2310530155643293,-0.05610089126074155,-0.08615113715416169,-0.1238185068170025,0.2166607818966503,-0.03434538473162475,0.3474624995617011,-0.020918296894052987,-0.24410558877513897,-0.07413277670565652,-0.004072739229570533,0.13561203669202343,0.016731848723146467,-0.1411500559239283,-0.19404627164870505,0.18496585084205744,-0.24602777349398597,-0.3394994670580103,0.19732908195092422,-0.0036400713173050402,0.17398441939739115,-0.2557388057150545,-0.21924101945650343,0.1525597561206718,0.03802664610679068,0.3163602568483161,-0.0007192748650196926,0.030788576864835746,0.14784146621144134,-0.24748399155394538,-0.02041919002480139,0.11402897589035794,0.09698001377108316,0.07114204934705463,-0.11924141453461139,0.08910830811824738
2001-12-26,0.06184870175038509,-0.16164222559853306,-0.030488598501414145,0.28820336071906666,-0.029042877646480187,0.08419308778988445,0.3582321335949099,-0.6159644950435056,0.05813272331715708,0.1492932548974264,0.08723136041037688,0.17437845908765376,0.0973087407545271,-0.026539195867239407,0.04356235792502828,0.6429629221427916,-0.17890431710074778,-0.035955088959825895,0.09356278151341853,-0.006002229026739005,0.00137687090425036,0.15259952265633084,-0.09450003470820141,-0.12167076302447241,0.040652234050113804,-0.19190792562066025,-0.018628527823788262,0.09500546352123235,-0.12396678736440842,0.031930418785299834,0.294136755955816,-0.0706085712761369,0.29606792716180563,-0.24142363775573913,-0.004384873135634968,-0.03367837481810754,0.10069413299855014,-0.23747723174655908,0.058175071708045464,0.07542943097046567,0.138228029052676,0.07604670445999229,-0.14983773553328006,0.23418640845942307,-0.033619557905000576,-0.07683606655266027,-0.15619686715120873,0.07716400365510326,0.140331382386611,-0.018161580792689768,-0.11384565295546481,-0.11159688988193935,-0.19454211667951724,-0.024649734101858445,-0.005486066472686579,0.06526804835256522,0.1712663533233284,-0.3261593396754079,-0.07436900481287807,0.017259486653270796,-0.09252114618657217,-0.06335322343132929,-0.09430297782625889,-0.08795710052239944,0.03300559870598086,-0.24980040250751914,-0.07895344447303822,-0.3128624774350271,0.18968699029602207,0.026342077824470976,0.4181380522003641,-0.1997415354522432,-0.11418712950935228,-0.14765571247405457,0.04208000236385633,0.2999493938636678,0.008457616648050914,-0.0813223241623486,-0.07718179240417919,0.20505834305471657,-0.2052659870476469,-0.3383920568153903,0.05228373242894598,0.06370426233577273,0.00045395736048847984,-0.26790341752364394,-0.18022252877799494,0.07882345096968398,0.04217906032843332,0.2016247278241923,-0.0007192790925734761,0.24165364839042583,0.16534221902941282,-0.12033714074025031,0.11702242112571175,0.019151570404417145,-0.025859821486263333,0.07114204263413193,-0.06320723998718825,-0.02299116598632371
2001-12-27,0.1498057094800577,-0.30751856972705616,0.07973902500539035,0.07850099757361233,-0.11298053633431741,-0.07639585947180984,0.2854738496406907,0.5797033168123029,0.24324451955709026,-0.252349037088415,0.017545138734703182,0.0706002549530746,0.1206447972841628,-0.09332619336244904,0.04763806589364176,-0.7154951869644621,-0.267144991600605,-0.07436916109193434,0.1520367341180187,-0.013406953093507966,0.0873272480967626,0.25445669986131486,-0.11745157554994577,0.0952711446708455,-0.09775182043963107,0.004600467153132807,-0.06368030009323747,0.15731620937749438,-0.14002194730831063,-0.09566025677279293,0.13215411103380337,-0.08050699344247529,0.3082850077376805,-0.27802098164691036,0.22091626489030633,-0.002301145326315727,0.17874981631881381,-0.20755617734829426,0.21192446293406064,-0.07078101858493042,0.22422190687691052,0.11914825454349913,-0.05468293148088871,0.17880584803466282,0.2528122006694341,-0.07060551866483003,-0.1338467766146567,-0.08485483447218341,-0.017523393318556093,0.053605566502119506,0.05328486018336403,-0.22614972117489265,-0.2521061868305617,-0.007929834077656104,0.00021426841205937934,0.13287281040128976,0.05826571815457745,-0.0884888128824288,-0.15927955434362112,0.043643146623949136,0.2812557666620327,0.016772472980145624,-0.20804477525754708,0.020101260110087924,-0.05015779934151114,-0.06100179224297058,0.1196121857662538,-0.24161714259226547,0.283393217168018,-0.04131304486832648,0.3895270084007704,-0.10483619458226537,-0.38225329435724803,-0.09601393638670107,0.0304014152684466,0.17087420942614118,-0.00509941236671796,-0.055565108540127826,-0.07238344291299345,0.1445451653502812,-0.387148302095809,-0.42574789280146186,0.16611837258007142,0.04279171985518266,0.0028880480938169514,-0.11858259366729888,-0.12883477190867829,0.08968245019441322,0.010613199074089719,0.17165684779762794,0.012665450731683053,0.21064620139866613,0.08289334294204705,-0.21281881898914448,0.005547013371557004,0.09922941359506847,-0.05896790586970484,-0.017565137744413983,-0.068904570437208,-0.022991171939829018
2001-12-28,0.05962452160756808,-0.11231473833623751,0.0628299471893956,0.1880462266586196,-0.1896300610519659,-0.046856169473978256,-0.05666410113988605,-0.08101429657965135,0.0955177637341212,-0.11372524881196816,-0.01034615077490561,0.1434959830623966,0.03414769703717515,-0.04021643975077943,-0.1050517756484069,-0.1388701101691017,-0.47997918669351786,0.13478145389151622,0.22890239599398857,-0.10731770576632056,0.07613187868650041,0.32846458949449425,-0.07773032767346304,0.16026688725690344,0.02679855761941949,0.0427522880743292,-0.01650928922313049,0.008469857057605125,-0.012109429825008724,-0.25157423347784413,-0.07804319249961487,-0.0963337804566767,0.08531892433716931,-0.2095334940024846,0.14319456743413164,-0.13001212348184418,0.11828400455298999,-0.1016546858514004,0.29656718370231594,0.037548734771286375,0.1892273509288916,-0.06142349078181442,-0.04286211089302849,0.1735308928333881,0.22036107537320768,-0.1333543301149079,-0.10997211153845371,0.11998217319299827,-0.018465310301589204,0.08818287510051681,0.009799745719284785,-0.16025945012132056,-0.2924151393774182,0.23031275048851105,0.004867961448546838,0.033845074989031415,0.3401012181102702,-0.15040438685506027,-0.05346866370205588,-0.04627424702101515,0.16744907477038581,-0.10944081971551842,-0.04285618125558852,0.399440799023181,-0.05435114149375142,0.11123791058033851,0.12968066787281307,0.059702562826946415,0.18597202221050868,0.010635654521913488,0.444079461146244,-0.26174563243740956,-0.26388043277351186,-0.2639358246310575,-0.12541214316402613,0.2388380410403043,0.04293493636318847,-0.07747891939812589,-0.06438410490647122,0.0637339387451728,-0.3176300261662903,-0.3485740002155476,0.032893372431826266,0.06849662029829826,0.2628250050387067,0.041761992178662805,-0.04366023105497057,0.11756725995573981,-0.050733745058434275,0.05141228917709501,-0.10102467610709315,0.10691077630013973,0.1483701805572481,-0.022729670404677656,-0.07554781894456684,-0.06716181552209496,-0.198729460275829,0.13046241844742495,-0.15450106995677512,0.09684831774791842
2001-12-31,0.014075851450912452,-0.1231364479214452,0.08963776834449655,0.339424489022102,0.019056473350876724,0.13584957479695553,0.08671491936337374,-0.87295318227112,-0.05567080378415004,-0.0838763731139174,-0.08073324788366712,0.14349597356847957,-0.03980889476144927,0.22177390099269517,0.033981180339758145,0.650150058299074,-0.18062996133472836,0.190619412384184,0.13920955185654713,0.06735090235122593,0.11608248290055004,0.3942604198051993,-0.051521229517066114,0.035883296381894046,-0.16543015778726963,-0.4394355409699985,0.1251833761772234,-0.02464477521161946,-0.012109437484960454,0.13177572854063516,-0.04459369090520208,-0.10108392703651768,-0.017024088159682225,-0.20953350524217715,-0.15738237575368302,0.14096929183019066,0.0694243529466718,-0.03676031906772353,0.10855436514698989,-0.017789022646194988,0.15428014775864365,0.0029888582451732004,0.22247395602150363,0.4964442850301842,-0.0015403754473340904,-0.105805742023184,-0.3097894127747694,0.10912591825642624,-0.0288149316204744,0.18346246238859557,-0.010091584172410458,0.02714578103456342,-0.14658966052152628,0.258827351519198,-0.0074919462062205625,-0.17650438306832114,0.5568336730489363,-0.3064512787880472,0.08842699636009616,-0.14366446383442003,0.05077422451298782,0.028331473070550485,-0.11267477767614467,0.26354289518187407,-0.2041992077785327,0.1188280744305252,0.07829968270445167,-0.01093371261142678,0.29367932163202776,-0.06082982735190084,0.24274441915353615,-0.2074660744780721,-0.08554158894142128,-0.1123001822264305,-0.1711094139609164,0.178341738455668,-0.021295863840659707,-0.03526189196339332,-0.15466744086281517,0.15789819770760258,-0.0901603942016423,-0.30856485499823716,0.1596708718275038,0.11068326436233207,0.11473680776460751,-0.22712742776087644,0.014939403980722403,-0.11610119746234389,0.04747974449945757,0.12157249043029306,-0.0038784823686860395,0.013804913903682405,0.1945839875235456,0.05119145283595245,0.0014217758371523025,-0.07990681225837745,-0.05110823578561045,-0.10721829138421751,-0.12690118640984552,-0.3384240184394526
2002-01-02,-0.040474342431815066,0.08199593068914734,0.00369097559897022,0.1362647678436096,-0.2822903077315378,0.27306388560542955,0.22909430388984642,0.07760179627489215,0.15904069240216295,-0.2729519887532625,-0.033480334797551324,0.04017339114203934,0.024760292881523135,0.23230751516543718,-0.03961008276397717,-0.4776638169098069,-0.22128701928715622,0.01639162227280489,0.328984283801033,-0.01876236394971748,0.09445230485918654,0.3126242682338655,0.006326745590058946,0.18576231148083328,0.003582836253455814,-0.275582297044064,0.043811265565329396,0.02552326057049312,0.11362756241159241,0.07123754518794911,-0.0955531430596148,-0.13951507598488597,0.13021543150963827,-0.23349144642886407,-0.04047297190391734,0.2742844516230498,-0.01631429548351034,-0.049714266784162624,0.11680386430521161,-0.05611470627885461,0.15140128870008573,-0.011843540678071774,0.2303551007320415,0.12206433448599824,0.14478062484834414,-0.09744622737016292,-0.3055302827859934,0.07982228195804768,-0.047213778063074655,0.17734793086461023,0.0065970210911620334,0.18501407486909208,-0.09438713381856059,0.20269273696972492,-0.022008319032164516,0.06574101534067091,0.4956592080272415,-0.042505748624606425,-0.03427572962070989,-0.037038990852006445,-0.01908088736868177,-0.20068951438394042,-0.0678397653442617,0.3141762942216181,-0.06722205992136768,0.33690956062348165,-0.09243963781383828,0.2770642059465407,-0.03132897840174582,-0.020364829176899572,0.046113101328191304,-0.0191400929569445,-0.16488600520486596,-0.15723078081751116,-0.17637062205028314,0.15270980044750265,-0.13221148702635532,-0.02638052118665913,-0.17195796225632948,-0.14998086446967349,-0.09006775860542571,-0.39246587128797694,0.10470123563581835,0.057183132407459036,0.1711932157747766,-0.21967062920293215,-0.006650254367966236,-0.047843265383705175,-0.22400174876093168,0.028936056397352833,-0.04732547109039126,-0.11335544050432955,0.125284291240644,0.10029006231958174,0.01239924449956142,0.03667902147000574,-0.32454321479300646,-0.0589216583569955,-0.21845003254861006,-0.32160866133716876
2002-01-03,-0.07510907490178716,0.08633634182432369,0.0321625260947958,0.1540204454952928,-0.14351529499292245,0.17251778940230694,-0.09994155481034846,-0.0379427931949869,-0.18877137173361036,-0.015532301016211884,-0.24071572176710346,-0.024293040440953418,-0.1550745398941606,0.05562155080406981,-0.09363793082223677,-0.14112716717644994,0.17689141731304445,0.07966075083561303,0.3032555681068605,0.04576938203772324,-0.14408805108059575,0.17778403990449707,-0.009319461611928943,0.09222191281064045,0.15430101760440307,-0.32653431463780386,0.028063922757741392,-0.02988657434483666,0.0869544820782598,0.06062748141766901,-0.08593905653724472,-0.08485570262288541,0.1612653625052597,-0.3228138220561902,-0.13295378213766693,0.054885683025374395,0.1219885487939188,-0.08071656471316817,-0.04168859004501267,0.31558213039223565,0.24201403799087248,0.178142819981032,0.07739622241732652,-0.20230600688148534,0.03973495791311957,0.01102939417273318,-0.17410462489088394,0.1097930650097904,0.021105937128358697,-0.15159018535708227,-0.020210342348527168,-0.02296263447090076,0.08916437771459018,0.20268310368005907,-0.010841602454443086,0.11535257864187742,0.5498592216004112,-0.14839802211556258,0.16935744018711105,-0.06788149441100891,0.0948748884679191,-0.13385070293234191,-0.08067148929025185,-0.0592521166763008,-0.023689708996848503,0.18695122032170883,-0.13496756147642355,-0.20869024249650997,0.32867966755160544,0.061396785399866226,-0.10244671716261504,0.0036182300600299455,-0.18381312651249815,-0.012614836915988335,-0.23618201872287892,0.2523457451667271,0.09346081965193548,-0.06611787400010549,-0.24326085189870367,0.19701983380214635,-0.16590524160982215,-0.31935618672831984,-0.060423859289380794,-0.22262286473948217,-0.0001881892065280373,-0.33537094084917546,0.05453020194003194,0.06014486625861648,-0.05187491897312555,0.002399758137828847,0.02138945225488551,0.040824103068048734,0.13734468484664464,0.11910853818729547,0.08860394882411951,0.014384621549938083,-0.10373254125045803,-0.00690479264647914,0.18078609727697317,-0.03996249211183697
2002-01-04,0.056436066333745635,0.24318305636782256,-0.013828675903267917,0.12145957420750592,-0.08525566779534874,0.14039749808567897,0.19210447910574632,-0.30107832625304015,-0.08811335058582359,-0.16946721244043908,-0.11270361554076964,-0.0762335004635647,-0.14402930464512,-0.11467002608431902,-0.16775144535508224,0.16718454384010567,0.031859318348826736,0.17464828773540023,0.46261262451692825,0.01944089134602115,0.08352144305652222,0.24860072201759537,-0.04179879332071898,-0.053820733712700124,0.21229422640254833,-0.0017569388864677393,0.0033034710398212735,-0.08181723016123074,-0.09898247007818771,-0.024046372838484018,0.0575095135558468,-0.10909846124438773,0.11119658486536856,-0.1570303017096564,-0.13295378214548756,-0.08658041539320827,0.29116800050390296,0.005233102575159224,0.02060157674103274,0.17868188101714325,0.17806064551180914,0.04277154574218605,0.18565114415594222,-0.3006196128997344,-0.055157381551930305,0.04384210487653099,-0.0326783689446717,0.1097930546735118,0.12684235610380248,-0.16085257325385716,-0.013124752336252219,-0.03414911750094634,-0.04657699101406669,0.3559865253224845,-0.0037540667539373105,0.05011086980570199,0.27852470483800856,-0.1482062059302688,-0.01667371599568944,0.01872643726827237,0.11281617740802537,-0.17077820860494514,-0.06296201308177574,0.034306247529765785,0.11907333243254781,0.16775647693837928,-0.28788831362920225,0.014237209867031482,-0.385307058540936,0.0700576756384452,-0.23978780946780706,-0.14123530572276102,-0.14052979369078744,-0.05886192719437589,-0.028623321578381548,0.2572189504779331,0.13170259699230968,-0.1727296526214892,-0.11577736821921261,0.07195279066010167,-0.13958160641215347,0.01901613982785751,-0.05726967292594997,0.07264046316736403,-0.017114545992020978,-0.4137971493775557,-0.05577147310902811,-0.1572834003287153,-0.30038018589140936,0.013743721600656464,-0.023520296964958106,-0.13484468843697997,-0.06033897604194055,0.15367342529585967,0.2757528845624101,0.0035065717416187703,-0.0786687731876859,0.06596605481579908,0.06143703692622124,0.10121447692654327
2002-01-07,0.19534895556993423,0.3228514699523201,0.025616110836374637,0.01709318296289924,0.013560887067168655,0.31868637430151997,0.06744383894273331,0.02905796678720646,-0.09732699049046525,-0.2092111437387582,-0.13799286887534976,-0.21543632442288282,-0.1642590371429552,-0.26335107670105845,-0.035329400525171605,-0.09112604471943386,0.11686999814831463,0.07242773673713249,0.3037825895640325,-0.16104437384361325,0.15916194152051538,0.2357212694929168,0.0288865709248776,-0.10070307689118507,0.008716593955416515,0.1772805586347545,0.030483420601379235,-0.09667889919614434,-0.10265962952084855,-0.2111657942535969,0.10871165699158651,-0.0943363939563186,0.10950589733233561,0.03747154829810573,-0.08346355093628409,0.17262398287108244,0.1680088393291499,0.02599797779157106,-0.046802457227268605,0.10575399123399101,0.08835668525787678,-0.2143669442135274,0.03109335898605617,-0.29361424374540007,-0.17347558478400468,-0.13798816317559426,-0.012062083034777042,0.20576817896829683,0.2079564268659549,-0.15577188366916164,-0.10448453763612246,0.07698996802246687,-0.0895040743127469,0.2509166877329927,0.009021994914273301,-0.047823661765413805,0.08199511540105843,-0.2753175670512594,-0.13411720076792796,-0.0032021108422621747,0.09554551956390736,-0.15436934594862065,-0.004000919287044946,0.28140613283371757,0.10631443611908872,0.17967697139162736,-0.2792523352767706,0.015618109661079268,-0.31590874692905374,0.01993625672483442,-0.23978781098128624,0.15171107126948735,-0.1508213944598363,0.09703836266853884,-0.09477467740605106,0.22963811074013832,0.3155734493785127,-0.28736201365031333,-0.022768481579668765,0.28919039257835333,-0.16808710586567743,0.0024585887274502878,-0.12225419848535349,0.0810169395374455,0.2516460042037239,-0.30631061829823586,-0.05530565179479008,-0.14925156246695456,-0.20382905952453592,0.08592640626015147,-0.10684806180020598,-0.24507704971473906,-0.04387606369318277,0.08089511971991081,0.373660211508514,0.07769194406166259,-0.08711386680015604,0.06442457514536247,0.13412217468255308,0.023285052898697013
2002-01-08,0.18480200498736876,0.10155073226713673,-0.03082201057567,0.17120447491392668,-0.2829213256334545,0.05585520074405007,0.054968765191237653,-0.3782646744821128,-0.10194663103478144,-0.027739856563626906,0.11224787776324964,-0.019242042790165077,0.05755092066770649,-0.21159320186725292,-0.13012323399309536,-0.08391846099547028,-0.01069085337022516,0.1614793535564164,0.353781040882136,-0.39529527061072056,0.17471407461233712,0.30753839918845804,-0.14791875024166715,-0.1443940050496308,-0.10425844798219774,0.018462793421417843,0.078905379280758,-0.09335237235468115,-0.21538298607853243,-0.16334667301966682,0.14677750028591158,-0.009907289394670895,0.17544866185332358,-0.009477352761984857,0.14056613008279611,0.10617924272014166,0.023420173516366705,-0.12476667158350921,-0.0016973317711935095,0.08236570344434312,0.17729165133550182,0.09192501773760839,0.057188274463550196,-0.13481550069943568,-0.21419866815290148,-0.10842370909789195,-0.17020534845768806,0.0990898292580165,0.17568261322210388,-0.05864054241867295,-0.005030118566858284,-0.1426296229563396,-0.09095256530559885,0.23090631952722812,0.015412066600215601,-0.14027725187484114,-0.09904714422152368,0.0027771395873373147,-0.07043943762529332,-0.005764695815791401,0.216222386237671,-0.09964502752818272,-0.08294282169688381,0.06994759786379401,0.20004053155299875,0.07362197971702047,-0.312566818186739,0.2799826472896227,-0.5743931339963653,0.06410252431925385,-0.23978782478499017,0.00421047752781168,-0.028845703441944502,0.04005033331939423,0.09415739322969154,0.12119550241429485,0.03847178048351264,-0.1300530567692596,-0.08075163150419451,0.016177278655687684,-0.17367078018472204,0.12104366576260618,-0.05219496819674474,0.5380074121682569,0.1855501476428497,-0.29569188262306634,0.0050457254328855235,-0.06560503112796169,-0.45366366114057827,-0.061176191451845614,-0.1622972819565461,-0.09068455047083349,-0.11291937485669533,0.06815265707307028,0.29289762622087756,0.05170973432259278,-0.2144977856626233,0.01805297269611106,0.3801896402649245,0.09138195835970989
2002-01-09,0.19706975963370793,0.14316935640059575,-0.0011686892668891242,0.3749124682354427,-0.3580259553538932,-0.177118962561009,0.17957951380397033,-0.6164441367062791,-0.03418341366031555,-0.481149911318488,-0.08141138023021004,0.013029675932615664,0.0831272769763142,-0.38764827515431083,-0.08861452126584676,0.7144210617177515,-0.09249049807144424,0.349299771559727,0.10156227535279765,-0.22376720166358283,-0.022232508845915766,0.303488921755368,-0.1158288748367251,-0.15722958732948383,0.023389047734487457,0.32344579477794316,-0.012226205060702305,-0.11614424604431411,-0.013292641514299144,0.2652072493448095,0.14677749182010566,-0.015837872524300647,0.18567291909345196,-0.17595808118182477,-0.036857518179636735,-0.01001390168500168,-0.04134018654955231,-0.053618141066639355,0.13190598801516706,-0.15044128593158726,0.17408860990156425,0.08499990472467628,0.4917639202863062,-0.12143719845135875,-0.032619425128961765,-0.29451502194715895,-0.18753445856179043,0.18443104928519521,0.11059361125060589,0.01893690217592851,0.04920551200444051,-0.44203528941049475,-0.17976671802679012,0.37385438218099315,-0.009473965908545953,-0.171007156142116,-0.11651887647786209,0.20661787231921896,0.18107432719301783,0.22895809098720105,0.08000767672540587,0.05855735160257931,-0.03557338517835686,0.10715365418494674,0.3259176699752986,-0.11363034800829125,-0.21275080506282484,-0.0561954433613131,-0.5370795843297921,0.042874719219930364,-0.29665858932687783,-0.014838634719172942,-0.1108676561683645,0.09530031219861503,-0.11586754148328175,-0.010294611744232691,-0.13379472234421963,-0.15107689800477472,0.011457037660742192,-0.09485370422709924,-0.038722851679796444,-0.012834576351705781,0.1429300040043892,0.45047784020363707,-0.0393679581824013,-0.03455946188967723,-0.09165553063631166,-0.0669301485620751,-0.25582133899200044,-0.1549012831283258,-0.04738974927039159,0.09321546922987145,-0.10669640403416727,0.004829357975811666,0.2809484374920579,-0.012537335654620679,-0.22039500327454697,0.07184272708854464,0.303296937851809,-0.11506700564954861
2002-01-10,0.21705423585519162,0.0007657801222073932,0.03901831257869742,0.22906377212656112,0.2020312167174995,-0.08878650492222609,0.28268278635248595,-0.7382354123716759,-0.1420593462262437,0.22837402459003991,0.1900636351968091,0.17302058500579298,0.28951150559222044,-0.2896340513423415,-0.3686465792056984,0.5532023847284409,-0.10954244809967939,0.36108712778744295,0.28837594290639534,0.11773388304828306,0.08405603963736591,0.12188626494995417,-0.0621378192210354,-0.24601374174368848,0.0933999604528384,0.383713531151938,-0.0022539303356695845,-0.186787870034653,-0.16109609566103875,0.3854845839242134,0.06788998512786122,-0.019595942692758255,0.14700343999883017,0.09111298371149656,0.24541915014014823,-0.1788378292776866,0.019475181047042146,-0.11589949698763904,0.02352490267361149,0.21614201431386024,0.40597254258960774,0.08499990381101127,0.5321874936583089,-0.15934784323439039,-0.027512274520809607,-0.24623212332270938,-0.26387627056334095,0.1276672534672832,0.1377295101439737,-0.06738862075416392,0.06790408568288739,-0.40709280171473056,-0.2089416377152313,0.3537785937796054,-0.0381051721725328,-0.16721556102013738,0.016884504554079572,0.07041860894139317,-0.1525475963227346,0.2708073042554568,0.0012297748657553705,-0.2436338606670256,-0.15122676433394722,0.2697260652458092,0.41152596486882353,-0.23868933224603178,-0.06860825819129926,-0.16522804157959278,-0.1234179107057225,0.09711398987454305,-0.004967329427124324,-0.25512386440653484,-0.2595516939543179,-0.4046040909091792,-0.0635786073279028,0.04919628326216867,-0.13096158107869796,-0.028074380060052577,-0.1598593230103993,-0.06147512190090806,-0.054322754660133414,0.057545888715729215,0.04177680584316521,0.3562978726908897,-0.35795051875585726,-0.41015054172547744,0.12338621750962711,-0.32955223182528665,-0.4422746055599515,-0.19977649499020542,0.1209199312468406,-0.010443192190844846,-0.2014436733397634,-0.10792311076149222,0.08835508789055065,-0.2632341509593451,0.030672557958455048,-0.018906335301251735,0.15752726097243644,-0.06288497749790306
2002-01-11,0.22773361776919,-0.15891955691703594,0.05984474111145957,0.05371014521455186,-0.3930783528339946,-0.16636200544114998,0.2428723569878721,-0.615983669873515,0.17136154114911992,0.021616208523962784,0.21095016706156325,0.04387995913756894,-0.07352615366544396,-0.0654262454287995,-0.09029316916336896,0.5708209271916003,-0.1206222260201953,0.17978488491252326,0.4319916701010128,0.276202559283748,0.18163809884689047,-0.4714542761747572,-0.1438236932182682,-0.45283074438369725,0.14794980566830998,0.10212893304383155,-0.07500465987950085,-0.11830613534903749,0.1505303820769057,0.7954580067764258,0.2933286871247925,-0.0725327052299812,-0.000902943940312538,0.09209394508173803,0.2664255035565649,-0.12320714296841823,0.08997386127984558,-0.06202144474202587,-0.2555990395288638,-0.05755963040772119,0.13201253093372126,0.3334977657916907,0.38038267430172074,0.02076311074520845,-0.04319282123255464,-0.26429824201005625,-0.4072789583664558,0.1685563910298103,0.16664898444579204,0.06362679247347781,-0.06584044817476896,-0.32093047227881605,-0.2005518460226252,0.3233073251583445,-0.004697152327781107,-0.24588387016292623,-0.054212451906714997,-0.13668154552708336,0.1281543927115483,0.28656138518835744,-0.0699553962149642,-0.2297987936427145,-0.09230371499086894,0.05232555001182535,0.024173941419783233,-0.431127225562064,-0.06860825922055407,-0.29392021792937245,0.018735120697587707,0.16686365634220954,-0.1448339964694658,-0.12230347461537228,-0.1967232261666871,-0.18096759143412547,-0.2116645817953694,0.3238859378091863,-0.1158082429677593,0.2186284089559156,-0.04071716964503497,0.38864112614505403,-0.003999449437196591,-0.1997451601749573,0.052236103825555304,0.18542584814747193,-0.3256802233906241,-0.20437070215327713,0.22056863518505068,-0.37116658682984266,-0.14466977518531463,-0.09724902268749891,0.013673203637552044,0.12336317394960813,0.04556162898741703,-0.02240281617820741,0.1494805585751012,-0.26829547747629484,0.09727349859350043,0.07932183520754749,0.10853953188996913,-0.12539176507394195
2002-01-14,0.061479685840460076,-0.29379571326029114,0.0949672182057434,-0.19680485186422408,0.029627375618371542,0.21046739520063515,0.25446791246596173,-0.7194845003421994,-0.07647515985667817,0.1526788068568578,0.4995895605682017,0.13772738089745074,0.20428191425447909,-0.11750351593121709,-0.4477320060964365,0.11513926757729963,-0.4738170188962923,-0.048513740650841145,-0.2841009147168586,0.40937327318964684,0.32997127254550757,-0.21370353726822078,0.009316032721725181,-0.11624404808135835,0.17276502314257858,0.11401243216220572,-0.21382779716999561,-0.2117828373197079,-0.44404709573003276,0.8454745782638949,0.016386647370833014,0.06535076030696352,0.00799369852399422,-0.13698617616599687,0.1740890308791876,-0.2589765881506449,0.23894693604311631,-0.05909716681379007,0.07894344716300863,-0.09656427668751918,0.33242514439701115,0.542814784610983,0.1784529060865119,-0.32122460677381315,-0.04144729797429522,-0.08173883745565527,-0.1277778944153471,0.0730938652880655,0.10745764385542787,-0.04123051250470874,0.05680908577249143,-0.3114512430158147,-0.1095638847903001,0.38925720189195284,0.004948344853948349,-0.17879044536327024,0.009001816168276723,0.02594182450638288,0.12402582734041741,0.1726442647407191,0.00514537164305662,-0.043990099388787035,0.007425033010197672,0.4509721875490624,0.10884507577896303,-0.05360833137283865,-0.15485588798305194,-0.8357724674166372,-0.14962000485463417,0.19763165946402342,-0.06466956239456781,-0.4822406207082765,-0.18177509531748393,-0.42567819520792244,-0.40769089200426756,0.1462934971745604,0.10000023751694433,0.059411410544266165,-0.2019123682059397,0.46035431686488665,-0.10704699906798151,0.2135162589946209,-0.10211873004831107,0.15573463546494293,-0.09071972829886557,0.10671589433781835,-0.08562647773370474,0.11794260242330569,-0.022415510629520432,0.3497176790629808,-0.12650133507684033,0.07499658140309504,0.09418894065018013,0.08404089424365305,0.3801593541551643,-0.51248881673362,-0.13201267425803034,0.1449150217583633,-0.1811677227224063,0.180870107227235
2002-01-15,-0.08696465730385138,-0.1291306194928478,0.08806766792342106,0.051206614906532735,0.043939975347239146,-0.01731927397695918,0.07616022805812547,-0.19199418667375287,-0.018165339038074588,0.4128593998627754,0.3686015190805572,-0.1682946877616251,0.25440896762483484,-0.19457683774842133,-0.5370744681710062,-0.17262770928953786,-0.06212898160989477,0.10422078492709698,-0.2405464393855582,0.018702099172258783,0.21124839207906998,0.15287432436491183,-0.066031218445988,0.24003242002342734,0.10059462339951541,-0.025862484360183603,-0.16801101737015173,-0.16315758865850558,-0.3140035809316376,0.09471222653882866,-0.09079606892964441,0.17076697080006248,0.3522655862446055,-0.33849772069037865,0.11837581866820861,-0.16072301608892528,0.13079178628267601,-0.04294101333748228,-0.2457321315223548,-0.08793403278704823,0.4541393856615718,0.41348741775507,0.14487845002472088,-0.28509183021642454,-0.041447308931548354,0.029442103402171356,-0.010154204190028986,0.2829309692453573,0.09984253286507348,-0.024378013860941995,0.1810594230665147,-0.35029958997749605,-0.07743446093724146,-0.014445529099259977,0.04466896848107976,-0.03155297215157575,-0.007956401799093925,0.029915170832353167,0.058703452529167255,0.026953647351817,-0.05430004168677074,-0.1796699756121062,0.20192368282395284,0.36371505055268755,0.10528104231102087,0.0002579543436699104,-0.14822463140691208,-0.32418824859824036,-0.17907365763247782,0.16948765608667588,0.2751445338289438,-0.2738956179861941,0.124849843916095,-0.3307094392760548,0.009253182678346196,0.1427096379862793,0.14233950423295455,0.06361467908689729,-0.1694072014984147,0.09091106245675706,-0.2047358931885496,0.1663932754974893,-0.026154475449042636,-0.10722954514410075,-0.23425382855804103,0.017090329251573864,0.11624535771671414,0.21723078975251991,-0.44078288791298953,0.22410829989556688,-0.0995964349396397,0.28210884702904043,-0.018723085909635097,-0.1831278438269202,0.07908348241097103,-0.31278518583571313,-0.21523445860244902,-0.03239554490685411,0.18006348277586223,-0.3337242331493723
2002-01-16,0.04194824662032799,-0.17287616088351793,0.00985621788351298,0.14932908793665875,-0.12441258898309428,-0.440096364025253,0.013089425627421469,-0.699225229209205,-0.12305267423710041,-0.22264116123343328,0.6470564740071908,-0.03135637733409124,0.24782562648333634,0.11935483033549088,-0.317748071799905,0.12570413303575642,0.02099867909289065,0.30968199692102055,-0.3233140748797684,0.04361032683940217,-0.6731674823696113,0.24465318431954183,-0.18083824098581228,0.066387164869547,-0.12986131589320296,0.12894958432679932,-0.21594803021565612,-0.1008140458034679,0.006885767129581546,-0.06395593911091346,-0.08498460632785297,0.08765885235525507,-0.1372963855204785,-0.12695616674519458,0.3588349751323299,0.16211020427254677,0.1405851919964154,-0.28463386256380646,0.31839619239044337,0.30084427597671515,0.2556400621115142,0.3944592471802263,0.2596846865680948,0.12099269009973003,-0.41856615791893326,0.06876663498860518,-0.3950035153755461,0.5587829093093775,0.17362319034580714,-0.04409569515974058,0.19950153102664936,-0.34657786075847474,-0.040761199676865034,0.13747840985485635,0.034478707428325345,-0.14075163675223784,0.13970954933833685,0.14716353664436202,0.31694106639715536,-0.12516128585870134,-0.2083801975876959,-0.12167572004798875,0.05069859946205708,0.40748385563117273,-0.2352780792884306,0.13959366836099218,-0.13789558493274837,-0.5412530747493703,-0.059243300744238885,0.1930014212565496,0.06415225597005751,-0.002525444774038931,0.372445431355635,-0.5248004466863542,-0.13357315951792198,0.02248975974145766,0.12101355248232566,0.17430240765618554,-0.08442339578824563,0.16460200026706082,-0.2738131180906694,0.22830762779062796,-0.0400680680258954,-0.00768331047336465,-0.26178898917710164,-0.33990348859422753,-0.09050429189501243,0.26289097218526175,-0.22402344058533538,-0.23863429298536398,-0.20814714506218251,0.668183108180165,-0.18024061395099894,0.05000460443637239,0.02241337280550286,-0.18154650913016152,0.0952522747372527,-0.007522553237451031,0.3023891182787947,-0.2899139439302233
2002-01-17,-0.11369742010827286,-0.03424255961505469,0.08496976794110654,0.018665441810060274,-0.33763700184528517,-0.28573378262801213,0.03251177010679197,-0.08466747970139878,-0.22424351721179359,0.005432410864290681,0.45346489195417244,0.11768520519731125,0.12242862283383167,0.11689856400322088,-0.3722298339839229,-0.08405139694959293,0.013439151146728018,0.3360970060136145,-0.1154281652658049,0.08888991495855864,-0.44029648639705976,0.24465317574283318,-0.08024340541246103,0.1631860080553982,-0.14503225705292,-0.2979359865568546,-0.186090911728971,-0.12495968112599759,-0.102310375644787,0.31896893450370406,0.3149495656678986,0.02197533425177765,-0.36589051439681164,-0.10855805572165755,0.43523648170451573,0.11151310739654022,0.1434199397066751,-0.1760478886472072,0.27915390323442013,-0.10607969778512559,0.03629899506687746,0.2741270046967786,0.031795318987756914,-0.31543123472520745,-0.3537712515862332,0.15497366821991643,-0.266806421644321,0.7948404407799442,0.07521489936185825,0.320764886992672,0.014667664693708417,-0.21728616701139392,0.2230747994060438,0.17028985189644877,-0.025905180605473657,-0.07163627155154333,-0.2843510326534994,0.07414773357479186,0.1387525052248804,-0.019802705786853045,0.0017343594382778157,0.1807654279865224,-0.0825000795069943,0.157626613240574,-0.2735690336942806,0.07884562240803415,0.09666677858394869,-0.21641438215622258,-0.05615186429344572,0.021375158441308065,-0.15596653796822565,-0.10303507436908253,-0.03283763496892646,-0.3209998701143424,-0.21960416887088025,0.2646716044476962,0.08607737891564175,0.2778233826003087,-0.10092417895780136,0.016623313014640696,-0.24014937331303451,-0.18497605998583663,-0.19491185589437723,-0.039193546179270115,0.12327496336834143,-0.29721191012040105,0.13156444172924006,0.18626172733934437,-0.09427280192656225,-0.04037257460424843,-0.041657622694881616,0.32296184434795805,0.11020885971035518,-0.041743685887173594,-0.023789244998832598,-0.25059244029477673,0.19418629458831976,-0.2821997800872822,-0.1305190081216225,0.05889244459644011
2002-01-18,-0.284556412246904,-0.1927958170089675,0.04441480871710474,0.26235070739353406,-0.12274657776923625,0.15646042849530062,0.2226562366335929,-0.4937507921336188,-0.26854804504171337,0.062415344709099464,0.6088270594580097,0.09177739802226528,-0.07278128641955546,0.0528469404909799,-0.35738494689593236,0.20235057494261346,0.39149987838262607,0.14489589967888875,-0.20652710526037452,0.1485914175138136,-0.39771827455895953,0.36276321875493733,0.007798332740949549,-0.24236037493062065,-0.25064435825974846,-0.14625117560809797,-0.1213329026335191,-0.13970914302606685,-0.3659790773453875,0.28986129142752126,0.03826162902397496,0.02165827322192511,-0.05525354719910801,-0.24433474541964612,0.11259944662367502,-0.19256221757540878,0.23948864336365996,-0.2237944358437018,0.35026343755941264,0.16503690687834865,0.046130019847762806,0.19886447035748883,-0.07332996150871987,0.07157645136247516,-0.05301210087907151,0.026330937783896374,-0.19692017964014105,0.5643313759226887,0.03819914761439436,0.1622288408685483,0.16818781048109432,-0.14268105878471365,-0.024253485409490537,-0.17678558826330265,0.014299246748931101,-0.209980662683558,-0.22456790398058082,-0.32342652684791334,0.21645279768009537,0.13737055388994274,-0.07006477433833952,0.0741911298706656,-0.10889796230534121,0.48887411510838147,-0.007884925814285848,-0.058986510569902506,0.13670327648909514,-0.39379261805958726,-0.0891209140479154,0.07334393964073095,-0.318419956961536,0.25708958614943916,0.007111921263898283,-0.13542788862332508,-0.23158995206828628,0.20097231872141796,-0.20037708158482806,0.06547611706510674,-0.068810322255699,-0.13742880559720244,-0.2786464287280193,0.08604406004588837,-0.15662698906393588,0.122300760847678,0.15558943761910107,-0.16198075533596523,0.1632219718517904,0.16558935700322847,-0.20658174577194555,0.17769516796259885,0.034697957129100655,0.35635808965354365,-0.07638946554680885,-0.09366796889943318,-0.0052465962441466995,-0.1914771548655374,0.13410702181908968,-0.2063203390426637,0.10322984013298463,0.11811511998871828
2002-01-22,-0.3132089875102311,-0.19279582284240673,-0.04720879024256161,0.2070578597962594,-0.38342751505892264,0.24266585148860323,0.05806518303885722,-0.4181397004902407,0.058311151166724175,-0.07026795201256576,0.5788439821632297,-0.06759187397612955,-0.0716388100946698,0.17548682064174725,-0.3038862833144321,-0.030046066263234035,0.22041996997555455,-0.1533621282342348,0.2206158186564859,-0.11493948264596052,-0.07618841467677975,0.11859350195812751,0.04428136274963633,-0.4578844241021529,-0.45611210184116835,-0.4238004873025983,-0.16039340595535292,-0.11765867283470231,-0.44159677326864943,0.4415014724372461,0.1218591505470139,-0.00700643622924432,-0.14391083718782227,-0.13026986548689676,0.09229828758756622,-0.19652429979102523,0.20293725908693017,-0.242499773966149,0.22486764001252516,0.31510223560898154,-0.19231003416481698,0.4231007754474118,-0.18951769731121515,0.10522579218592057,-0.18843423159084163,-0.12499589388252151,-0.2715440775864813,0.12665542348462897,0.12089393554319709,0.19950574945961344,0.07372807691081278,-0.1859204987736382,0.054877986331695085,-0.31057661279308035,0.10701597124484352,0.22713141598985448,0.07768383776020858,0.1890036049125175,-0.08757486812841267,0.19688708016757034,0.19694717297701275,-0.015510937978930302,-0.023164908063001997,0.18084948822771255,-0.21271581793139163,0.12611267449697397,0.0908226147171695,-0.2565846863602864,-0.37094278613399967,0.12284244157940122,0.05599253009696911,0.08171943785781799,-0.03586623509464898,-0.038000127831606306,-0.17186020624420614,0.2827273842931534,-0.3453772475335549,0.07257134230710986,0.17581273423106383,-0.05604726075755672,-0.012751472216958227,-0.08870184821425754,-0.22458616961801253,0.41214122916420237,0.05013265909816511,-0.11751619695032588,0.1599627335944164,0.18364426702834824,0.0002690606020631504,0.4810109443885027,-0.024920983970008862,0.12876397826412014,-0.05951471568215861,-0.18251864933170964,0.2505301820315476,-0.15061582518070396,0.16537506491588966,-0.15660591931336326,-0.01821872079237332,0.3332252124552788
2002-01-23,-0.03139750309928586,0.149822533825042,-0.21451692705334435,0.2947832508246437,0.07480113009127035,-0.1844971429857427,-0.4543868815228374,0.39551014357611247,-0.01310324291620928,-0.010729695543934707,0.5082642590713538,-0.09483110933511378,-0.06782913762318214,0.2244765573587175,-0.09065264448066054,-0.6828129619555305,0.110029604849652,-0.5550790927205818,0.07682928015903878,-0.011112009670828553,-0.6122028531669867,0.008506891653418612,0.13311581469135708,0.18555123234155188,-0.26697311004354585,0.362311294465031,-0.15076033027530575,-0.11409382158335252,-0.1656513033999771,0.0523043834567007,-0.06851048761553925,-0.011287901172121969,-0.1721239846809607,-0.11149598304198859,-0.07967222246523195,-0.024525038449412766,0.13995418136552487,-0.13476111649737518,0.09274632670946788,-0.01669050490161584,-0.24423314511273242,0.10992343762028321,-0.2219105383066295,-0.050307862396276375,-0.14592186776438973,-0.29990363740098397,-0.028894961140502544,0.24123193944387744,0.1688066918651103,-0.03617842592258174,0.2775738094604686,-0.20309948431513308,0.016175767746291717,0.12455267331771999,0.00870145117156472,-0.01538526458998742,0.12686144016408005,0.3395818834836067,0.08946228487787784,-0.003733140346638001,-0.1891609865141808,-0.0818282123205272,0.22702383028499853,0.291581815517128,-0.06436738809804217,0.23483191158123284,-0.13053265693418162,-0.10992032348716119,-0.09709635374782029,0.19586165191678864,0.2794499658179409,-0.07942913586703987,0.27842661535256846,-0.4049725318983971,-0.16105112853728074,0.19303187699566665,-0.2558754456042245,0.14219680360394132,0.038493616758213306,0.08116140038853895,0.012757161662426615,-0.16644567169422472,-0.03608182194814048,0.08014125002869484,0.10378111726629947,-0.10046672393708192,-0.017783738143992048,0.25001785634892515,-0.4455789665136087,0.15844574757372548,-0.07421952976786082,0.09884990503514053,-0.13547771886881663,0.10428082786448745,0.04045206237914394,-0.13823823660580012,0.11596381061268264,0.11077928682725466,0.05729391994541317,0.37065571120418894
2002-01-24,-0.1434570530537314,0.20765087618011763,-0.05117442995055193,-0.040267505059826035,0.126414878706616,-0.22594797456631815,0.08350743017683034,-0.16047281930756616,-0.011060756530755302,-0.19419857565672818,0.4366756463904727,0.11098867791089635,-0.14907447838810148,0.042489987016925156,-0.2949699265453499,0.179977151148853,0.21771012343988635,0.09198514090869837,0.2692204914927294,0.09559878513628806,-0.4399941401191404,-0.28641760174919784,0.07950296614673692,-0.14225620773823272,0.07953156180484451,-0.0729490513791628,-0.22748186226364892,-0.11411124026169035,0.20035466336208252,0.05230437409322915,-0.2988830924715657,-0.0050290407998890745,-0.31067012995530946,-0.13683675304637677,0.08095051977215621,-0.15461248820557416,-0.013843498194941009,-0.19967318531170622,-0.17427322303309253,0.059516946857502404,-0.20523320883444982,0.5369257980494312,0.013751453525294525,0.1527736034999165,0.11329477390027624,-0.41617510674693653,-0.10868672111356568,0.1502856578255039,0.04199642381132741,0.40861226700059905,0.05922970754389025,-0.2588957593073388,-0.08805073931121232,0.09079782531521537,-0.025428486999724064,0.38320825373705664,-0.00514419124906552,-0.19239915186493092,-0.05993773135943898,-0.0620483908518578,-0.041801021020545955,-0.08003565067140797,0.09013961305071988,0.2343211103059714,0.32475265656276,-0.052503727840551434,-0.087933584291335,-0.11503561059369376,-0.059064810069863014,0.015437083545750822,-0.15108452776458522,0.09375901725660184,0.11335953320824398,-0.14798476881130185,-0.47394772349141634,0.2248967678358987,-0.17046476713684822,0.002794665448928427,0.19718687748571043,0.2789456980493818,0.24706709933263252,-0.08628304165472785,-0.36295640009923885,0.1153213823646829,0.0331878228139778,-0.08788589211060752,-0.0015570557309300252,0.20669339501900647,0.04079638434109928,0.040560314029550945,-0.07815834478604045,0.04058665132379172,0.1389137862104699,0.35697810434175575,-0.02110473176211471,-0.14457310498351827,0.050314990046086604,0.26884184875039074,0.02153732810368666,-0.028837355636685595
2002-01-25,-0.08911083197846616,0.3160845639186283,-0.02643906910497138,0.04895251243634692,0.45323420186390717,-0.12723863641841252,-0.3172617684412691,-0.8315837393388756,0.05536278843128699,-0.3241795404067564,0.11914983232155534,-0.052272196474906926,-0.04321537582283486,-0.014463867720508996,-0.02709387651469659,0.7543550787103893,0.30880200405910735,0.3119315395348243,0.03126714863214781,0.3149797572026073,-0.3555719376831157,-0.18494649297215873,-0.044493401720889565,-0.11209046167231236,0.04217247252326746,0.026496597610852775,-0.1956269964226549,-0.07060869911861974,0.20427148680474225,0.37878340197186117,-0.008810942585363647,-0.010238479247790281,-0.16882490787427418,0.16043814366743459,0.021672505431147886,-0.12830625606242202,-0.29026699675817536,-0.04414427836905515,-0.0310543849340383,0.045131944018376766,-0.15980064404561606,0.20892048734691057,0.14807004583159245,-0.2622788306592774,0.0015831029495266874,-0.21481801503517067,0.04146719900870074,-0.05327667431208948,0.07031661217458503,0.39391565494372477,0.19347676128589072,-0.3449368406011225,-0.06928003277606475,0.15140408644905579,-0.0297752303532958,0.3315821408118958,0.11959755405445642,0.09720619976741675,0.13306821087344445,-0.1663340860324376,0.13807106259584942,-0.09007574168897707,-0.05855259438629462,0.2629672405321151,0.2772106743873697,0.04821402095654501,-0.01756288449475921,-0.051575610594286225,-0.18946856926877859,0.009323314099307617,-0.06009586817259644,0.08869117108061624,-0.0736128737705146,-0.09622328811240725,-0.12959179438371737,0.22489676817741078,-0.18922389437667905,0.0746214031605551,0.0914781741416352,0.3066710150517406,-0.044793662568374346,-0.1424701586690087,0.13217313424935326,0.022578000781869608,0.10841841921429393,-0.01970844236722883,-0.08229386887720389,-0.04268817282628771,-0.3308902031177809,-0.08369600351628656,0.004716737454571256,0.06562930228654563,-0.28531453805909207,0.03069569499907131,-0.04469261887743398,-0.10167276690713486,0.06406519862386074,-0.05457086283756728,-0.11906771390690515,0.19955067147828373
2002-01-28,-0.044943827295245424,0.31608455109388073,-0.036026500246317594,0.44437922273308794,0.3461832468212886,-0.23572100236291096,-0.20132947078668678,0.4318928043730466,0.06449808140479762,-0.26474801617551175,0.3601467356953801,0.012314106362121841,-0.09186527510091323,-0.02921422757720006,-0.20106922536459793,-0.47450047346589935,0.3524078172177845,-0.008262081809424443,0.22269869918037422,0.13694218989173412,-0.1532637766869312,-0.1953565093513089,-0.01754516914377796,0.02484723376205608,-0.027480893922523286,0.11933813324176193,-0.1217018780293324,-0.07721256908340447,0.054342178085941995,0.18864344436479355,0.23763791936548975,0.012023239766323142,-0.10738149864548072,0.19217966553170657,0.08656408879710993,0.01752955569000687,-0.16352743411860413,0.0809159800511628,0.027769905757092223,0.054954459089514844,0.00561851968081961,0.3252213065999826,0.18940782515620322,-0.21566008529260589,-0.03956917795891621,-0.22628357804052068,0.03495622125357556,-0.12583791229281627,-0.004989129635977644,0.13312509258739996,0.15668491054872857,-0.23363186551212156,-0.18193446080791695,0.11463162235217397,-0.06182690883740661,0.19313136216777682,0.05326480654899338,-0.08734327279495586,-0.048266482697561626,0.11673601570789309,0.27910622012416886,-0.07494298967947137,-0.11058888982582721,-0.03773899236768592,0.0941333981451929,0.007502818004395812,-0.0016170221014401216,0.2315696318573731,-0.1174633089007883,0.028722503626563832,-0.32523152689977647,0.07374518008611716,0.09540315460813324,-0.1063821073894346,-0.0012452427186546086,0.1780385395944154,-0.3042780246265854,0.07246060064612583,0.0014700049905466146,0.1684254588324442,-0.08345471264132838,-0.16959323152722372,0.2289942890179929,-0.005649099387802792,-0.10683017363837231,-0.02164697333623537,-0.027945376692290528,-0.2121307186168505,-0.2645052471600499,0.06154262971657977,0.06021623625166051,0.015360356233219578,-0.4947856543643812,-0.046169672115238584,-0.05752562960742018,-0.06981762117126906,0.09805495491749666,-0.09230380821036317,-0.015059072697073423,0.2771671858407626
2002-01-29,-0.012545416830683049,0.22049682835866588,-0.02674219314747467,0.3629700377409525,0.15965992640695442,-0.055421428186091304,-0.1933939381391274,0.09321846340472274,-0.01289016670226498,-0.0884635902381084,0.13468323338732865,-0.07953917327029228,-0.09475394178153501,-0.08416157643066523,-0.04817069973292045,-0.06828833944761913,0.20818877347631778,-0.0641620926135633,0.034830325977617115,-0.1155156643345277,-0.278481022236245,-0.2207200771155692,-0.016985852856397855,0.15796026660181114,-0.011453363270807015,0.027643586153276913,-0.1261931231064952,-0.1252668673657739,0.026981766422437718,0.26524872057779253,0.1274928896910574,0.02726477392936246,-0.005080407596174083,0.10962615739542289,0.07273146009571128,-0.032599735717527695,-0.07210223747187225,0.07083874608973775,0.11429186623739888,0.05502501613999288,-0.040008059430683814,0.2516525571403911,0.10861864500066054,-0.26588587634014826,-0.07984580716599939,-0.13744112925753005,0.09209139462013091,0.07835012421929421,0.013041560840299967,0.004067094174452528,0.07273529632301862,-0.18704911002848068,-0.13486683707237432,0.016120242679389215,-0.04320808996837668,0.2164424926806104,-0.04677314533110602,-0.20770941484576413,-0.09337276380201318,0.05360710841811688,0.19250984173959862,0.035298562479299245,0.024736249199396897,-0.042466421557437524,0.10075355264421265,-0.12345686278659913,0.05071976650755855,0.21048499088060432,-0.10881795148146753,0.07023793164939235,-0.2647838641504138,0.049980855976374125,0.2777220441932811,-0.10638211219383392,-0.15417368320190092,0.15070334422498807,-0.046475400639181375,-0.0023080180734516335,0.06318983915995464,0.19865855473650015,-0.2448096944054609,-0.1585806285221249,0.07860694831218691,0.041939457165988916,-0.029739934976219597,0.0029633914659213533,0.02623546502927242,-0.17257108822370792,-0.17571188633908089,0.2162825166669648,0.022908686847335602,-0.030981381296364525,-0.3230474248674557,0.01814757584864786,0.0609182444109438,-0.113833725516351,0.07337750217573508,0.1295386220803575,-0.0021670691407178143,0.0074624509714371345
2002-01-30,0.1479009924582356,-0.020587021650306656,-0.041259319682286584,0.2671651067237509,0.24824410575658257,0.009800223944959894,-0.03202604285027591,0.09235337411654646,-0.08065379858831219,-0.0884635982730233,0.030001065567799527,-0.0770143543452988,-0.1762687235421871,-0.16484233794803196,0.20766239968691796,0.1657007378329983,0.027849799824574938,-0.15583823934592855,-0.01287485083089078,0.26700616100379526,-0.4561004709112822,-0.24727880591030166,-0.008620143944764153,0.08384025108313686,-0.08116097033405724,0.0926081570818011,-0.18409510512997496,-0.06275127760205007,-0.02072780199783259,0.24417382693780532,0.17355010665501314,0.06678074860705412,0.05809133666060708,0.10352386680230409,0.014886698009696981,-0.031228774480940916,0.03102602713166184,-0.04728109152902594,0.11429186300186171,-0.04510386013113501,-0.21897565733366703,0.22696193096666084,0.42634930492875006,-0.22672669497863257,-0.04993007911540704,-0.14390928647260245,-0.002055988366297139,-0.046644194503211694,0.1682724588766422,0.16963173090868144,0.14853337259388866,-0.10663348608287658,-0.06842642783792682,0.11031157392408661,-0.0019804863138857525,0.09842266090179835,-0.12825190041712314,-0.1510639824758933,-0.14698643999031094,-0.004604114023842182,-0.40754450645603213,0.021342652261290992,-0.02513677059699903,-0.21758506793221452,0.4829840216996207,-0.2928307004641385,0.050719753172155,-0.15086113962800038,0.25270996930535783,0.0328612236421046,-0.3515313128668806,0.16507653814159348,0.10775291128824013,-0.19479267948616308,-0.048166477313694264,0.11737668882814951,-0.1911724222381231,0.11755556525955385,0.13415558941922845,0.2304433159255557,-0.09016038865803545,-0.3071168961224762,0.25536155331193033,0.26027938308322274,-0.06921369064883641,-0.10400883094522957,0.10434057622920341,-0.22576735853809715,-0.2643761979491139,0.013093501894115957,-0.01596400555951793,0.1552420246193132,-0.34867001827269034,-0.030934491932889278,0.10563550088192933,-0.11812862242757717,0.19131712999076872,0.18419610631338043,0.07000665800819357,-0.2667027472747957
2002-01-31,0.06764934454480447,0.05404582488124198,-0.05069732828525817,0.04255397714524799,0.0828151443563551,-0.005943855206454741,-0.19397456391235413,0.38043426451287293,-0.11525356634000303,-0.25320559609079973,0.03227944926110732,-0.1766657845372884,-0.07325577328361377,-0.27012096243902584,0.24259558203448336,-0.1294723211594481,-0.16749508753449605,0.09079673313369171,-0.2201631582008463,0.7262150155579314,-0.43622649089864124,-0.08946787015239632,0.004960904004385451,-0.06103353749353944,0.019174621477119642,0.16333440994219509,-0.1513076280559122,0.054720512277924196,0.13512582270310394,0.2146546175418983,-0.11416049760199729,0.07250681894515512,0.023925951117242713,0.34693979319440504,0.06083189170635737,-0.05039494976122327,-0.054410085382237454,-0.1478007067287575,0.12239598876087236,0.2174807827270982,-0.18740967512758436,0.14133373737154348,0.16159219192196184,-0.28981442503558186,0.03045949806067006,-0.15899586836482904,0.06700304055502625,0.07260121775303433,0.16537294948061124,0.010010154535573083,0.15318919169835,-0.26778807708081803,-0.0023409643095473396,0.07379697518214383,-0.0369588985813052,0.19815581100628657,-0.20071991701042893,-0.05795578472558555,-0.02396887922627826,-0.03350151441673207,-0.29337229226387684,-0.02727811829603559,0.057661658283456305,-0.08190659762447851,0.15602940853702482,-0.2251474535519822,0.18084956088488052,-0.25673907886586267,0.29744434785056817,0.06434472729012525,-0.029537017555491308,0.24488599455803653,-0.09007515490448033,-0.003202455535861417,-0.03067513236321635,0.1777901758205779,-0.23021207841671545,0.006897281087074189,0.03588890692776603,0.20433311964866233,-0.055355612908020956,-0.3932634100625533,0.1529392968041313,0.14440239095630805,-0.051980855642579635,-0.26613572003667163,0.28819186063420604,-0.05657430988139043,-0.33442729439515995,0.013776091309396736,0.04642378076978331,0.07903866434755402,-0.3762463921503389,0.04353207249744809,-0.09027116320049092,0.0057171419087324446,0.191277320590896,0.17619783473146264,0.08100943543883349,-0.21803877810490657
2002-02-01,0.004341583311435131,0.1058155769694154,-0.021524787174144307,0.14674688003526387,0.12974756648526523,0.09979985785832603,-0.1676972068109242,0.30238995220728165,-0.17019771407994863,-0.1866991393537608,-0.033969584138673216,-0.09579536918505703,-0.018389495201495097,-0.25441244491136317,0.17501285085568102,0.27407222305130674,-0.11686270316269645,0.2666674057504795,-0.05234476263512593,0.4659109906699581,-0.15578957757030557,-0.04801453820895245,0.07016342028214721,-0.2799893169931073,0.025982128950111833,0.28935131748443493,-0.1406851225818376,0.0478196490503531,0.019690929947139085,0.04312378623152999,-0.1203867921079654,0.0918432637007802,-0.1413950945332425,0.3317346331488381,0.007069752290278178,-0.18467616636732664,-0.012342145402091113,-0.019230551870411196,-0.05469910621473961,-0.045480360939215536,-0.21706748592956893,0.03709366001823694,0.17761429197770004,-0.18899385134131055,-0.16097929120600274,-0.20030261533296542,0.018394078229602165,0.09608192553552167,0.20851321732453007,-0.04852648751529179,0.10428323738417701,-0.1730971556475046,-0.1161634241998039,0.035416195994677206,-0.04210137575323786,-0.050598545327458895,-0.12090842454687795,0.04453349391720809,0.20316744924893387,-0.10312899734089619,-0.04542152219986063,-0.006869078125930455,0.062069032205354376,0.15592245233097624,0.1521919145710019,-0.2351374250022255,0.06719313118781627,-0.03308666835925313,0.006128256105484714,0.09553820496895317,0.04561247887119091,0.1017719478812931,-0.1935585042825354,0.12794642946500748,0.052880634548494856,0.10436092909697943,-0.11058933198186693,-0.09202236209758136,0.022383309560425727,0.09196925636765806,-0.1577899265051032,-0.3050571501525894,0.1875404206335012,0.061818290069810974,-0.05113497457882237,-0.13664003944074202,0.09822598289747901,-0.04096035796990491,-0.1523220276879133,0.04449443192522463,0.07428767507268731,-0.021584109888505773,-0.20536379815710226,-0.160986906212014,-0.08435768404339249,0.07619323400537371,0.22790560664939588,0.05074277724388143,0.11374799257351823,-0.007624077129536233
2002-02-04,0.07463571045354292,-0.0053640071955462386,-0.05703214129776609,0.3712281650463019,0.0725674354848064,-0.008423224692415326,0.03298215809045168,-0.6275862600323715,-0.18043899998217716,-0.036894174080746,0.09211864976845159,0.043769279762203114,-0.06224080643700442,-0.0005932876072999446,0.05042334390340762,0.9262227707216572,-0.03707097005205106,0.023698265549209018,0.16060835981180346,0.07219959967231065,-0.12102949414394078,-0.11703799304725764,0.1506059597912298,-0.36590594638006113,-0.16355808206839367,0.3717729727659441,-0.08081257089514349,-0.1898261392461326,-0.08228927797335796,-0.0010452745574669566,0.050508588320678595,0.05080624072855746,-0.17894655730747494,0.18306605159906864,-0.17162637360620706,-0.21379964678505112,0.06993271282072011,-0.014855134217620223,0.20451030244522408,-0.19710244942299626,-0.08324929318606207,0.0063136866879652765,0.35095716472843996,-0.06997941650529688,-0.1827533607998828,-0.10247329191989725,0.2479328210102236,-0.272145556797701,0.1955020317285005,0.17358403909605852,0.08152660375591715,-0.01835457927594119,-0.0968477725187608,0.0478839345180621,-0.03843358156491425,-0.17615591744018524,-0.017365296860769538,-0.11568493462580116,-0.010333654184571881,0.23096142543991988,0.02492961166080685,-0.14849824666222577,0.02130648370680558,-0.3984796448320412,0.20869705334882907,-0.08986303869042275,-0.07207614441414277,0.01828328136814693,0.09810028354019797,0.003098576575769326,0.053376578913479876,0.06384357345369973,0.02141338325825788,-0.16697644662447858,0.1459651855404141,-0.13869415995046205,-0.12107328212251432,-0.0519426788669167,-0.0712774354769255,-0.007156503557104119,-0.12709753783625463,0.0018213224776742734,0.20739530307510848,0.012187673761854097,-0.0028801360912280175,-0.30138566817869256,-0.06299562394562518,0.009121439900141198,-0.00048234798004384555,0.08846308907713576,0.041523891184252905,0.004602785047542817,-0.13585374005421108,-0.14163046064105692,-0.05299206985433011,-0.1092322899520885,0.7295739870315909,-0.04285256578385054,0.09917206919676447,-0.07931784805360041
2002-02-05,-0.10439103059172655,-0.07733609187305567,-0.04143634423789117,0.3496538874072992,0.17268527394455416,0.03322612331544844,-0.16529147108170134,-0.5462364423141548,-0.33299608367981814,0.19885515191213757,0.16800959004277466,0.008237191322386398,-0.08377232027126193,0.008704283654317975,0.14264079218855066,0.6720054944968888,-0.07377992664742981,0.00770637710837151,0.06217844482349836,0.21305711416315823,-0.07673457824883985,-0.11703799311015076,0.12296717397835985,-0.19731627836650378,-0.27993270067732967,0.15264130877139281,-0.07196297470032852,-0.10434478088837222,-0.007420284025468334,0.2219309408211049,-0.0681772925999361,0.15462282369590144,-0.1579144145565343,0.06253966795780844,-0.16946990391459568,-0.02711031855883684,0.06993270292720005,-0.010854038984667577,0.07016541052292699,-0.06309183491440533,-0.06708561105415432,-0.13559280106857416,0.15622592548570008,-0.0235388483273198,-0.18861731987461763,-0.022112956706648163,0.09214654388147005,-0.08038603231354531,0.1494090894283298,0.10074711539120218,0.10712661909731433,-0.03954492588224958,-0.11918588680479657,-0.12771323317392122,-0.003848059213600053,-0.17615592743636999,-0.012830168201390801,0.09826520043381622,0.05660400258946081,0.003868366401263812,-0.08826529702021922,-0.12434372780259054,0.0701613492835403,-0.009831465678083467,0.06412565682709787,-0.14733300112942643,-0.00479540278215476,-0.08768115551217322,0.36203274290809606,0.09057444242424904,0.07510950909173943,0.1299898354486249,-0.16639319168027203,-0.2501263486425845,0.04253225831400024,-0.04083990150640572,-0.03174740172913565,0.064702526276154,-0.017674859123436443,0.05316622463590849,-0.028995858119351063,-0.10229701875098499,0.21255715188006044,0.006856410863788554,-0.1727574464955164,-0.3117801462527422,0.006232003003529798,0.12784226996504497,-0.17616137537110793,0.012434169777765947,0.19125174302785064,0.007332447901456658,-0.05969446068991202,0.016094134919678902,-0.1706234580045107,0.03054882026852588,0.4678361850965647,-0.08514967842443107,0.09426578513955612,-0.07175138132803857
2002-02-06,-0.10910091438792695,-0.18539218644838487,-0.01794613668444355,0.5193338347876608,0.18671758150594991,-0.11188124261609642,-0.11211402485529821,-0.700469807931949,-0.2460435515879432,0.19598732178383144,0.08185806833841451,-0.058800100900831036,-0.13782517633409452,-0.03936375514927777,0.15754991163547635,0.8021346813705208,0.03481040835713875,0.006944602140112909,0.0810526937112661,0.13028652366657714,-0.09248098569780026,-0.17615325696991774,-0.028209770958406877,-0.20467993897323797,0.046139178638374176,-0.11764447492473488,-0.08755853432905567,0.021809537839489284,-0.03098930485556367,0.3685168350301666,-0.18748640222541868,0.12677051314414223,0.04316506945851839,0.025856464413117237,-0.19040567627737812,-0.15721711713047498,-0.05284474314003396,0.025302826378580695,0.026759797600953945,-0.06001698415638416,-0.03917686671583045,0.1369487910122362,0.37026721232176485,0.17080674455062567,-0.10332636590042162,0.20031203706097295,-0.14657249589542326,-0.02888481062817664,0.1497944145010003,-0.13193440898384876,0.12083546756442512,-0.13756544374068866,-0.06502211002589575,-0.1191256364579826,0.04898143359068672,-0.06660564927916851,-0.12261721514697867,0.18037695056684755,0.2765948469917358,-0.18238172776841285,-0.20581926406063225,-0.08885894447705715,0.08448548304705124,-0.02705678797489081,-0.05873276881136504,-0.15527283677543818,0.10467326321391393,-0.09127138377329297,0.12997196956322063,0.08282578127915187,0.06182701791734468,0.11955253663172181,-0.2006246744395891,-0.1826086830401017,0.16302228855837592,-0.04514053375284868,-0.2018820152932965,0.0987525100343507,-0.051797242381547724,-0.07258815976206037,0.1126946660851093,-0.2609498800274426,0.06704298315977687,-0.06731679842652728,-0.2107250810610294,-0.015799629534117825,0.148013670393105,0.2418556575557781,-0.32853040483561935,-0.004979404281616611,0.12105999692508253,0.1151102473079122,0.10130937993498042,-0.1425765303292551,-0.17146746673732058,-0.014405831049751669,0.1069840518167888,0.074951669798537,0.1254089342142727,-0.03025346578252109
2002-02-07,-0.0710146158975848,0.08975116289596992,-0.038297648834016464,0.20439230791455495,-0.0038221146998858695,-0.17532226136186677,-0.11211403809385612,-0.17555920551464657,-0.15356265011982817,-0.17076435922479744,0.16114028006676864,-0.2384566076858911,0.05479143733104472,0.13679641676470672,0.26344076644859954,0.1992630463021299,-0.027999591860241608,-0.18645843250475377,-0.11287016687234588,0.1214623823045291,-0.1363886662925345,-0.006416807935193793,-0.01992107988028837,0.15141784402379008,-0.029879751759933338,0.2005623246496376,-0.1687596270060545,0.0485590242298049,0.08649860214957003,0.3685168208432143,-0.23461015290660034,0.033348948753086825,-0.06967720234507754,0.15075134144750735,-0.02051061011934424,-0.22875123507574255,-0.0020480619987665984,-0.08603693446529154,0.0786645843277972,0.07228404933601595,0.07689785291335391,0.07225738909430916,0.19898587064993978,0.037294805800370964,-0.24373347469514553,0.11890090106655318,0.2020783506123611,-0.06213018841710529,0.01380565364062092,-0.444000816253843,0.09508195094626087,-0.14491394962763474,-0.025002168054447365,0.007128603900096449,0.02924609256568309,0.0882358114153798,0.12291560502186175,0.07256212754968838,0.13748801813502065,-0.05613469135877425,-0.1454657815633166,-0.062169160802709456,0.008197264359576278,-0.024186791526206407,-0.11055315111953025,0.02081204292794033,0.08051156982060896,-0.2112216555153127,0.3020806870184733,0.08200095262822704,-0.06170652266171675,0.3032141254366398,-0.30200843960882023,-0.19137539818674237,0.06775963742544454,0.12035908438085584,-0.03541298885703143,-0.012051565848367625,-0.18130391989197775,0.07284128103850153,-0.06577987494313613,-0.17146570764300395,0.08956631571780307,-0.36962655290048224,-0.1335713191096764,0.009110317427014916,0.26130569828617844,-0.0018212030779987168,-0.2419292198307077,0.05813827717076691,0.04720292217150296,0.15245353313513324,-0.037536467517728773,-0.06866011651875815,0.06011558848021965,-0.004684831598881344,0.11845122288201254,-0.03241622575078317,-0.10940373322789815,0.10013387184369346
2002-02-08,-0.1881940667408352,0.07468691621580614,-0.04369386129432676,0.06010156926584753,-0.08474474563992733,-0.15876260008928123,-0.15511502366835436,-0.21237925793582166,-0.2873915737159306,-0.04121548332961663,0.15900110426430616,-0.1350788357720934,-0.10404939254682265,0.13061275699972477,0.1950120214107646,0.014973049220580575,-0.05452718027701877,-0.16813985878334817,0.05997968846170186,0.2699607931209143,-0.01636166377199673,0.05808631109095824,0.06201805049739091,0.0914583678577741,-0.037908558061270116,-0.13491145581155628,-0.11287029981392273,-0.006217872706967241,-0.03892708691187637,0.1543127628747369,-0.12881307012182383,0.015696036998035984,-0.06973630449755447,0.1792831998478761,-0.004795384966482043,-0.18437454566625633,-0.080500036890289,-0.08701158235269155,-0.0002153775587788215,0.1368148799966731,-0.034043247148745306,0.24165195887060928,-0.0015227400077528568,-0.07618681376368606,-0.29808868522486276,0.15040098529979595,0.2371000360766749,-0.09215527668309142,0.035076844775085006,-0.17978338175230857,0.023194552568648934,0.015055821921052613,0.11248167059695684,0.003561541362048433,0.010762671352247385,0.14085615506779445,0.11576724367006884,0.0014966509727208557,0.10480827464269568,-0.06462682573082068,0.025750207576104144,-0.10235275659549511,0.00819725814937337,-0.21237298255585296,-0.09817929456524425,0.10010255624281612,0.4335397664064032,-0.20028892433693313,0.31874601444495837,0.06371520055079517,-0.10666064733091532,0.19847580772243165,-0.36973712386460167,-0.10896258550983917,0.05390974465769333,0.13829298864585285,-0.0892340418897029,0.03444267849412121,-0.10245731724022636,0.17312797289557652,-0.007422448857515491,-0.29515923070771516,0.07786276302252297,-0.3530287437546485,0.01837667215752961,-0.07714502067188,0.27587482286861476,0.010922855827574462,-0.23568077402426763,0.09572909822062793,-0.003126856175909103,0.11525664716680643,-0.07589517905205531,0.008629468462325967,0.06410577406837882,-0.14116471752221682,0.15475324339938648,-0.09903023494423625,-0.057740028288224096,0.37065576053634763
2002-02-11,-0.07512730414743574,0.057962383459523745,-0.077078825325478,0.15452283771575137,-0.12378035776283161,-0.2233643638199441,-0.15042831410830157,0.48153899074301293,-0.286545857892701,-0.15010124929329283,-0.08927864701532275,0.012346697524517157,-0.3855111538365297,0.028552299607383307,0.19627558330859035,-0.4819441728862236,-0.13235325667785205,-0.1251770846476597,0.028414235405354267,0.4630900163527328,0.17699988358174937,0.05565396163511957,0.1419926487575106,0.13556244394295794,-0.1316967502835607,-0.19434769745071268,0.041158325791456216,-0.019709343947209162,0.11037294634171296,-0.011938874250696738,-0.022008521673842544,0.08919947430650639,-0.02024493950986934,0.06633039497930844,0.052811629824174824,-0.09231081082352754,0.2117180555535051,-0.002237200185862106,0.1058535059757515,-0.12346673627040111,-0.1823099713381687,0.21424093952739762,0.09398168935280125,-0.09967549330581038,-0.30828798507541205,-0.012970080846278377,0.12188580902798228,-0.0461169847299998,0.052118880831302,-0.11359558295438603,0.003155633670776195,0.1351316360474581,0.1426134921203863,-0.002088987945459408,0.020231753236164867,-0.08491878656479568,0.09325266152250193,0.0787915883171796,0.23578371856542663,-0.13658933111769717,-0.13201805659891486,-0.08340832141550363,0.15941800612894658,-0.24074348960586817,-0.062377816317340296,0.09026089766201337,0.37145395385458374,-0.20028892885614002,-0.048249488871257455,-0.08404723038216343,0.0535709470932075,0.097393570023452,-0.4601659857752505,-0.09996842999301174,-0.07461473168405477,-0.10525492669626133,-0.04468255949983987,0.04086273579905847,-0.11759012851930208,0.15184709782879147,0.08747190092888948,-0.16062256590110943,0.2905786372610808,-0.2566732897439682,0.12155790799619955,-0.019085027819604635,-0.029669494314056084,0.17397737487988588,-0.005261970746105711,0.0352616037159897,0.0386622553378598,0.05004348382199385,-0.09642641731133038,0.2590991660465607,-0.022570577684736373,-0.05369873299089195,0.34049771585359484,-0.08273901300525446,-0.040769161276476625,0.33261166524609054
2002-02-12,-0.13405792739768294,0.11783645426941283,-0.08621992546845893,0.2090146296111715,0.041803418010867135,-0.14057002083176276,-0.026999388562651223,0.003325528501505092,-0.23485787672470798,0.006332794446946428,-0.0057203685983593985,0.11564533962384545,-0.22776337521027284,0.12381867772690311,0.05013937680179276,-0.10042864251940986,-0.15627197559413541,-0.05583642175266318,0.04851656857346896,0.3001611996683182,-0.01648225262141644,0.09835047861046937,0.08277537518558797,0.1655347397191539,-0.21964748083592217,-0.14359791333936786,0.06529453379873709,-0.09577645655749781,-0.0871810950282733,-0.04853062394299305,0.04295544085545406,0.025614810006950955,0.03192263024491872,-0.12770278311233865,0.03911010784201114,0.01126370739846725,0.30359172605854173,-0.05583700104551717,0.25154407684406127,-0.036605869911127936,-0.0856845272475153,0.09300911476887251,-0.03222724846015856,-0.2058574786000505,-0.048741824965636914,0.05342000405338476,0.30074560954114804,-0.15809252585577543,-0.05303587456174615,-0.10554694667959637,-0.03001386835249728,0.12123677730353187,0.09554718389120775,0.03759980253527466,0.014138208540760361,0.02840624245571464,0.07264934089803544,0.02702197842417983,0.12766992579435268,0.06959041639352301,-0.06470586288251814,-0.07190859160044837,0.03614179107800974,-0.36577051184771686,0.13473868906782513,0.07347208397375171,0.36745024318190905,-0.0757049226556555,-0.0003464266157300934,-0.10557127057819485,0.16056371487853155,-0.05115650044776132,-0.23875229215082774,-0.09627947638079044,-0.15556762607621313,-0.11097919637866507,-0.012062774174921916,-0.04728075970571731,-0.19001360366213818,-0.027291598947684615,0.1427659755730331,-0.12937954868173202,0.1408882706653061,-0.17387002474070473,0.12382853062579066,-0.23987222562837252,-0.10118294463352373,-0.004351473432070142,-0.09133013566805194,-0.021958433367819562,0.13800912607571142,-0.16748716484301687,-0.1058186345018933,0.40140655703218847,-0.03356863493124294,-0.01622309219816425,0.4257550255935487,-0.045337679226216634,0.059112039435511854,0.15873852022179008
2002-02-13,-0.11247807206772406,0.1808328108382085,-0.08296653241345758,0.23545550821904357,-0.0635984115896416,-0.17014801374655777,-0.026999395804135726,0.11236368907457732,-0.24374520008166595,-0.2059922813572419,-0.07951759479487802,-0.02202408727135332,-0.18194697601795026,0.1359956770627955,0.1853534418158958,-0.08795128938671408,0.04832087017569752,-0.004804910867828214,-0.04832002711170033,0.23768482265878021,0.052414027141073495,0.08500073781382242,0.07920579253581238,0.17650794565368555,-0.2996097453337008,-0.07218760966526017,0.00044822951036009443,-0.09577646638549416,0.08221852580127648,0.012125584547471497,0.054707620410765836,-0.05202943674518763,-0.02334317166105484,-0.127702794096711,-0.04499125126680094,0.06478367909043939,0.19849542105046156,-0.0665025909283127,0.1085665797377187,-0.07043973271490299,-0.1230476163312698,0.0017000919914971666,-0.21406441340061733,-0.05371412155364596,-0.031025058960742567,-0.037946699069256275,0.28212246655609485,0.003945852228766638,-0.019849168557118376,-0.12585070821464245,-0.06106522128675255,0.11669448226359903,-0.044698236241545834,-0.04388196737869086,0.03603831000533399,0.004588776618013721,0.08816519273299754,-0.13359063095876103,0.12215499790455116,0.10625008177028916,0.010892181045163355,-0.1388762200792605,0.09462875620334438,-0.35940839827903676,0.0998014103572515,0.035851064092804995,0.20908168293970333,0.14074067752494532,0.05075520371924179,-0.05404135779844334,0.09578191372884795,-0.01847099910550807,-0.006277665477811942,0.08504088255509584,-0.13655078182501426,-0.026473906099492184,0.07342269060924818,0.047869965350451835,-0.11341759599194716,-0.027291607659930644,-0.01539769887259062,-0.15150477730532078,0.20857359885577098,-0.09528246910917666,0.11600209567977195,-0.05340125515119507,0.08884025216719214,-0.09288609794846912,-0.06777028965701976,-0.14458450061856623,0.11609718704268031,-0.1063598282238751,-0.16236433569183406,0.2757027544041445,-0.07972139284230574,0.03310049985614188,0.44155220507892834,-0.1749178126267243,0.09175756980833073,0.06810954498635156
2002-02-14,-0.07219949155905724,0.09741854028605064,-0.07212290883592369,0.4726359200215803,-0.07111973982964806,0.019343603131177212,-0.11472336888450804,0.16731144467581394,0.04541617055966255,-0.08122025327028429,-0.12481636656010997,0.06777946369207144,-0.11107893896231512,0.27879394411302455,0.07617889062100985,-0.03947041306440978,0.11255437266316357,-0.008191147025262639,0.031461502895173604,0.01409013503568449,-0.162390961467232,0.10958399606744906,0.07472525188310139,-0.12858917474152598,-0.24911487831538517,0.11559446924768266,0.0984045250221216,-0.09110678957876069,0.09873898752289491,-0.14982807383465133,0.08767035566792114,-0.07308827719402074,-0.029636381430599566,0.01593886040161138,-0.1490503262408227,0.055528933523587495,0.1320599674816943,-0.07004826326020244,0.14809126362280317,0.07280105700718656,-0.09563258738333286,-0.13225593902615762,-0.018346576491587826,-0.108714366536916,-0.06758889630395365,-0.07149939254355148,0.021064515285310503,-0.013123221924793767,0.05572172986842656,-0.10775311113212115,-0.04893928958876392,0.06840009184778405,-0.04415946211582441,0.07297529367544327,0.04666745071274226,0.04187235076368569,0.11158161484617356,-0.04006987286592901,0.12225566819720217,-0.018265169620822773,-0.01686983693013057,-0.052265460458131976,0.0020860515668034017,-0.31020914293413815,0.24912215838384985,0.1339468099484592,0.14693153796974714,0.0682473543116386,-0.03269946121385422,-0.06952052913249177,0.08127178161210787,-0.07400468773670704,0.095931021679504,0.1488840654420518,-0.26303036533783525,-0.08523469993382073,0.009580659372990212,-0.12059623555010324,-0.05009271433689127,0.005407866214921479,-0.02354715063925604,-0.2333915111928117,0.1391536549913809,-0.24290976881886372,-0.07500125395861515,0.03883842211792579,0.024808258186996966,-0.30043021663663205,0.24164829102962387,-0.04500418124176723,0.14862472817387373,-0.11658589773668256,-0.1626650092306524,-0.08174791032123954,0.028073331468036783,0.037531326134691956,0.5589891019234016,-0.06615649249165886,0.032943756810812276,0.07855962798171623
2002-02-15,-0.055223571133518556,0.11345478926672961,-0.06938880938197729,0.40350384041167275,0.10089690526543985,0.052488355035007234,-0.1450952422309682,0.38301486409167634,0.039059396295505575,-0.16483982195964306,-0.10754739350798402,0.1652742638166386,-0.15462687568127517,0.0786248697940395,0.004386899374966266,-0.274227427139646,0.06000260243221495,-0.1870782273646215,0.16285479184539492,0.17038554924777677,0.21697045488619393,-0.0409595045760669,0.061682068756396986,-0.06163511698485434,-0.059466823226934154,0.09274524836853042,0.08648633991125612,-0.0709470524583808,-0.17894655038743765,-0.08554220110176868,0.11509754336617835,0.025547123888077353,0.053749976419638135,0.07675067262328959,-0.1711761862842913,0.030184147716467023,-0.09936190362914192,0.051722265291498176,0.10194631238273873,0.13198525162107827,-0.13113381376388125,-0.08248782184516167,-0.03911835683702743,-0.2417337233448231,-0.043484879046575636,-0.055001952768942326,-0.03963901462431671,-0.16748629637687182,0.09550001554835212,0.06794127845523025,0.02436874059088634,0.023314545036074438,-0.09085147311661657,0.006834799930984794,0.01379636614694683,-0.016463575985373312,-0.02793917568300612,-0.06258117127140908,0.08672622430064074,0.028324878792478036,-0.013960921206458815,0.04683795926343147,-0.01511510540563473,-0.3278529118618239,0.23911725261701677,0.005464159135380199,0.07296088593128049,0.06321159078387532,0.0302108726173207,-0.053153190757924455,0.06777292851769359,0.005711242524678221,-0.08449400893216111,0.044628148957054116,-0.14262232412299486,-0.11947778564960011,-0.009083516995103348,-0.09375133770052806,-0.06523270752177932,0.11895466991917698,0.07998416455928295,-0.03294295703199277,0.09660299774329378,-0.16974635034253618,-0.016318262037885188,0.09535678054847746,-0.16726300892890497,-0.20766745817926718,-0.0011988482497520114,-0.015110800107393832,0.15615111814847868,-0.1343364828509477,-0.10041746548400454,0.06269283818242882,0.06343736179407955,0.08132921479866488,0.3507548831011674,0.01747261318860897,0.07251146518366172,-0.024631512959593403
2002-02-19,-0.07732770332514789,0.016952393076673487,-0.044052251774570055,0.21184992386678553,0.16711074885633093,-0.10950344410519652,-0.0004992460081660923,-0.10642866074440223,-0.07338943060710881,-0.2263186792427217,-0.03508459996850498,0.1424590155617329,-0.12104208818026078,0.0782757545127663,-0.12242306910063373,0.226520289878697,0.08450380696827724,-0.12453604119140671,0.032802167696007634,0.06349284721617246,0.24853262595430553,-0.04095956215364448,0.033228588242697275,-0.06163511967478408,0.025466389559018685,0.046908248780775555,0.12323265052922809,-0.033327005401903816,-0.03255274208534164,-0.0565584392911258,0.17788799847820258,0.0658566812938494,0.05029221291332963,0.05248604298942649,-0.1829201795804837,0.06645342517273424,-0.20924513985024518,-0.07380224566016667,0.12074231103492737,0.0916567548088413,-0.036546384761131194,0.039239538100349296,0.08995876719810227,-0.19238238774950392,0.011822497231343924,-0.024524142289776188,-0.047470918036746815,-0.2789501519213539,0.1390745330165001,0.09583978672888022,0.06931208884376988,0.02396689075735311,-0.1491327872710829,0.021543782283968096,0.019634511235778463,-0.05120301423895907,0.09100793343129523,-0.043389449682096695,0.21572652108335091,-0.00444432924808293,-0.06043791769955073,0.1031821822059329,-0.015115107593466157,-0.09156564707822988,0.2667465812558847,-0.018927470842983903,0.08247043395717508,0.054274178852198006,-0.0859163962904533,0.016017743318917893,0.04626803899785662,0.08765044869550041,0.045088473487547215,0.1267853685646344,-0.07583096609702619,-0.18898128665435954,0.010490085402264631,-0.11848709562464632,0.0010461184011528837,0.16213827123418698,-0.14584389153619945,-0.07873730263820589,0.14160796598890305,-0.12529320121194096,-0.270750631853727,-0.1705167292939572,-0.06459567404502639,-0.1490394002249214,0.1192881135806966,0.0956726196343278,0.12844239376163188,-0.15041243580493335,-0.0894693816670071,0.04392496494482176,0.13277406358758642,0.051658857700906724,0.049819777224277766,0.049764102441565705,0.2461490845281188,-0.04483833270065484
2002-02-20,0.0787026119529944,0.06824992075132608,-0.08086465621832369,0.2015383293045059,0.040715284099423876,-0.148303492858866,-0.05709214726647955,-0.10642867386425038,-0.0523097847152053,-0.20197649030632686,0.041663064465612576,-0.013700811291573599,-0.06326621315379456,0.10488332353021387,-0.11708565585390114,0.17805423910078155,-0.18679786452872746,-0.03236665175044109,0.025051760273001763,0.16431654714731544,0.1491042455535917,-0.07281582004936363,-0.06220611597777517,-0.017665794225386885,-0.019031790750159636,0.22023045903012775,0.1673316619783081,-0.055368306951398744,-0.06526288300850983,-0.10436416790595063,0.2195183188842117,0.08851688174408402,0.09146196408907456,0.14170546477273405,-0.14169409240008188,0.27957392026722244,-0.24392562560871103,-0.09572039990779686,0.17486098989807242,-0.09145549684403152,0.04978470931085821,0.08068849718042813,0.06260635213262943,-0.29263983789679454,0.0392224243369685,0.021185339106073786,-0.08544886659961874,-0.1478094422207077,0.0812211506447811,0.06073368216656648,0.08625039645955822,-0.08699211546049619,-0.033987393805712696,0.028269296141697074,0.005282016198109678,0.14115553057954075,0.044314712651583814,-0.03110386511030796,0.06315759723648039,0.08186161040858204,0.050639777297565754,0.007469154332774821,-0.010155609317550664,-0.18082696522509947,0.11884250505580277,0.0037676496113663795,0.17611747016171653,0.26714437910048205,-0.07991309867376849,-0.05488832319134675,0.049611826583181924,-0.10888285204132757,0.04508846085558922,0.09085177135503529,-0.028028784848190123,-0.13859199721005827,-0.020526297014348747,-0.00800597025239379,-0.06206325963904628,-0.052541188100481064,-0.025164701421148294,-0.1381711563411245,0.14160795572019824,-0.22750103577542316,-0.3012778527428321,-0.3097070044615902,-0.010386433445665758,-0.011407560707580802,0.0333125412267949,0.09567261000976797,0.05279014184247871,-0.28827732950631546,0.04679871060264164,0.016317624538524346,-0.057281888554088035,0.05165885012735463,0.13298878200415876,-0.01127571008770232,0.2543291447307374,-0.06520194234415953
2002-02-21,0.09991669370511952,0.10548372334333053,-0.044317404159543224,0.23283005576121515,0.004224784669505494,-0.1537179764247966,-0.10140443153944921,-0.11334297763450894,-0.11713697301825489,-0.18825997297638972,0.07176629074501033,-0.040116578796707006,-0.2543699221557025,0.13014797304254686,-0.12132163895405261,0.17805423330008913,-0.17504072810242502,0.06432877138412801,-0.09752614671406919,0.17522721067085048,0.08121296657404575,-0.02776795308840398,0.012889335178035803,0.047002670575068684,0.2702618106213199,0.2091995833074138,0.04600090299972807,-0.02833180462815652,-0.0011348022376731803,-0.1480643882330343,-0.0071842515151753755,0.07382344767142275,-0.08440552446763214,0.22583205705160844,-0.1589902315567606,0.102469382431271,-0.31218684319709517,-0.11031636158298534,0.18454633822861963,0.0027503817316968503,0.13482857426973155,0.027436493364824788,0.005420768596381862,-0.11740290999437816,-0.23992230979931284,0.07734194965301477,0.017479111025567193,0.008296880083585796,0.07386102333610887,0.08216434662554518,0.16134609186042345,-0.0977882685246202,-0.06717336031214559,0.16794353446730234,0.017116389624211067,0.203080195722974,0.24264062275989365,-0.18458968410374813,0.12017957993185087,0.0019751899660108204,0.03679093264578029,-0.0303972159905892,-0.016899544892088978,0.11200457149486316,0.26931212031221613,-0.039625360118793584,0.1950707277438742,0.259824570463213,-0.039551381117375856,-0.054076868259417245,0.008966484375966123,-0.11018608493698838,0.11014994433331575,0.04111317315773783,-0.17278106502895801,-0.13470415762426832,0.11382888742651992,-0.16636202339030298,-0.1037832637990749,0.1419447708479632,-0.0076692090430692545,-0.2953855415712241,0.21368823862807548,-0.290821500033733,-0.2646450430896714,-0.1154150224131395,0.08019850918998238,-0.09865164475021282,-0.08220664716722352,0.0564828218546251,-0.017436713823271374,-0.32962677029754234,-0.022248785525075896,-0.099810613676826,-0.041607158546242466,0.12486087126160363,0.057707498380220254,-0.020016617154227534,0.016839261304931467,0.004871854421322699
2002-02-22,0.15634796400277312,-0.0038463791009402735,0.021706250772988066,0.15244385621552814,-0.0673724665659354,-0.0782942476303869,-0.057377771421130444,-0.3241320384692753,-0.09568776321314987,-0.19214238155867547,-0.11133155202586097,-0.16021556984249186,-0.23187893276200064,-0.027984638755003954,0.12151908130777413,0.465345730007877,-0.09980554339616063,0.25402118921937594,-0.1433061540436598,0.18610964308311437,0.10214374755684416,0.07106881618475244,0.11352413969221292,0.11824335370349232,0.09989297954198914,0.03991246956220256,-0.023528346613539676,-0.06726323178556541,0.019450298544458056,0.10079401610775358,0.07932205843024076,0.048708899467805815,-0.030841368435148273,0.2117052502789258,-0.07767173443997534,0.17729559959282912,-0.1886994106864579,-0.03524849644968987,0.13062004932190022,-0.11467212631670166,-0.04746416958978576,0.12605509665498327,0.1347407790551961,-0.34726264456051503,-0.06526013882429363,0.038139996231534606,0.01747910155450305,-0.06596537583866842,0.041738460649165476,0.06809099952086917,0.06316012430461206,-0.1504637387192736,-0.012764045621530188,0.06445385976712086,0.01743858699255508,0.1578150512159338,-0.1593156242562438,-0.27375926037026155,0.10925387175547985,0.013170761503949786,0.21606683829430987,-0.08436669441534934,-0.06820093896041467,-0.08150927722727622,0.18774947436648529,-0.08764691704464682,0.26660869107142227,0.24644003387727456,0.06221436853961193,-0.06423705031545862,-0.13196028684727185,0.0357978364932576,0.1105801512892263,0.12163357272381184,-0.07974034749755009,-0.010922751898946835,0.021797507110596682,-0.13295154971006626,-0.024624124784644163,0.04544565406565303,-0.19221884791107624,-0.24311736407342882,0.23413229897456653,-0.18709856473839628,-0.1401291819010964,-0.15535205165172952,0.015610035356271302,-0.0614750184589889,0.07102898372504433,0.11113384306648919,0.051421568526408785,-0.1115146115129364,-0.06295607551723795,-0.06403175720215787,-0.09477391089177943,0.04402454591035237,0.09289852010286864,-0.0009963582358583473,0.08248205023780876,-0.15691910048896676
2002-02-25,0.04935864449699766,-0.026554925244549464,-0.01214474087009405,0.16412491413175076,-0.07740392621876241,0.025403211924166398,-0.13105515876370274,-0.10613385700866859,-0.10277464036691576,-0.33706735016906375,-0.03316487900826267,-0.002365681668133235,-0.06401888527437029,0.003137833804669737,0.13557662186803426,-0.019066363432210957,-0.03600021348507813,0.05227691452954901,-0.21613573310428325,0.13828013887538101,0.10214374261135842,0.21344283002163097,0.07011209778519756,0.0753374686775563,-0.07254920608691433,0.2720393415147133,-0.07417576860984032,-0.0778064384167767,-0.04750035601161222,0.06750546263547495,0.10168836861454132,0.11889921765252823,0.106845885525839,0.21346643119560768,0.06598217767338718,0.10976386361726645,-0.21631343030820155,-0.012188762915650206,0.05587744316210428,0.08983890040198773,-0.15930970567106573,-0.10441085090777957,0.015694714570991055,-0.44482276082093547,-0.26475854099454027,0.07304947358913982,-0.20861195956323636,-0.19686487626032073,0.09608746354313633,0.025271797656810664,0.12399454028548526,-0.11873178034157383,-0.020863138234906795,-0.04375495458253778,-0.014734598289134518,0.12704295551801906,-0.019830098703563677,-0.1677025690853964,0.11274651747793824,0.0001042538944356764,0.23173448113185904,-0.05353686418822621,-0.025191303347077695,-0.08530129721265711,0.12017363709890345,-0.007313262901273115,0.1264592832154281,0.2464400251522073,0.22386347710306126,0.0027176741185867596,-0.09417347211566592,0.07539874330902836,0.06383199945650561,-0.06710981058631992,-0.01141273806609472,-0.11683473644739768,-0.09117253168682084,-0.09866909548819719,0.03383327015314487,0.1370935540982569,0.0874042352025527,-0.12319164302347599,0.24641892808878602,-0.11576903368232803,-0.02922467792922506,0.04000690359953583,-0.07520722427056166,0.017608369064652206,-0.07130545555614579,0.07261491325073798,0.03014415624764241,0.1955764923057681,-0.1330872291396889,0.05640624391464513,-0.015811949390231027,0.012148857875444155,0.02731241144096633,-0.01117707826639208,-0.14776418638849287,-0.19074348206149774
2002-02-26,-0.04796502597843167,0.12844607429483523,0.030443854178485653,0.39542850526386186,-0.20896968352894793,-0.038321623695734316,-0.21338672593592625,0.28300738190775265,-0.1992886442325792,-0.22369200193321015,0.17449378982786012,0.12039214630369313,-0.20023286146262576,-0.037709108000185496,-0.11849806235987953,-0.29412397739160173,-0.028512688375776765,0.11424529729123933,-0.07358857035543585,0.4409175669613731,0.2594442284997013,0.11538923415263715,0.08511249453268334,0.0333892398735432,-0.06323065824430278,0.2799299005744434,-0.13084547555971546,0.019728031288031033,0.14750992442355565,-0.12395670508042375,-0.01313740451790287,0.1592244419605856,0.07290575060052266,0.1793568521938684,0.13166989126389494,0.10976386314954374,-0.09452995415104976,0.055533798713925005,-0.027835847603398613,0.09094619802245323,-0.009744367926897741,0.15149104746524591,0.25143209844367087,-0.22408928327048777,-0.47571168814099773,-0.0014602761641485697,-0.23543335241758578,-0.06589575988466283,0.02940124910703174,0.007047917789209837,0.03433723806471641,-0.2478260826185505,0.07162642718670181,-0.24608218941614554,-0.027987369514041568,0.06823368075052796,-0.1107095464364787,-0.49706722578371526,-0.15136452440158718,0.1022978253050758,0.4199104956796394,-0.0507025028232537,0.028294214884433164,-0.2895432611552558,-0.08313802595211074,-0.11250485992336791,0.5329806065597952,0.09263691853298954,0.29074081691979364,0.007065845307028745,-0.17296849319360186,0.20625271720615465,-0.045347934932530184,-0.0804466793402415,-0.01669036813513104,0.006356512544082495,-0.03528748386335471,-0.06101606696025179,0.034536762072289534,0.01601689902811458,0.3335389519465265,0.0949487473144415,-0.05474488636533952,-0.25152462061209874,-0.2637012798826566,0.006997220904151452,-0.15786533394294897,-0.04033433535707144,0.016761703704011144,0.02192504069613334,0.0848981136314719,0.2300624758644704,0.045119152558782655,0.17203059087842926,-0.13554048780996783,0.03332286463613674,0.12640636504199323,-0.011418095712207693,-0.014519515508645291,-0.448798428392176
2002-02-27,0.03697594394690052,0.12700112732823163,-0.009868475065137059,0.10366401800341937,-0.40600037878169304,-0.24606147273127815,-0.24962350332978037,-0.027355763538574603,-0.25741188453834374,0.0750995535963665,-0.027543571007068814,0.2698481748557489,-0.019733818165587624,0.12404917193359907,-0.02631782978988073,0.16692346089270438,-0.13970929021384926,0.11655367945091304,-0.15216669038437927,0.24803827648005833,0.14483769405714783,0.15515126433286683,0.10560975614104112,0.015212923646921367,0.03241272878524875,0.21727225066830902,-0.14983073488932958,-0.15113351267598776,0.2161751633049374,-0.11332320330720623,-0.03189914850732553,0.06707087828786422,-0.0391883409948867,0.10578401047640924,0.24139771143816383,-0.12985132724288814,-0.13492232517308692,-0.014577649533589218,0.15396052447759298,-0.015207553636625754,-0.22195118418490967,0.031659114800682064,-0.01661565887752595,-0.22939160678947898,-0.2835949437419411,0.01041399300923324,-0.13074197756925626,-0.11815563084056246,0.10833804492035055,0.12752129112896515,-0.0023644292563842384,-0.15045916833766135,0.0952679607654522,0.014077039558532229,0.007714999361665504,0.12491445578164131,-0.16415720570627912,-0.32646627387538774,0.00583879572063541,-0.09820034633856924,-0.032205359326344156,-0.058766041996203444,0.02120796521034066,-0.24123360125871374,0.11957190745940524,-0.05011262636128069,0.21286842434717657,0.0203522315933187,0.19248321162423865,-0.02687917189859897,0.08807678997751793,0.12094917473683155,0.10792121159378337,0.014249875712444123,-0.23652407886117538,0.0871437262869388,0.05924724138138522,-0.03455664250474745,0.057765401035460226,0.12168109036551085,0.2836229634589871,0.12421152908676157,0.01964282200249848,-0.3168847901430043,-0.0073526537856665845,-0.19808554750300628,0.009139392775506773,0.13304430664003067,0.10230155196062275,-0.02636652208258316,-0.017623979041957453,0.09392320023219128,0.23537686356363935,0.16415171420672872,-0.1057544623619988,-0.09995349785195486,0.09866857382912252,0.13957197503923824,0.02248592016404643,-0.4684725713371035
2002-02-28,0.1125561844347222,0.21320220743956975,0.009051479042844897,0.2829177279243177,-0.16801804503742948,-0.20328310002562827,-0.1670936907428251,0.07734986517486135,-0.10379147678840374,-0.14054816849150747,0.12999368482265095,0.30828271355125797,-0.08460781905673453,-0.0284910428545928,0.03611443290572704,0.0067049750006914,-0.07517513214575461,-0.04274901054132649,-0.029294838000603153,0.3653847846064928,0.0472714631859646,0.24169814707613158,0.12221857187789659,-0.09180726535359654,0.05110240241208016,0.21656244228539287,-0.1607859663298997,-0.07922152670116138,0.2194238528785856,-0.3631120925548085,0.13680937083612893,0.09394828827062748,-0.04331865062373258,0.009673886660358628,0.21098436856248418,-0.1367706220989579,-0.235901679738016,-0.0050742682844292005,-0.2778089041404902,0.21454499563867085,-0.13695901825841755,-0.02869182195312014,-0.008134337731314762,-0.03077524570206679,-0.2668601474541777,-0.12247451739206305,-0.22335716025110786,-0.2050486530331658,0.159363529341241,0.14496889354989317,0.14681676956189155,0.04664891793557287,-0.036291149211498494,0.1537467413027452,0.006234268590649662,0.018002178298650185,-0.2777533292677924,-0.09572243133477981,0.005838783450232272,-0.09662354989811262,-0.3748553699990724,-0.07584825384288904,-0.11259506519763339,-0.05442548553329281,0.2614603096125802,-0.049129135930314934,-0.3427401189615705,0.17904741627894144,0.20801272408464325,-0.0014259267953231828,0.27296380622908184,-0.020056782355361992,-0.010512060096007638,0.014249872238063769,0.2921365411857454,0.03877992044688313,-0.17342636912470916,0.03375188965542899,-0.06580765298134869,0.2166167934053835,0.36578587152197356,0.22310075665147314,0.17534750225323437,-0.35646941855071285,0.0033021170358605136,-0.2136770981490782,-0.1706508471614466,0.1755567970520366,0.045470452384175325,-0.40994626054524985,-0.03155343921526621,0.07630379271205437,0.01825779613380563,0.24622050714223712,-0.14512241097661996,0.05325443448716609,0.017767432031204688,-0.054928060258333335,0.06664129389136325,-0.30061688695924466
2002-03-01,0.04283037618617644,0.18970873228014348,-0.025372679040288743,0.393395257721781,-0.24833898412456934,-0.34615079694011686,-0.4748109566953508,-0.3885459990073509,-0.013631862262217655,-0.25781747769992613,0.12666178458331792,-0.02768664074190951,0.27176550411670525,0.22392263803435847,-0.006135203980479271,0.4533771214461186,-0.006415070296731435,-0.08372741336859427,-0.16889161460458232,0.2946829005057354,0.2591366013622005,0.2562349074283813,0.08349463719700383,-0.06496868113392805,-0.025188685975917027,-0.037667745899010015,-0.16702645440411318,-0.014480527300733702,0.21718459479722307,-0.21960917011654701,0.12165056064954369,0.10631111830133703,-0.036407864955915734,0.07807152764859807,0.38779168954784865,0.007581347271294529,-0.3518919776110696,0.046999789915244373,-0.050830727957688435,0.2443509993493588,-0.035123783229696476,-0.04503565502868019,-0.15075913344094805,-0.0701017808108659,-0.22323425158768467,-0.05867198374000718,-0.30151969564727993,-0.09073079413933642,0.15325607100082222,0.10627193029002091,0.09471737344591563,-0.07233251502656697,-0.0329694440218758,-0.20264520117065948,0.0032795795006757807,-0.019507635693457502,-0.21768014919365833,-0.06054025607153535,0.06428207961656199,-0.21033144432367917,0.17103609057234428,-0.03700463848233964,0.1708487503981154,-0.20598516238845693,-0.21849981090625384,0.08811309470987212,-0.1528964944689659,0.13587122456232018,0.07473781050776908,0.02440313809961024,0.19908288277721953,0.11538930199235861,-0.03409395627595595,0.18485123635910128,0.41148201433168446,0.03607021664087838,-0.05834767577411394,-0.02997861921799184,-0.17205733370528287,0.2789875374343778,0.18471821566354665,0.4378208007333668,0.22636993603022904,-0.24538163881654748,-0.13372773429262785,-0.514268808770771,-0.08028253518519009,0.002944627534821478,-0.1845799797834591,-0.1060561592125733,0.051090447836708755,0.028470583104083128,-0.1607496777564904,0.05796409436280288,-0.14554683801233215,0.12865784737598798,0.14891410611938863,-0.12058788974424278,0.01922434710526942,-0.10678785135002651
2002-03-04,0.048934466839051616,0.19261646912838784,-0.060198613885676135,0.44943612900823715,-0.2483389967487534,-0.5430461308511484,-0.14324215483820332,-0.4084556324747252,-0.2684795947016071,-0.24427961330968997,0.08255114334174174,0.3733146849424698,0.08273447665800043,0.11372802799608152,-0.19765164307594382,0.5557074803298588,0.2174834687017827,-0.28456778299390467,0.09423384676284538,-0.04041669899757199,0.29802299506875735,0.07226825069363817,0.06537092952092853,0.06515778127821725,-0.15676118559274088,-0.04760701667381567,-0.011627940501690439,-0.1384543654447474,0.07105466298992198,-0.36807783851464543,0.3135551330795577,0.016135124871188573,0.007784263543394027,0.18922561030836427,0.3877916818990206,-0.04455671973334781,-0.06788958814214799,0.174648249866761,-0.01671331260464151,-0.05055250978954373,0.027984238521395196,-0.09466588974439673,0.05850617162571221,-0.1617820275194895,-0.3920504662497046,-0.059785031472000635,-0.13567761711120618,-0.18653550848950745,0.1170590267633967,-0.008502218962287221,0.06931046319931673,0.011573621473265327,-0.0645757959437003,0.11496846982332931,0.036506103190315414,0.008369709295076836,0.04963420244304856,-0.16297658144714075,-0.04795685712141314,-0.08962263503045034,0.2326259552087209,-0.07070377800999242,-0.12367490646052959,-0.1231481269691791,0.003917372652039401,0.08275110424488986,-0.1528964946529823,0.3383498987836628,-0.07145682867217007,-0.04838913015737649,0.15041569109333755,-0.15472032334944302,0.1690763588518292,0.15204728554039296,0.3202491969217147,-0.12564087635378496,-0.09718046780434897,-0.018098404928835386,-0.0562195013199848,0.322814927097004,0.13192619131166453,0.2647486346002627,0.16235616001902728,-0.27336050326914985,-0.06423466380475361,0.0014709056408154484,-0.17103134465195097,0.18034812626685567,-0.02390929887024043,-0.04203788681336981,-0.04831739061028014,0.15875383283575725,-0.1855740188575774,-0.33779239269522965,-0.005309887063396619,-0.14832840545173273,0.09207994869409454,-0.05070839090918645,-0.03816623438720552,0.13034604116346768
2002-03-05,0.07917122804736855,0.03026011348883465,-0.0517353649937618,0.16315262522423263,-0.17072276833838898,-0.6543224050042374,0.3371713467046823,-0.3059957179374505,-0.05474580148396079,-0.3284424973457341,-0.0677669859322303,0.37331467560493636,0.2787958576516239,0.22170944467773593,-0.10574886471643972,0.27266105077612723,0.2659617988884639,-0.04531826669385907,0.09423383414366275,0.17087918780733913,-0.14873677492663395,-0.05660495950533135,0.0301650221334267,0.14593599613601935,-0.1660823689533378,-0.28353441992365636,0.37055250762246633,-0.19568895723028001,0.05684404441186347,0.08548830487665687,0.26946391090317423,-0.08036543896082625,0.011206258689343414,0.2935442793152773,0.2720240843516794,0.03747270417493992,0.13446685944866205,0.011320965279685694,-0.10241901202331886,0.006033449625687635,0.0030090662423536627,-0.057941742053028884,-0.027976259967738348,-0.2803872703165404,-0.1434252786043624,-0.10721647960818727,-0.35472441521903086,-0.24523608810102912,0.03326193146183314,0.09757983608899354,0.042388426565792996,0.2138481219739216,0.0004639389791317885,0.35985234149819695,0.011037075431452084,0.10379286540488275,-0.04302825977127008,-0.36466839975908233,-0.13032467816209398,-0.02265909218288994,0.1017675648204886,-0.07437554990575233,-0.19598519316769705,-0.4110640590210037,-0.3275024972647482,-0.17177667499088828,0.110579031721719,0.3131569543177425,0.356864355305231,-0.17021067436393286,0.14603193721192584,-0.0946468493423025,0.21266990902153438,0.0256673684863507,0.24712235705173766,0.02596802538936735,-0.10180463745192028,0.036853754733726485,-0.029265014889602276,0.4169971040582868,0.36514515128943914,0.10268862639631313,0.004812019402774112,-0.28461962380661743,-0.12021781926909615,-0.0439820284385197,-0.16433162135547516,-0.1962243764034847,-0.19621503435057006,0.02501564855973564,0.03355900616121698,-0.09663685793580691,-0.15396543978906063,-0.03220993197863145,0.13339655889256344,-0.09273173146510437,0.13396396879287933,-0.058832252207724124,-0.014903540044649189,0.15416708761935838
2002-03-06,0.15450193640833634,0.10061939812796748,-0.0449758818715804,0.09095528743758337,-0.07295633893931479,-0.4285022058591763,-0.02926775935666799,0.47843512430206553,-0.0813995621314385,-0.4277642816304726,-0.11199215214839717,0.056035458505738,0.2566283478739822,0.10209342351781801,0.22332034741975876,-0.2734874193114029,0.24635695089018161,0.03157645815805036,-0.010372117265463615,0.5900425522418835,-0.003255496248946475,0.09784946238518778,0.14603330998902028,0.20784222236109973,-0.10064965045292264,-0.11095953042756342,0.12089047743864624,0.05460124189356029,0.3485341433042996,-0.15108018202421392,-0.1585632691807268,-0.03690967980788999,0.22655054738695624,0.2519513517864741,0.5252732474826234,0.26457810278852,0.09284702343807841,0.02225812987344393,-0.08718119816690066,0.00032158795126784945,-0.055565777297106586,0.13644362884678113,-0.05231061989698546,-0.3995012043014082,0.013788815955073405,-0.12368231425352691,-0.29691632002673723,0.10053268288776171,0.020383886846285827,-0.08324082184295216,0.06119008713322881,0.007941009303040937,0.027386461720373373,0.18122775645990652,0.008773313505214724,-3.722759885306477e-05,-0.06332406796461634,-0.21254073453494324,-0.1266898204976197,-0.22366642206900697,-0.1090033211767038,0.0008290743584461821,-0.11884090669279954,-0.19959092896174466,-0.3674062403620147,-0.0739575072297169,0.3558917125141982,0.2712552765681532,0.05693889326807419,-0.14257995751151634,-0.03438638837940947,0.10990377488101293,-0.1951810121124622,0.05652035910153665,0.10676453041772047,0.08776632840182583,-0.08084380339575845,0.02942275389581496,-0.07823369852923812,0.3823034099505847,0.10964702269916982,-0.04245716054845675,0.25988263708422027,-0.3756310607104087,-0.3078919203179678,0.14007659397150699,0.15301337951648245,-0.3825048039564301,-0.2132905961554997,0.24021452068284,0.08907215071669677,-0.030911139258260695,-0.43800804370838337,-0.23103927854709763,-0.03871571947108932,0.018757356871562523,-0.21179351178688438,-0.08023635440322233,-0.014903541640362592,0.08642474989259734
2002-03-07,0.14120086371544027,0.14239041494732957,-0.03267834993607159,-0.041530642478008056,-0.2802509793761508,-0.2412053149119904,-0.11029704180821569,1.2015812386015272,0.02307614239761283,-0.36561012518531505,-0.03837352269294684,0.13132742836573105,0.2476192164343198,0.03311045543554309,0.1428497525152679,-0.5154168644483265,0.13282097256148007,-0.015596848518382679,-0.10322068201753054,0.46913523410163016,-0.035476664552116635,0.43506359433501884,0.10233707304716996,0.2543470630554187,-0.062072459314535484,-0.1623934417147679,0.11066546464852707,-0.040621668322555766,0.21351302645328188,-0.18606352859055084,0.15395718571698785,0.0013079825086663053,0.00356496204225061,0.1218976654253955,0.5491575517214848,-0.0039502556683058045,0.0671848882221423,0.022258116193625745,-0.005971158523039135,-0.24686699233403234,-0.20300433174184415,0.28734747867683563,0.004923606934592883,-0.19183893612322267,-0.09410682812445158,-0.09071288020684484,-0.25659460671871676,-0.0444006577907421,-0.017227891913059776,-0.2882402388377739,-0.11281153890952819,-0.06100722632004298,0.0563926774453941,0.27038776898400174,-0.08096943211367592,-0.06332421828475322,-0.003623409481831706,-0.2021912270861469,0.03664532558690164,-0.12422890751513577,0.07844719612817738,0.2150743195383697,-0.09738706778838246,-0.2851654682819018,-0.12787684527649285,0.006584521459992723,0.009540819819402675,0.2939895898521932,0.07531080498661871,-0.12320641163753822,-0.2071505089125373,0.036988332214431374,0.08179286303746995,0.07948801505687954,-0.08505195392488905,0.01640173020913595,-0.20486951307260795,0.09551946845747938,-0.046545008831735395,0.24563483194388738,-0.17210158884453813,-0.16012755562581316,0.26399132529193337,-0.1433668227467483,-0.022870597415111337,-0.15899772117507407,0.19755759356557825,-0.17553897447530345,0.33075826242476125,0.3895895007621064,0.057763375053794114,0.15215452086875658,-0.1822908036468519,-0.16472451252368553,-0.17245256866717937,-0.1602702889407351,-0.08608096059556494,-0.04994701725234878,-0.01490354365779112,0.1192150907292344
2002-03-08,0.04024951662796535,0.2791491468652805,-0.02010465219309494,-0.1533799303770716,-0.6564121598261741,-0.1507922402779855,-0.05400298116496717,0.20292088479179674,0.11555311438109005,-0.030446877666870847,0.07080245341896854,0.005268761420872631,0.20649342264830012,0.040875521810443634,0.03666633943196341,0.21314044994903075,0.10153238064266594,0.09669137501044148,-0.29177267759352343,0.13703621942820626,-0.25272880177926266,0.45738846438725916,0.08206794826445962,0.3010314877745283,-0.06649507564143335,-0.05462339459663165,-0.013081195780944164,0.009708834368826613,0.44126106711780716,-0.055530463080366084,0.23308686177944404,0.002564652247726446,-0.1659888439214379,0.18239986159690347,0.4398498229970924,-0.13445295725892203,0.006315073744805619,-0.0025167666860286186,-0.005732656607337147,0.14112738087611537,-0.16703233851505633,0.20659562416726548,-0.28526471510761425,-0.21798709933265542,-0.015293197704280862,-0.005099554656186882,0.11728096134381587,-0.09831899603612525,-0.10110317441423701,0.023586822508779512,-0.08302237896675958,-0.3434793250169938,0.06438157576574849,0.15619420021742636,-0.10139522993809014,0.06420955461172037,0.07818067193088467,0.0055177564257721644,0.01205859578369101,-0.14814519917328528,0.23527465132270772,-0.018923780696336944,-0.07452256603344952,-0.16136959569479234,-0.01461992987009997,0.0987488652916265,-0.1704160195122203,0.0666855751736992,0.07133875025954806,-0.026316729451689946,-0.09173382097330293,0.01487148350895711,0.14722583369348521,0.07802446581706503,-0.19766318655564788,0.18168653969698093,-0.17638982354026783,0.04759912909623741,0.019037097868887475,0.24563483080349358,-0.1872810143121089,-0.0779250136337157,0.2852780379327446,-0.28569452899733916,-0.07966666696879643,-0.53611625652153,0.07474216196502396,-0.43753964802126327,0.25328980851767097,0.2456852513680175,0.054764699193703144,0.3657486635957505,-0.3080693226188311,0.03702480203500263,-0.16822996782614866,0.08970688618806279,0.046201812644772834,-0.12813858320940513,-0.0196517674062082,-0.046915294898260684
2002-03-11,-0.06938569823022232,-0.05847144822238877,0.0009832885586572922,-0.012383344480728479,-0.3905925852292219,-0.12535293600418887,-0.0665227801087901,0.004268661175762896,0.012714071558432138,-0.08105408793028748,-0.09422808794183636,0.04403319086809621,0.07916215419145393,-0.0834246950692512,0.11619033979824205,0.15317291251563397,0.2026452555171162,0.07755402359462243,-0.0925529512957748,0.3769701454913291,-0.013890927522318975,0.21159257297610762,0.05244032040749881,-0.16329012705813492,-0.11384015351367188,-0.15965835952298024,0.14688080769729564,-0.05505004145643549,0.18216265531173034,-0.004196257332171726,0.20620592366324145,0.07032785316506227,0.026146848195755745,0.007474610079120062,0.22897538327573938,0.009985270739867578,-0.02371379782847239,0.21342158142492484,0.01607316306513843,0.2653657727969273,-0.2551692910527564,0.3157332751430771,-0.19834667189676258,-0.13293177556394936,-0.10263052713113899,-0.020114556421956642,-0.2674143186510941,-0.05540873153662952,-0.09690370369035017,0.26312051853730334,-0.09499491630386575,0.010736811966699934,-0.020371777630355147,0.09486245708587972,-0.09494804694370382,-0.30380657200475714,-0.220139193249293,-0.24626578713328137,0.3339074787056553,-0.11242756331090442,0.16669306103243828,0.032364247177849956,0.010675945821344667,-0.22978230520726792,-0.06762376450911407,-0.14464221616565023,-0.009616878720129927,0.19989574494934745,0.18900196908459868,-0.0016826221033326703,-0.03049719515279933,-0.04310102608679586,0.055524224508334864,0.11778719851330023,-0.15203829081042006,-0.07510663141929093,-0.23066951011069492,0.11850187201727139,0.22822941449610848,0.27321705550326825,-0.036595600037674834,-0.0615382775032494,0.27015062100350595,0.2255957748665113,-0.1137332324358605,-0.33564088450062796,-0.015708932696020996,-0.0487936089314678,0.03381178831405948,0.06484692950329898,0.029883301831064347,0.5276428390826614,-0.27265548073319196,0.1117236781353224,-0.24377469065033794,0.007763090952271886,0.12831609780104106,-0.08312169071606056,0.0019356097992726112,-0.05057184016831992
2002-03-12,0.010106749521210495,0.13661709332125624,-0.007361092142700653,-0.04300942393289915,-0.19088490467913624,-0.0470762414995653,0.130681297942856,-0.18374157868066157,-0.03306443967045845,-0.4515001651146889,-0.060481876929115205,-0.012963922489504237,0.2727756326153393,0.010623659941253442,0.312215631447926,0.41706022958265904,0.3273776292642768,-0.19326713103413998,-0.1822203836303488,0.329074155352559,0.030385301049315066,-0.009239425358216539,-0.019859076585326024,-0.2254673600098708,-0.1111240614456699,0.1088047642531922,0.1349953184085245,-0.0952448827344708,0.1821626523955767,-0.040901623873892075,0.0625144307526967,0.06545052352993747,0.1203797671261633,0.12974248090173834,0.1310198081967622,-0.08610893100730221,0.054654332425447066,0.11767596991298232,0.014240763592907024,0.06490246203961902,-0.0014537112585948197,0.09957335885851372,-0.3550062765642758,-0.1338535084350648,-0.1251465950140556,0.1471612270343919,-0.41745891885083886,0.3325611691976224,-0.15164091526196974,0.20875556778957,-0.027762087339459528,0.03257449993873585,-0.0019588024170550506,0.05061333557791672,-0.10069410881085687,-0.18214797373887254,0.10454678288230053,-0.4258886511555607,0.08869754849621952,-0.21699361245950152,0.125246570940259,0.14007596456569232,-0.004868126704630816,-0.21048923156067642,0.1698569241359838,-0.12371617151820212,-0.24617283164397757,0.26016476933295124,0.13274632031417438,-0.08493484315294726,0.05776108024822807,0.033484238726962004,0.28117374119343097,0.08386151523494419,-0.2158282718276932,-0.1411376813573351,-0.031775666387464215,0.03123386102356126,0.09768899378084493,0.3579115660046047,-0.08187029439751133,0.05638601399044329,0.22929211470655278,0.18210631302489608,-0.059944940968306576,-0.3436918657011099,-0.06292906323019438,0.05326796875196254,0.019395035257342493,-0.035156836693247144,-0.07028266864358494,0.0762205584200392,-0.17783409761485708,0.04356850323601353,-0.2421925618268836,0.0842957305295883,0.17505815069160024,-0.1096155664950031,-0.08873004601865556,-0.12478798152890473
2002-03-13,-0.12395712886641426,0.25780147159670413,-0.05743542464560647,0.08127221630147803,-0.1961975627372039,-0.047182094183107995,0.031282362547889124,-0.28814044704597397,-0.03216223615434,-0.45952682354741237,0.0289718841456197,-0.04809429851117148,0.39203205681972153,0.028263127098722945,0.004945064568552137,0.586786793705632,0.4254808966248268,-0.0024431730103211804,-0.2433372157729941,-0.02818817711118705,-0.2699049002032896,0.14905783044959164,-0.02659054277555098,-0.19935972641110644,-0.10984353231173273,0.0471596868406161,0.09043861905265052,0.04397284195421332,0.02384961615097442,0.10871222091988167,-0.12053320808996369,0.017434090522340635,0.22838691887006404,0.11942192553935108,0.039041303977775346,0.12027125540007355,-0.24394058763828608,0.0840250569777097,-0.04949066147528408,0.14498207231816018,0.03181363319729761,-0.15036799820235977,-0.24091178818717568,-0.20359906766357336,-0.14264202975307314,0.08075122908075202,-0.33918584676962027,0.15888736307625975,-0.13418808082899972,0.02062874613852858,-0.1050007947273916,0.006693732994189186,0.022554410234322857,-0.001902571987113388,-0.08311264245467061,-0.06095318066928437,0.08519519265154205,-0.3274304411991278,0.18490351681378334,-0.2247203278422285,0.2683823887159111,0.24142831448269308,0.015272447658536407,-0.0034426923832711915,0.08961836404266578,0.09460078552745534,-0.07663379073471471,0.10576014681388675,0.22564637369343576,-0.019764619862939238,0.17266631919519843,0.14352900440404595,0.23725155262934777,0.11648093419844677,-0.1821990356874731,-0.03447747214536585,0.004004617656288168,0.031233859709454654,0.08069276178033125,0.14207944435411246,-0.12251554647348213,0.053738223423416755,0.050201010938062465,0.07119990350470932,-0.15479401284367666,-0.33271863249885303,0.22106924536773753,-0.20960990351568193,-0.07690445992938268,-0.012980248556352396,0.09735875872819716,0.1257113851490868,-0.049121511335541886,-0.25709210048154957,-0.09055241997500421,0.07087740732172489,0.10118709859565968,-0.17684362882265853,-0.06257828498014312,-0.13270176150613594
2002-03-14,-0.07613696804073329,0.031059656309205787,-0.019427239864334863,0.04079617949265426,-0.10469447421278069,-0.03146474857317329,-0.02972394027931512,-0.12910369144065473,-0.17016620943400773,-0.08965475719344532,-0.02403890872360379,-0.10981520910970644,0.32840856253523976,0.09526959883845355,-0.09964565746292303,0.30430898966329195,0.20477518803621533,-0.05867518342165907,-0.37443750822418326,-0.1887207854490662,-0.2035185671572687,0.13514761803517658,0.04703130539814081,-0.057969364996734364,0.08072656062818721,-0.017613369918682106,0.1773268783788411,0.043106022210158176,0.17027679232992515,0.15745404498247348,0.01794743103772114,0.0822690284970222,0.15579447782105396,0.13135732762084948,-0.15191104459090238,0.029228807172797338,-0.4026368836205855,-0.06816098904913588,0.06837416279128246,0.05015027734058849,-0.07909274228131764,-0.09359823201708098,-0.2539968517009364,-0.021603888819850085,-0.07885669010919585,0.06993954229721275,-0.4288390670935808,0.21663466283688365,0.07914596043442633,0.08676289823605327,-0.0971991082200501,-0.0197563489688384,0.04305986851079749,-0.025428689303182143,-0.06758433524293572,-0.08392363106422988,0.036710936417266596,-0.1103573066809739,0.21699053620572484,-0.31594542995574315,0.22216764677538853,0.06375237507414457,0.0518011712619617,0.266140129346073,0.17122017155425404,0.09460077406314087,-0.007259628729989393,0.09593411299678085,-0.039576282845520554,-0.07140759433048116,0.2208507581722219,0.31182551221219,0.15805125429624609,0.10704479057739093,-0.04607417184120775,-0.03699837438861004,-0.02572718637663758,0.06783142940523602,0.12698384380765015,0.10082954794172147,-0.15612372523559137,-0.09147884337977027,0.006101187844384077,0.03015540892659492,-0.2136045313166541,-0.09273685458904422,0.34329059790415695,-0.07982466584947501,0.023357565749470652,-0.006694252771857703,0.03535676402930278,0.027439624917188106,0.04450265867050125,-0.3475465449817354,-0.17921560402796913,0.03922731646837723,-0.09372071509040977,-0.22697611369169027,-0.011457916760643224,-0.0853200681772433
2002-03-15,-0.0872516849101692,0.045784139115285276,0.021504961778564563,0.06672028718531005,-0.09362228895724695,0.0007714157192956867,0.020084204017483183,-0.24288968276052525,0.03345083680093994,-0.017439622436594703,0.1730626439956612,-0.003310643395260486,0.18002843632091595,0.024962578231736785,-0.16262988810998386,0.29958724130233155,0.17907866291425692,0.11086792645620006,-0.08194197021102091,-0.23464313297848893,-0.05601081801834148,0.12577608899076373,-0.09571971928247068,-0.17340308295511453,0.31917309429814605,-0.13984342516169934,0.21668666319998545,0.07703422147036175,0.249034547137841,-0.11653270278969978,-0.03833428623430884,0.18319795768146668,0.04549734896465015,0.21468612591849806,-0.06455428673122557,-0.19588993866447166,-0.3010257884427983,-0.2281654965370777,-0.005783736998780838,-0.021583273398875256,-0.04201903049644515,-0.09270251239842105,-0.0944995228791931,0.1068513586398469,-0.35254813812117475,-0.037253008940538346,-0.32948930748345157,0.13173461011413032,0.06936390896586347,-0.024998818191407254,-0.1238372404912025,0.12714505370790521,-0.008275273585055695,-0.09719071670899232,-0.05696020909969722,0.0027552317470864967,0.06645208374174084,-0.1049876625018683,0.12894708400761043,-0.14909605280999336,0.0532108634092676,0.05996541774565487,0.017949096951104204,0.06273946985523501,0.22125919560879106,0.10519282548486271,0.07069636207644246,0.13100242629237177,-0.04492016199504625,-0.042803880110093055,0.07212649225662206,0.21839397793438187,-0.12282193099813632,-0.12411635786478124,0.019459639027660673,0.05670580322275278,-0.14202119839414565,0.10211983268098673,0.2343549758897361,0.14055206886312388,0.00980803791403228,0.033420279464356044,0.0338187600739903,0.022245926390623515,-0.36518677207563593,-0.07360424662145743,0.08893847886392921,-0.05007348537937146,0.13056224914125059,-0.19831596411586963,-0.00967719859218232,0.1024156149732402,0.04354629246748405,-0.2814071659720667,-0.14883267066295716,0.033260406272448126,-0.12436607120898822,-0.09284364724472004,-0.04437143396234488,0.13253398184320833
2002-03-18,-0.06677435255816999,0.09102821283644177,0.05719878774013374,-0.2587288524389407,-0.03076415382534682,-0.21858983028218368,0.09831252202837797,-0.30164452023646926,-0.24548574758670635,-0.13019186943116673,0.24916889337855555,0.05853078699341436,0.009872653331810484,-0.07407295659308097,0.017688177950073224,0.2995872365432186,0.16196522470351987,0.004031186305678855,0.38136355982629067,0.17773614533125212,0.041470847702921844,-0.23059081656095168,-0.024001937260727652,-0.07717914174631647,0.3294120650106574,-0.009073074092508326,0.20847302300518547,-0.020530786655334022,0.297605731109589,-0.19306504724361745,-0.10810987271981011,0.12746029606342965,-0.0022548579305069322,0.24521264778378682,0.007999127162700074,-0.11791151479453374,-0.30791388800552605,-0.053439434953485486,0.11408047900638986,-0.04580451314535033,-0.09668528382226227,0.04216013494629329,-0.19498975951569728,0.17391288985434147,-0.16840091141317096,-0.048515383622039374,-0.33173215815621226,0.011208094099126232,-0.01496645500609867,0.23628549442381122,-0.2300986433989582,0.190357217015023,0.0287402825452285,-0.06700399274281575,-0.08117212577333381,-0.3046484107550499,-0.02075097659834415,-0.2875215891356958,0.18946576890303474,-0.15763247860237514,-0.19417830287917118,0.06382643356687986,0.1765577845814116,0.1318242561267241,0.08106913153197659,-0.008155034773183058,0.17251876483414438,0.06515109970963656,0.013544147123778777,-0.02223255358347008,0.0923565513881511,0.2242420577466994,-0.2178757348002374,-0.022672727155626012,-0.0047862473380164,-0.013113212704245081,-0.2003933462960644,0.24777407571774288,0.15502376635548995,0.04031593258985316,-0.0312103967762478,-0.0015896669802888698,0.039667329153021465,0.208028656938911,-0.027621585809306508,0.05870459644777871,0.05388922405761424,0.14407196353848511,0.03680572166942873,-0.31839054856956234,-0.058352998383776486,0.06971305706042015,-0.04523810461188113,0.04505243083875563,-0.19179533122617548,-0.0039001922252884236,-0.1516037535485789,-0.13295277399528477,-0.1127962715619012,0.14572410916250889
2002-03-19,-0.05574772491261102,0.046777130774586666,0.025862859282491126,-0.12393957443593898,-0.2511711771335696,-0.2773675009581074,0.055450266918744974,-0.8253258842081475,-0.16637006121989123,0.0008886157877834691,0.22302234002946575,-0.10203781925841224,0.0800324385431126,0.09213717094143477,0.004166364647153439,0.7256911692272052,0.20547397125252587,0.18776397281365798,0.19021758317556078,0.14423502050015694,0.14374820502471092,0.011062934091749885,-0.023494538196831893,-0.1101985440609813,0.29864909063638934,0.023130260720690746,0.1842297921122299,-0.014770152089776925,0.3900285411044628,-0.07215129376060156,-0.03220012508766439,0.09552857849511383,-0.14396526919376854,0.1541936334659253,0.10166942553639666,-0.0965728359168872,-0.09803344248206154,-0.16679171640304732,0.11408047827256355,0.04959313955180656,0.009916200620333783,0.05288258144284034,0.09665889886167545,0.06540466490560744,-0.18602090777651312,-0.13859783563491035,0.07837740138744516,-0.03199324564890341,-0.1155118668753282,0.04911498201066022,-0.28659334781707174,0.2578051779103347,-0.03264425183230059,0.04642774430718343,-0.045924466867355074,-0.13357267151523067,-0.00783690959670765,-0.2194673506162741,0.08826264972286699,-0.09441303291097523,-0.20761695426673496,0.019756425104430174,0.1944732670212395,-0.04658384455219951,-0.004720561053097984,0.11024407874094401,0.18127294530787694,0.03905172780915902,0.007669693730118746,-0.02391119616342129,-0.18020868555440142,0.02316488149089038,-0.05940634649171383,0.11659669751370105,-0.01853448634354153,0.06792238724168224,-0.20528622847117678,0.1755187867939103,0.10959235974743656,-0.21906112216923357,-0.06813787057452243,-0.0015896737828161784,-0.09920207456729851,0.20802862641992179,-0.1501392576264189,-0.10697387599223487,0.20767442096497946,0.147179146775804,0.0803471274528357,-0.270629065258639,-0.11544101330007786,0.06917620103984132,-0.03698570896536451,-0.22336627880548324,-0.14473166743738866,-0.14391890196422982,-0.010060618330656055,-0.2520328024494456,-0.11104751146558518,0.21330994961727026
2002-03-20,-0.01145599224752068,0.09726764401696257,0.027296400814094353,-0.10910386698926478,-0.2550546361409911,-0.029829552649505084,-0.013113389436024336,0.09843023970257495,-0.17698301861886329,-0.055782634607394035,0.07900930543857042,-0.07668459720855095,0.11837916660938458,0.0489694885770999,0.06493535067180728,-0.13786264903507622,0.10839233065107877,0.06784913048632324,0.21654741334900005,0.13057208698527653,0.0009094563508659073,0.01037736743558815,0.052976084312714264,0.008509099318541278,0.19737491986229375,-0.027632765179893673,0.15150129337382554,-0.04115884258392189,0.402039846207632,-0.004228315040337927,-0.12716095750159354,0.09858741129990581,-0.04941618867899667,0.10959855449737237,0.06701980486578553,-0.09657283831103813,0.010218665965668514,-0.0024126668065287222,0.031701159970118686,0.07844977132855338,-0.015880659114036844,-0.05590803741796461,-0.007313008461674919,0.05640478050306464,-0.08302863281755841,-0.15504323249638804,-0.05332693297302096,0.08937711287395587,-0.10144909598606963,0.02783742819077614,-0.2495053640168292,0.19410609559088696,-0.1037276088129863,0.007552088090842309,-0.03735790464883596,-0.11128074434886233,0.12380519876842085,-0.23848703121773915,-0.1021066148059793,-0.10389099334347685,-0.04445819540105882,-0.012599156902321024,0.10670364480667426,0.1979600881143397,0.12147816184406857,0.17219775243628171,-0.05523595450193127,0.19625856681919082,-0.015336681168999894,-0.0930573303444063,0.08984006768421762,-0.04423719843329157,-0.13693727106043543,-0.05183186624986282,0.03110258967005852,0.028051081579295166,-0.17556912634181127,0.1391839566573379,0.022560682842535356,0.031946216320774934,0.04155169079645145,0.05108975092352744,-0.09920208247095104,0.015129377044890193,-0.05054449470795123,0.04213452172463467,0.17407586046648774,0.17258121487065478,0.12370164672513144,-0.1869811628224923,-0.016141288788804234,0.02730058064621504,-0.08069057258798934,-0.2441224512895676,-0.25426208712296317,-0.07800657050729229,0.17884711708958023,-0.027547346480225207,-0.1720429312760785,0.17537155443418523
2002-03-21,-0.06073586242073214,0.08281738584348065,0.024357046396588575,-0.03995353222171506,-0.1985662322670205,-0.029829561201314813,0.024867907221348413,-0.011732671570230144,-0.16002972961537618,-0.14341403079827414,-0.06072956109267281,-0.049953374302885205,0.044718323341880306,0.0909484973537373,-0.006136934754547545,-0.013892944975598927,0.017299230808673335,-0.1254341123479781,-0.22184449639242185,0.0992131896068322,0.1682678549292815,-0.05985961109128897,0.16444129098160987,0.20239887796911663,0.11997298674078412,-0.4177612383209678,0.07932866026809769,-0.013851495602044385,0.4754765219742163,0.8689676208020028,-0.22938477503560098,0.12200876671710738,-0.057654246882038226,-0.02714406383244254,0.13066923029249938,0.049527606212863465,0.008595284951352518,-0.07420495991423313,-0.05563835698295313,0.11834726869344134,-0.18970746371037553,-0.12655936924053504,-0.10242745504778619,0.0092069415166256,-0.10156370223219768,-0.08703047476588231,-0.031265632202023524,-0.03967817517163627,0.06271404290906168,0.17464524351163824,-0.1450986106163655,0.16418035101030798,-0.04570701017775423,0.06862929738942014,-0.026247729516175853,-0.1331470054732556,0.21245361996400575,0.006122133227915408,-0.14318853957573682,-0.16212954455934453,-0.07304659996137265,0.03731879139107517,0.0029754772627483,-0.010551927665108513,0.012183500373174347,0.027330882465743986,-0.25760467140992843,-0.07017729926521339,-0.15634276627373356,0.024215953208197773,0.14001704954183775,-0.10125953139647936,0.08827251429603578,0.014511997393297902,0.04321956280611078,-0.02788302815791787,-0.049123246801150065,0.09096566347686731,0.04874494749389835,0.027242166160214583,0.09351169947471065,0.06545113732421552,-0.1097527431870172,0.11225770644808204,-0.19924048969508887,0.0373875280182284,0.1639258756199255,-0.13165448888581074,0.19423852855545184,-0.11224487565156478,0.10963855110458326,0.03102747262177662,0.06974092171748383,-0.027462272660175268,-0.040531590273497384,-0.038998965448117776,-0.07938427037769165,-0.10273087780781753,-0.14099045180083944,0.10230097461954674
2002-03-22,0.041396272690146584,0.00694233412813827,-0.04699376965007881,0.008627097551273794,-0.17057469285977012,0.0053034879132424885,-0.03195577237625481,0.10100826065607535,-0.15952765511300157,-0.17685006666933906,-0.09810343439404406,-0.027403983348502633,0.21840115079888547,0.02667272884936779,0.17510992101903236,0.07439913816887218,0.10019828844126255,-0.2707328123739839,0.019888510611382273,0.09004056091887801,0.24266381639884282,0.005235695152229193,0.13222374523000474,0.1950984354297224,-0.23576728207271744,-0.09792360804624102,0.0626046080957984,-0.07273456481021189,0.1688029387331523,0.7274862193901267,0.05041927092276252,0.15716921999277356,-0.00656029289183133,-0.18477109628909696,0.22050851184314388,0.15268587290888486,0.0992489825640724,-0.033098165591450845,-0.013518327101906603,-0.08170046847522745,-0.2650299371586821,-0.1534682931486869,0.0062590784509858974,-0.01711264119872787,0.3713707511464558,-0.16265744919390498,-0.10913457821818692,0.19761084826967165,-0.0469652199325473,0.2712049764021441,-0.1501973696437241,-0.2522037508959855,-0.06180055360807585,-0.11870442151352481,-0.05707274928463828,-0.1896903729688141,0.02459588314661088,0.06546120040557289,-0.1731238930863434,-0.0769870521835928,-0.034980527166558265,0.09567563633563307,0.0026227001242126887,-0.3133789098802694,-0.1219918508876791,0.0025116173045710653,-0.21298496075423018,0.1469881419307563,0.06493196391659377,0.07091643569944109,-0.2612651408498207,0.002916533100005588,0.041873598255303165,0.004332666199549484,0.10144679890200461,-0.044946507503707565,-0.22963789255640682,0.19091865262043967,-0.08451510553777676,-0.08896632266927615,0.1465366695978885,0.3143795772430483,-0.06372959657889314,-0.15240738089136988,-0.10701142504941014,-0.21526508822840223,0.1431122263773758,0.019802394042670188,0.13123676619812646,-0.13910807019594923,0.18019586244908697,0.1260707624611725,0.13847115645317645,0.14235020838508303,-0.2267440930174333,-0.045069061167313844,-0.001172202573906568,-0.10426410218668783,0.09833660918779379,-0.12753240114113223
2002-03-25,-0.07285594278643258,0.17701478982507765,-0.018380727222287112,-0.037508891058969686,-0.2921985044693442,-0.049387087683388106,0.048093875950965745,0.6249628391898022,-0.15123486314500856,-0.33678801912040135,0.05613643974734429,0.05705477239440102,0.08460407554069596,0.07699796755338072,0.1641537855828602,-0.5068431931236578,0.008981745692329034,-0.32383033142847456,0.21248796791271327,0.27241649553179986,0.24266381575831888,-0.03818501052576951,-0.058328186475668564,-0.03339431224380896,0.05156527976672668,-0.2231446351669067,0.1055970872489425,-0.10996030503807214,-0.24592031438573547,0.5323546169288758,0.15034899745489638,0.16005180210038095,-0.007972590392239218,-0.16252877688434994,0.2682534989477884,-0.09585233549545054,0.016920985467701734,0.2176915111540242,0.1179077316502705,0.12857333016262637,-0.12971836616380117,-0.04555150605810259,0.03652711408453709,0.0951962027496555,0.2994536028498628,-0.023950502877241004,-0.10500146185323936,0.2096501768883198,-0.08403197196363721,0.11243073902027678,-0.1474105097380449,-0.23311016877076957,-0.07919677722752354,-0.07468766960139026,-0.059393778041773225,0.10530373766272615,-0.049828073426289476,0.0900663835965264,-0.17312390184380974,-0.09127089574455573,0.0865227836139806,0.10837998789474387,-0.009856031781486195,-0.16196320477281825,-0.041182354186147484,-0.033897182146883253,-0.04953771220904759,0.26336059202690143,-0.04659484574837791,0.06604765687428034,-0.237682358869197,-0.007978879390870067,-0.16461986164387785,0.08005182413172583,0.07422600981032514,-0.13428380214405933,-0.2324947643845822,0.1372229312419058,-0.07093860650900602,0.0971932430162137,0.13790890953833362,0.26167558955735504,-0.12574169266933244,-0.14034338034917881,-0.15668910312819706,-0.06308494331960846,0.06484046534374706,0.055743495794556674,0.021256170427863742,-0.10210702539087674,0.08581215179527488,-0.04918219230482613,0.13460478772718246,-0.0641308502394785,-0.13459375938009416,0.0055099563747233364,0.027618459052592508,-0.13523283162391656,-0.13757706522576796,-0.023825563905884896
2002-03-26,0.07382867745174322,0.07348047490874095,-0.003576858481701513,-0.22895299225540308,-0.1679327217106054,0.010225073746237061,-0.024112016653130005,0.044395685344997264,-0.18496969220201284,-0.030892311658950424,-0.042057302694807265,-0.16965210405259545,0.04456710165547008,0.14329847667660287,0.16415378107048378,0.10929340014246333,-0.15238173170687616,-0.3340048291919449,0.03963552276791783,0.2573297940301679,0.173237528839714,-0.033231497619918005,-0.0023381575790728318,-0.04944677450231852,0.13623755352602396,-0.2556775395066912,0.20015027882573863,0.007739817739457405,-0.08466874517478695,0.4056527178531814,0.19158564001140377,0.07406165865996249,0.04461057962985047,-0.16100223789799117,0.1916402513812339,-0.0979348726480489,0.12722116312221798,0.0990044229008706,0.2923583967578707,0.1548573987428251,0.053932776444234776,0.04582894582542146,-0.021377152042512317,0.15314383769925477,0.1245823740909654,0.01944614544678454,-0.06812509134097273,0.1886839006958797,-0.07344020480326482,0.122143467333744,-0.18404829238772707,0.09454402002197215,0.032732138598617753,0.0607718802353725,-0.025931912483301844,-0.05214349991583995,-0.23300169526974415,-0.03239872406874112,-0.22923855349350394,-0.16421657399576267,-0.052884835712637655,0.11345697061265685,-0.050461481125588535,0.16334256834273064,0.08717183337589332,-0.06604832075097797,0.04780329961710344,0.30055222320576147,-0.16679028133998292,-0.018103884210917874,-0.07444181446768307,-0.03444013793880354,-0.07042319901328119,0.015590329085266147,0.020192185035765867,-0.05464206713043442,-0.0051159705808608135,0.16603101458669658,-0.12038732888121964,0.021716150789331094,-0.16579253306128497,0.2848538598506661,-0.11048746990462363,-0.16174940934241458,-0.35469301324008085,-0.2947128273864834,0.2462235815279182,-0.0003199381245045313,0.06732855550568183,0.05201586072918577,0.09119872733633845,-0.2753771521741744,0.04180240058235066,-0.17270772082419092,-0.15616144959807488,0.004477529253500014,0.05267525463578634,-0.09984919955153429,0.055192788183038195,-0.10342882317876852
2002-03-27,0.11668645137176453,0.1612964468349679,-0.013473492425206013,-0.32147281083126505,-0.12329009661856125,-0.23882170051155246,0.09218236265753664,0.16038545390625747,0.12265428268125636,-0.2232023726969477,-0.09865136553881479,-0.15788542594439087,0.16478817133984153,0.1552457676862655,0.313836079407397,-0.10958518839733318,-0.21639998377759256,-0.4836839360101914,0.0013167010840643921,0.10745792694569159,0.09454982109563774,0.13947381135204454,-0.0261822808964934,-0.04364493426431125,0.08638010776461039,0.05846267657698777,0.13785577657767303,-0.04852318698919198,-0.1458211963577207,0.3740658487192854,0.1017306723583038,0.1033301001022413,0.09146928795067463,-0.1067852232863933,0.12769862836104956,-0.08261860393055101,0.11703179325384024,0.04931637324357368,0.031980355064927954,0.14182788976721136,-0.05325158147125656,-0.12315099865282442,-0.10210224177780032,0.003632981921045334,0.273042462961318,0.0558233756357618,-0.025688946188307825,0.1439027716913915,0.1254627741617632,0.1955885647678343,-0.0849876681459819,0.008648406315350313,-0.05545380279421721,0.2917501064068664,-0.03592570783300946,-0.11746190545152525,-0.024802973625712373,0.2599799792073361,-0.14665476524040455,-0.18667432325030728,-0.2555269527383589,0.21791292371974574,0.018054310090241273,-0.14040540951338532,-0.05566692378770804,0.007840784024770793,-0.2602379602114764,0.2623506761778314,-0.08754259207689497,0.04360648852520259,-0.28836481775014916,-0.035362258212448996,-0.03941814103506211,0.051800340132644125,0.18957093564170324,-0.1511413460294155,-0.05356127186651972,0.1249208908606227,-0.15041381276738772,-0.048808211246291526,-0.07997897664889077,-0.08729209745147319,0.04336913891038705,-0.04987737234457009,-0.3229384105071884,0.08843765826418348,0.3231069136804617,-0.051419910111557526,0.18471781687585317,-0.008552419013529338,0.034905673766150565,-0.3169814124801882,-0.060241138616284336,-0.2600649544865401,0.048620036278739585,-0.07912262242068632,-0.007241445321152132,-0.19542833955961098,-0.04797649624163327,0.22359285303456575
2002-03-28,0.03750504429322613,-0.008429237361957309,0.03819592230279483,-0.2502741712364942,0.007538725470811918,0.050341024314362146,0.1601599126669689,-0.08870740468216513,-0.011179353016777147,-0.20287237437627884,-0.07103242193165694,-0.20994505855893084,0.13351377036829762,-0.036102479102608394,0.2915083404070965,0.10740269527923624,-0.256484909201193,-0.22808075010763507,-0.02925518197176364,0.1551755983352759,0.10977657012046924,0.13947380111358287,0.011958143721387293,0.1669678225791968,-0.08328526299231793,-0.16133247892583896,0.08458934159995984,0.039559806562763866,0.02377462039205528,0.2322752064104528,-0.1595184991399494,0.2005022564483858,0.06871521412929467,-0.03101028058913314,-0.012025984760837933,-0.0369543683646452,0.16621424690605702,0.022059711111010502,0.10451411530319758,0.07529754541086717,0.03390364682772509,0.037602908008587815,0.030875336584278146,-0.00025712530497081984,0.060601290861898714,0.1017595797058894,-0.07871117088307834,0.1624133383065213,0.11220737033893746,0.12701024864598276,-0.02675139604351945,-0.0139753367405613,0.06846721121100123,0.14693429307948166,-0.02855593503199631,-0.09917084181623549,0.053707469469251375,0.15808581828924134,-0.08474817677885461,-0.08342343453109458,0.04955238834366624,0.11058224493389604,0.07121955190248419,-0.09400962858690187,-0.16579539435619403,-0.006810548899169319,-0.2056188015320186,0.0451304535637773,-0.22870940515474425,-0.025165784600517264,-0.25467028629519267,0.055216592312767654,-0.18160873463930893,-0.03733744851455795,0.24605208085275362,-0.25878095208735996,0.019435521051944373,0.0839293577257952,-0.11655312182543043,-0.16057004632656371,-0.25543511735098307,0.2662993899208715,0.05234037452496266,0.06471326073111491,-0.28859618420647226,0.29839022420589023,-0.00238727973262684,-0.014443042026583386,0.2217264181136288,-0.27998203063136345,0.05628247433180799,-0.1061851159622746,-0.1534543731659701,-0.21800453177816095,-0.035709009682832055,0.03267758351570934,0.15833967493541545,-0.18956170922254206,-0.06817043058925287,0.13435439036971591
2002-04-01,-0.09314512189576563,-0.07717911913143212,0.03935182917397864,-0.3747381035974456,-0.07663056123403977,0.054256239010415305,0.04394777846301203,-0.3734608971661399,-0.08661738540064327,0.05204426645516735,0.004901007872710138,-0.2229701621382407,0.11432862772506754,0.18149378640572283,0.029053703640030706,0.42604929395539787,-0.0783713550861577,0.012230958337003509,-0.02089371222379813,0.26315178527915034,0.28312150367749933,0.20516010846776808,-0.2613406791174598,-0.05943444119324492,-0.17358581945933027,0.1034723433136356,0.20913700003888322,-0.05286562124351336,0.005663354218641518,0.3056213309768854,-0.00220918881778782,0.17257046492688155,0.10072309071053369,0.1919063646538796,0.0001939692773953761,-0.0431790411042396,0.19070260921848994,-0.000135266682464998,0.1905131904568739,-0.24286587626743153,0.07784061785594466,0.004762510016907399,0.08365378216297036,-0.06955425245870331,0.15962930416552235,0.2598734061074129,0.16010765534421648,0.25020379802142756,0.11769582781548917,0.07814011198220684,-0.04384897048502082,-0.1452602135439552,0.18477847650179022,0.015108619848162868,-0.029971361662937086,-0.14463705973983204,0.27578483807653875,0.0752502442653403,0.01150379959550869,-0.0554297088831415,0.11739471900249587,0.013210553102759223,0.09404208312590728,-0.3670644437149269,-0.3160727931476696,-0.13864795333488325,0.12613093871283315,-0.35280250761582227,-0.04865609095054902,-0.04979872263056746,-0.2815652603809088,-0.04039665651290468,0.08485475580802049,-0.11853520139691225,-0.10610440406340031,-0.23782310489455133,-0.03011118980174348,0.14847691622805875,0.0636790012887293,-0.18414713862736645,-0.16597462986106581,-0.055689711314434995,-0.10865602515470695,0.11674223944657264,-0.44652959847429946,0.359748616153183,0.058440766007751145,0.026770557978795434,0.01699921695822467,0.011676168180939611,0.014484334453398268,-0.015625323550758522,0.15218308497806105,-0.2751158535861471,0.013866639370361929,-0.12409182869679111,0.0718385419916913,-0.32489600847727473,-0.19688159456449178,0.07807933618322024
2002-04-02,-0.18660986887918643,0.004374770257964488,0.049113793001216884,-0.25146179423736587,0.07359856406418158,0.2972540999790414,0.17318164475864328,0.1546827954110447,-0.18429553774161256,0.022342990932824956,0.21750570281041004,0.1247396749260746,-0.13006110662812606,-0.08688770482292009,0.0300517548036567,-0.05170304399839227,-0.08134735463015451,-0.09589240210545143,0.1838637353739471,0.16401343023102796,0.2041549484507045,0.02099640456233525,-0.15116071263716285,-0.19861279012725322,-0.01736175801638119,0.10347232916328902,0.21916242235488342,-0.0684667302975397,-0.15315879504464236,0.21843545667739725,0.050448604829066705,0.18567623571389946,-0.05498367481810541,0.17381418137867935,-0.06741593896008059,-0.18007741776120867,0.17260627947898463,0.026478220039291834,-0.16440038645189609,-0.09014210755409009,0.056487766575105264,0.14832331659155212,-0.00360322813265415,-0.09947622988087543,0.007433488034796316,0.18653075140739983,0.21046867326655752,0.20099453501916212,0.021935376541239796,-0.04927172464919927,-0.059070212678752794,-0.11400954876373633,0.07416635913555271,0.13813141174384463,-0.10539872757462594,-0.06517034497607528,0.12951928432254511,0.03870856305932221,0.08281007748950807,0.06694115376538458,0.15909517723436706,-0.06258349807435305,-0.1870524677833049,-0.10699374150576654,-0.07646467713628373,-0.06937819848845982,0.08088061381178735,-0.07528787190294002,-0.048656105304419404,-0.015794807858763575,-0.14942880619581775,-0.07918649030953498,-0.09769997930320908,-0.17053550398110184,-0.22209921523216716,-0.12139903162125137,-0.030102474449418434,0.1657991775672221,0.03608769828559405,0.07625429847202116,-0.22570434902994793,-0.11102131185282064,-0.199331967105724,-0.14434765810865924,-0.25888895728631994,0.2864131342173753,-0.013053946524400634,-0.00857238496921937,0.10898553069403742,0.05339813596671878,0.013616453928247028,-0.07613516179049416,0.29360497093057625,-0.019657366953986254,-0.10339812468290775,-0.10317389825641467,-0.06893494683612163,-0.2794585571038057,-0.03923303143118236,0.07985788840848321
2002-04-03,-0.11986979011692979,0.06183771109849332,0.05966669903539213,-0.25146179908942956,0.114361017347001,0.22936906532986892,-0.01124059936124894,0.587082232447915,0.010073645869851157,0.04214439907784346,0.12928946597796465,-0.275068846142252,-0.09619639098942023,-0.0015479417949118912,0.19288628669531577,-0.7282858264301025,-0.048236042564262685,-0.11734738103043249,0.06329537099577845,-0.10786603916343897,0.04365904556031568,0.07601802548894354,-0.13543976483215192,0.03175844843318674,-0.12143261739552379,0.028939096621881523,0.12014377215085172,-0.011451822292264524,-0.18836083964442127,0.4706971848753179,-0.05842507185298037,0.1337236496911241,0.06965888986748135,-0.0691793318019706,-0.07690179546326115,-0.08491556295465212,0.10325269024722038,0.07219187831418915,-0.377999193597456,0.029309027814878114,-0.02534147110943432,0.27412897871443603,-0.054811452350002766,-0.09581227304583313,0.08542441727250522,0.125922341024608,0.11879410823482925,0.16649290594065339,0.06531154487119825,-0.0008326320985613456,0.011621014119653876,-0.11030830483748766,-0.004078354610778554,-0.12897107457081153,-0.05551533386157185,-0.14280857278527956,-0.03435453502803421,0.13700819690628277,0.11621200780941827,0.0139786892166014,0.0818366938800349,-0.07859581615591435,-0.1291826862674862,-0.10672907229688781,-0.045213190427956296,0.0829190470292398,0.12792468673914978,0.02596590324289014,0.063169671953674,0.059440301430575986,0.08564386000121299,-0.00040992187142191325,-0.2599166496249867,-0.26262257988725685,0.13507019498089448,0.01606232165223952,0.014333543683373981,0.15084207740730476,0.05789834439594388,-0.003622557381873803,-0.032832817935811894,-0.16832627166523098,-0.13319181542292577,-0.16770050879324752,-0.2265050281549766,0.12798499910509914,-0.027695379351277728,-0.2099893907202604,0.010070479028644894,0.0039853324040911315,0.05082933864860724,-0.1441143364773884,0.3513437259354888,0.2030567385745251,-0.0933106385589095,0.027366386996755216,-0.008489245797499163,-0.27510972533546824,-0.054871619713587026,-0.1036279770546143
2002-04-04,-0.011823811010733194,0.2783353587781998,0.03203752380774052,-0.24940129417180232,-0.10408465970145633,0.01846299675072495,-0.36454150164120763,0.16957160904704954,-0.12329396748670428,0.02920090961180083,0.16421815065167464,-0.2545997537610481,-0.2494929272567225,-0.10640152920437575,0.126114232347876,-0.022300015096632212,-0.06544802992540255,-0.3510185670024743,-0.013458262769150017,-0.1396516569276176,0.3275442571997516,0.06945494144075764,-0.02922424157099834,0.2577987521938367,-0.22390508734615766,-0.08175565827086162,-0.1357264563175384,-0.03708333019560265,-0.05715113943681016,0.3374765945330059,0.028169035285199536,0.11389555803300581,0.16618633186214174,-0.2316223589273502,-0.055003168811424065,0.056843015076027285,-0.1526438514208349,-0.037953634531596,0.030656544913776722,0.3080100867105497,0.04329526925374453,0.30842330102683546,0.0019460380676203234,0.03803702171813471,-0.017598988462857908,0.08149458879032732,0.1754023581809444,0.2849655683720139,-0.03012295033250263,0.0203859553924193,-0.06863537044018735,-0.20811514841651674,0.06875333358101218,-0.08664724083549641,0.017429950197459167,-0.012513904786636217,-0.04409529538002131,0.06702504946976445,0.07633322684060623,-0.11340078478132018,0.003176810703201505,-0.002039416360480027,-0.13058961798862664,-0.15403850113107803,0.2617725740032682,0.17985162580115194,0.05339300346806425,-0.04877156513948239,0.024598866428643375,0.002460389769056218,-0.04384498638926657,0.015464980353588703,-0.2937643956736305,-0.11446756734520311,0.030833882395653114,-0.07731426090321875,0.05885422094746474,0.15866776212915276,0.25238836001400144,-0.0036225649594852903,-0.24908003512036397,0.01140279970311273,-0.035350087557859254,-0.0371937946553634,-0.3570840613787474,0.147649161615181,0.1525624547555882,0.05749478940663378,0.18245286255311186,0.003985325978563347,-0.03498463757617995,0.22916568131309703,0.1435199957194429,0.049200633738084365,-0.1308662553004729,-0.18417575368491826,-0.07513810066072504,-0.15128034439375057,-0.19621720230952527,-0.11863755265643601
2002-04-05,-0.16033042336445782,0.11184142507729938,0.016008524815548313,-0.20148255673459584,-0.10107797590672489,-0.06438674419113427,-0.3042951784560669,0.6530445185037858,0.04074789255524746,0.1476363179131496,-0.05497656686071051,-0.07767207812627205,-0.012570073047502744,-0.0049950185892882314,-0.06556769841102643,-0.5575931606784494,-0.426817500191804,-0.16395693771093886,0.09962954409692468,0.003810182802819983,0.24638502006979418,0.1908720760284437,-0.0591282544779803,0.28940960441264457,-0.27482478686079576,-0.09074463388306636,0.05045218405089009,-0.057925150437401665,-0.18054960337969628,0.3361192963799724,0.25104986478553076,0.1524157092224638,0.08848396476015324,-0.29785781319938043,-0.21923119517701448,0.009609625456522152,-0.12686692996632382,0.07946482847268624,0.07972523048430973,0.1551407463209918,-0.10253201608258757,0.03314117197166735,-0.06151932561421594,-0.10431985232881691,-0.2839129235774039,0.011028173188983423,-0.04045817018268389,-0.09194127103972469,0.06187371876398381,0.015523399496061808,-0.03056012447751986,0.08552472214233905,0.032418849717824584,0.125950406718157,0.013274713778554869,-0.12258915383957548,-0.1438440716542012,0.07369541199719665,0.15414672036993035,-0.1163594814454611,0.06461823191428347,0.08622562138841533,-0.06000292229100287,-0.013234874780526797,0.24303349176652106,-0.021360495125889323,0.027922193534324964,-0.021606859914756138,0.024033500085813904,0.02053870935492801,-0.21545020155894895,-0.05767705379870117,-0.08019763831114313,-0.13435202923284684,-0.039443503997853624,-0.14515768225515568,0.2164800339488665,0.24726357743082417,0.2883530319637003,-0.2575711276974233,-0.18881774790087857,0.12003578355809297,-0.13822936409771652,0.24905462984332422,-0.30568591702359793,0.3969838932938201,0.09631372845335216,0.15867382636002528,-0.05282505960510821,0.053608133997223584,0.05812504680937404,0.18902368214443124,0.21746632542882324,0.2182323823254776,-0.010844447666956115,-0.1447979863705484,-0.1836305492253365,-0.12196929816136916,-0.2627434304219672,-0.04974276908194698
2002-04-08,-0.09054285731997434,-0.059810985582700586,0.04294635554709595,-0.16591386295343138,0.08323183001141397,-0.21417510274544962,-0.06634511820692772,-0.3699508373959216,-0.1009761354888018,0.27765102102725636,0.06673141419352846,-0.2019741292581076,-0.11905904828692086,0.14218109015266306,-0.025428684695865966,0.03188226547244377,-0.2682210742488924,-0.2024135267618335,0.13456338113941232,-0.10008152605566077,0.06605462893975968,0.06142369754006694,-0.0317875487783076,0.0861967949197782,-0.09130369673140681,-0.07839852400098671,0.0424247282708543,-0.04911148206438337,-0.09863322626704885,0.312359730384559,0.02667666811700586,0.10307453337730338,0.207159614026348,-0.20256533198528515,-0.16897521200420038,0.13646620484257443,-0.15178440612814237,-0.02325644089430012,0.053271025704599774,0.27084130617019714,-0.11439206603787806,0.3028321381131453,-0.108511629373825,-0.10431986597687093,0.0029666396808021777,-0.014950027539947728,-0.07182236998045556,-0.7212979813138329,0.10039063033557505,0.2156263061138956,-0.06285305838854205,0.11435097815326284,0.06216654296958723,0.18929878152121138,0.03991962751911607,-0.09133885101643999,-0.23487598196051182,-0.14318772860639484,0.10457396445625848,-0.06277275598868302,0.18058912395227256,-0.15151063953038518,-0.031307588778022574,0.027823855334081604,0.17874812716896407,-0.08551784135390829,0.01314295413806896,-0.05800549068520746,-0.21064141476510273,-0.0005341472736897305,0.055315250676098,-0.03587258513630439,-0.08019764247262297,-0.08740698987735143,0.07430193067020242,-0.13935176686562128,0.09127494881248821,0.18391242623956033,0.151148810803739,-0.2896787382178901,-0.08054467041525791,-0.01340370569367348,-0.1107470746980309,0.1830180376453437,-0.19840682500346793,0.6108662166922536,0.17259583967203468,-0.00473741622573804,-0.06512764380597215,0.04470480192613253,0.02209613730483442,0.13155210604345263,0.11662754657668542,0.10323117749838345,0.09219660526568405,-0.10197638264923972,-0.07393216108348535,-0.12196930249736872,0.00531334940464688,-0.07647521676723547
2002-04-09,-0.06383546119801656,-0.35453554972304024,0.03746975432272276,-0.2133442653584675,0.24145650834999782,-0.08538668667747973,0.003315740411621339,0.31233527027044383,-0.1382475606885104,0.05961746465510185,0.09865316925044114,-0.05276478172504608,-0.013866799884086895,0.16963281944658185,0.08435507364864074,-0.4742804223444004,-0.3216513064753018,-0.4969881121435132,0.42066610897955714,-0.04703353331191994,0.16255333394585397,-0.18317151094742468,0.06328093851448141,0.03422284006971291,-0.19143357372862937,-0.03414102118208151,-0.00647894966865527,-0.1028319356776075,-0.3102270416872422,0.14136341997666338,-0.07253694930426517,0.09500465978475335,0.2071596058216052,-0.29979200670009293,-0.12780833423972776,0.08790055080578833,-0.13808788118603557,-0.049523920191579834,0.2736496374216148,0.21045456215965797,-0.015988318038255168,0.9247157526607428,0.011310758317469267,-0.0003592487140615833,-0.15147215323260538,-0.014950033180793793,-0.1215760686380455,-0.5974511726575402,-0.02045751013481634,0.22711204042578276,-0.129537499872737,0.43204960265679154,0.13789542577161645,0.20002410356315642,0.0047276276986858755,-0.21310642549498957,-0.0042443820601191316,-0.166182323535248,-0.023206624319731264,0.08916655818144806,0.3390048436010412,-0.020752589655557378,-0.09020116074154362,-0.1384973916814162,0.11703587975019471,-0.012912987098877766,0.08701821813605241,-0.09250920619585694,-0.12160282394203417,-0.20936500177832218,0.0866040260775094,-0.1383188498620246,-0.20085116425527258,-0.04550151110658487,-0.005850874376637164,-0.21823635886499182,0.10338786181800637,0.19570323359250585,0.034397118118256964,-0.3742364170125069,-0.047092417393813965,0.2504308959021847,-0.06955418376854997,0.33036490412374697,-0.02111157032146752,0.5656817245149294,0.07864475989431531,0.040884997599825196,-0.06838476441911696,0.08600505906689809,-0.022530121922185703,-0.10120378145111782,0.12324364855402666,0.04091081911271789,0.11638096092100017,-0.12223749388918777,0.0832406037213332,-0.09119798545745593,-0.08970195638976619,0.05361180786948689
2002-04-10,0.0632975850003221,-0.05686592848661613,0.040426693059805195,-0.1036239996678845,0.17717028335761212,-0.009976988890365074,0.06170831362999077,0.6027375560009125,-0.05869895625292544,0.13724695487789174,0.26642672585772614,0.0875234063553724,-0.07042685267398122,0.15030717261631343,-0.06100370890410994,-0.5242967460154923,-0.04848128680455429,-0.20246024936362036,0.23528448529225923,-0.2898379001162763,-0.07545133258816075,-0.16722347218833714,0.14816800193750293,-0.04794329979477859,-0.008314936476192167,-0.2384462256065258,0.009019911048364514,-0.10421072710780949,-0.3486668687129546,0.348569759132456,0.05944102847231053,0.011969750251957966,0.17953531928978111,-0.16428716859707698,-0.13239425574404987,0.14563855286097432,-0.1046192678167967,-0.10591353810559226,-0.06961605785214064,-0.11201398772400992,-0.00854222590910508,0.35510049992634873,0.1734071054174979,-0.011531456400285382,0.08019846616537196,-0.09373188193862425,-0.10628975259705493,-0.4356659629994601,0.00015947847446430065,0.13477668314817678,-0.23710492799271818,0.17787598860023612,0.11689955948846636,-0.0018214852785984504,0.005407694647989347,0.03297442934252588,0.10998290354567142,-0.023115095875523753,-0.08032124732385276,0.21730140167763895,0.0854472187748531,0.041568496544944204,-0.03259040066848273,-0.0016199600922021597,0.1170358710973905,0.03013773975734328,0.08880934050491418,0.2574014522282644,-0.05445070164018944,-0.18111618964805873,-0.01814761050969875,-0.07051255982910964,-0.03486806045993918,0.028590039137587633,0.015518620628161617,-0.036439339608192185,0.06894440760122639,0.15875513235402564,0.035384894170277466,-0.22516044847121175,-0.013204806205090118,0.007795966132773259,-0.19366572756641448,0.046265342060758705,-0.03209034194749091,0.31622921615486943,0.01538504166414076,-0.16727461510632682,0.2692781136746617,0.22700207226377941,-0.0179452334385878,-0.3544429037887468,0.22893607166728636,-0.08894450485835328,0.028171413731834016,-0.15027188945703251,-0.01768773327055036,-0.10937453900107827,-0.07156249013120769,-0.06134614734053615
2002-04-11,0.1011725948897567,-0.0980875059866915,0.04223814924527468,0.10029979813861041,0.115580751086329,-0.02573579714364453,-0.16601490991249276,0.843521039247298,0.028217528437368977,0.18281536282073013,0.26642672387610233,0.020504815566477076,-0.13060720078567906,-0.07137973487947277,-0.31801065681481405,-0.6685331805121566,0.018479566864104374,-0.03262776899532436,0.3640051142044137,-0.07859085916365903,0.10308546045691339,-0.13199505885475962,-0.020612745811997072,0.04436000285472306,0.061503019504371065,-0.2042568992455591,0.16586053428595815,-0.049261455086838886,-0.3966908713429725,0.3485697613347755,0.19568497174908,0.014941711195104294,0.02392831550235631,-0.06265076554334027,-0.18001434611062977,0.163852036470991,-0.10450649509663973,0.04141119021127622,0.08487456540520871,-0.012438235005535262,-0.04330926498005838,0.24377537645282268,-0.018581893364678578,0.13161824064540406,0.06650258350775698,-0.13306228661953554,-0.024851462352838485,-0.3943154778019118,0.026934117213433955,0.05691491574034487,-0.17853223344318922,-0.0856900466102818,-0.017159897121900837,0.00859538311929526,0.04488146245792928,0.01298458729708807,0.03877273838153027,-0.2690920998590493,0.08326470195508956,0.22688383745493082,-0.25187555082268026,0.18237598812828862,-0.0464148663614701,0.21878966453582355,0.011700372747666742,-0.10812562479196966,-0.10052017433676123,0.2574014348048417,-0.045475006176282154,-0.08186067624081154,-0.05664568584783769,-0.009188124474117708,-0.01738025290402889,0.03306542464336059,0.11139113217181976,0.08047185906887173,-0.0022038480730602827,0.09561655813504281,0.05119476146033984,-0.22516046132661827,-0.02122312140616687,0.15861330619442132,-0.16916037899942438,-0.10491812566540033,0.03176502196235435,0.11039532752830186,-0.07087889773295575,-0.10170249761138116,0.269278101176188,0.24483148793095608,0.0095405350361112,-0.13347402921701215,0.08018684132235082,-0.1737441814114677,-0.0744247983160226,-0.05061559529487761,0.05644532010853108,-0.0838381653754058,-0.11009314238179665,-0.21131078203544562
2002-04-12,-0.01575191986390812,-0.22377427505980738,0.07507310293827091,0.16616835404568378,-0.03716414931590284,-0.11381670418327053,-0.08081390874123552,0.21314719182502673,0.058435528953031564,0.17942909510645275,0.2738202123738665,-0.007437135882989985,-0.11500341372003658,-0.09021556330933668,-0.07913048446840917,-0.23636988192972952,-0.060418632055959855,-0.009946436604235503,0.3545811714660026,-0.08816479851417752,0.10308545280907949,-0.15001805303911322,-0.011506199267421224,-0.011593856155165071,-0.007402536395584074,-0.09857194787849,0.12309471180709335,-0.0634448060069367,-0.2919541889128439,0.23560804474039557,0.14191401121743855,0.06245644805721082,-0.005918356027021474,-0.14821273980733576,-0.17641960710519897,0.10609437835137261,-0.11386941643789167,0.06457040162212332,0.056984417704774346,0.11564046844815092,-0.014995465163608376,0.4903877565170898,-0.10965469835916195,0.17874667222273147,0.07047344777189901,-0.06612886084326468,-0.06676760597539202,-0.3042769380254891,-0.03691861401476527,0.3092148860722974,-0.05209225813680289,-0.1277460078349333,-0.023108166269308155,0.13629836075094245,0.029106924263957605,0.09399102866840699,-0.01317759435761978,-0.2917695864293109,0.026945002400302617,0.22688383049047,-0.129992623731904,0.17662363096232525,-0.09271913441335468,-0.04923927360005065,-0.004085921390756376,-0.2157642305111819,-0.10320336169453707,0.2879651525012344,-0.007796973663728359,-0.06374958649807017,-0.09745734688292763,-0.009416246287290228,-0.05504218360090386,0.011052306616420452,0.09779124904081168,0.10086463511140684,-0.005514113021191625,-0.026442719080772354,0.06648263087074056,-0.06153581156541995,0.018031181178952273,0.10987520301410102,-0.11952069296545,-0.1618242997798926,0.006011020345881143,0.08431974556919387,-0.009321699332718831,-0.1561537044952021,0.1851895030552076,0.09803458924766631,-0.004434396841928599,-0.15786736098109483,0.01764357983845829,-0.029156946976927736,-0.07260570618009991,0.03705678276741038,-0.058406752379588124,-0.05169824460878743,-7.972407836763034e-05,-0.20297629335295983
2002-04-15,0.034810742063018776,-0.014676417176925761,0.06776631899073232,-0.038882156368076216,0.10764070140156556,0.001125293006467306,-0.17976695487384725,0.18072139799142042,0.05808198485300195,0.1506757231020504,0.3543159426669813,0.0034943511188820584,-0.17656896619724427,0.009741791245516098,0.04440976378199873,-0.2012471898768725,-0.2396284101370819,-0.009211298672650187,0.32939159687471414,0.03521391873711106,0.1030854478623155,-0.25151430882756026,-0.002759402388335033,0.05970885139342839,-0.027669463831524674,-0.05186161394017162,0.04684695589227949,-0.1340483020750823,-0.194059818355156,0.12864039936844088,0.04195951640957644,0.03886042939203768,0.03857331944321304,0.03389837356057466,0.03767131543400286,0.11557599534319542,-0.1442126071208165,0.2494103442900894,0.20381832649251536,0.1741612220896987,-0.009998337989779511,0.3181596245452534,-0.17229131137280432,0.13762208720738792,-0.0668895687294551,-0.01733411220382257,-0.028823567931369847,-0.23636023423668553,-0.08238829923570723,0.3308694939338884,-0.07689658193595696,0.0014977332834830096,-0.008833377437645895,0.12634076886473777,0.032174802284377996,0.05568353327468217,0.15677405641364214,-0.30018626446397756,-0.039051780051097544,0.13376227443871472,-0.15991394607247464,-0.1940317857668479,-0.0670716005382919,0.16973014783657148,-0.023404535524954497,-0.21075279187952023,-0.12586973736136903,0.1643026883718307,0.049013743859562385,-0.06786818954035521,-0.15677885590136834,-0.07698015445637306,-0.21748721655379163,0.10683615830046442,-0.09221510356245484,0.0036036365228986566,0.0478599703903417,0.02612253711382412,0.10737358618230183,-0.3142545890480868,-0.021123892197223885,0.12550965873957612,0.02375357435993945,0.02263574224231642,0.013316491696474324,0.20442873770399747,-0.0675719581065982,-0.18197168093438998,-0.021790500304581586,0.09564732543458569,-0.08291490825881172,0.02452669139581802,-0.1385265077783756,-0.08007032898967677,0.09028453998596317,0.0571708673748129,-0.03912940610279756,-0.002982799610746521,-0.13090829575083013,-0.07651475845898505
2002-04-16,-0.0659895801578232,-0.10571615027839848,0.03329583320665738,-0.16469984228006113,0.16580778468106455,0.11502822570626081,-0.23934448501391428,0.18072139629970682,-0.024967263092670746,0.14250579406390512,0.24698132232594974,0.20427998410884612,-0.14075406540174668,0.01251788558817992,0.19027608609011992,-0.23812217116318088,-0.1430492970567524,-0.1016081092244857,0.3211241124421395,-0.11367150941734812,-0.12289131224396357,-0.2515143209470372,0.1695452946436681,0.061301125284599765,-0.11144597615118604,0.3054866509882175,0.038104461255837996,-0.20794830112114895,-0.18720335119501624,0.013172508108192874,0.08353339303227673,0.07647731796063796,0.19895995997481009,-0.049315160093958074,-0.16722378302625787,0.2255507677101159,-0.12873287713234707,0.38109404242962014,-0.03969872433085106,0.3012258974956468,-0.015840400981012876,0.30524061891929644,-0.15413736530855252,0.058611075471289395,0.11366185699739877,0.03154888916035686,-0.10239097261134791,-0.07968828436094774,-0.05821043577190059,0.65264944616586,0.05888218019618487,-0.22141273019624766,0.01851618563538552,0.06725923094190539,-0.009205449438446606,-0.19595719417955307,0.16625412083790772,-0.23519465064496659,0.0005333689104754695,0.13124465365638321,-0.08780120199433622,-0.21853285516037893,-0.06707160059936289,0.16096673855039295,-0.11646578037920663,-0.17372414245305406,-0.23052785416384886,-0.08790047051105716,0.2831189300301474,-0.031194476805477742,0.03672602422701921,-0.09291751265176951,-0.0819507931305948,0.11131387970986262,-0.13999279477666454,-0.20028112148807006,0.09719379614284386,-0.032636591025937474,0.05854089441566975,-0.33363242115427033,0.015107299469566871,-0.16280948131384654,-0.12289060612577432,0.16755252997224515,-0.015939080174320976,0.16226568044289916,0.111226575143464,-0.028318568651246857,-0.15428363819865537,0.22581856285994903,-0.012277169811227782,-0.0929166827754762,0.015110515312635624,-0.10765791432588255,0.11514401149514633,-0.006083565809403198,-0.001964280567866972,-0.03683817743589647,-0.0841468928549472,-0.14413131183932612
2002-04-17,-0.09150555467103128,-0.1281472757461653,0.004262213773563182,-0.1605550006437628,0.1856214946962768,0.4911334489042883,0.04023198464842005,1.094201333874692,0.057987742662317,0.0016628576356413193,0.39655599389668483,0.020468323690790713,0.06620954439029335,0.13944773321408718,-0.3000392750553357,-0.9324371653667658,-0.32682934570442357,-0.48461399167561114,-0.046570402506498555,-0.2599924175086156,-0.0504261358949119,-0.09767366673621634,0.18257115882848912,-0.023512008439090067,-0.15893290306986313,-0.191225649506202,-0.17671569603845055,0.0035544207169968794,-0.23863163936015153,0.13477454848403705,0.17962838956351762,0.0505822413590953,0.031057640946145312,-0.20470868076992568,-0.028782995889528942,0.07120064209447222,-0.1407231658285649,0.13811804530687102,0.3758265935495734,0.2978429530019919,-0.02692646600072534,0.45187529534784054,-0.12700017328737517,-0.05898480902825978,-0.19524177217361663,0.0301096656852039,0.055724631887291126,-0.3476270990531275,-0.11463256199215915,0.44246529847210914,-0.09311038923740637,0.03829704932773972,-0.02604431200984398,0.09502338849099314,-0.02739786090735835,0.07461524166368316,0.01682211525285608,0.19551705621195306,-0.1513017955587257,0.3446438045003566,0.3043677075332546,-0.321675793622822,-0.24244558263215416,-0.19810763370079762,0.3886157125839326,-0.034823302179572024,-0.2601224994597478,0.058362744273792046,0.5230006805239091,-0.109981639433835,-0.1021129216063109,0.15188080410939073,-0.1720670058275037,0.15266007805091147,-0.17950410141382636,-0.17018022520072382,0.07342800013222046,-0.010740100564343586,0.0578191170637868,0.0672949225442003,0.002143237105137188,-0.08211207774822207,-0.10346657006706593,-0.012785281325996432,-0.1650831922210189,-0.01696509238038935,0.11122656358621597,-0.06930409968142534,-0.051748505439973294,0.07652620740615693,-0.046137568785491335,0.12918063646943673,-0.10588747416574613,0.007479844119601667,0.018668061972141707,-0.09009675820085718,-0.09842317136264253,0.004216240948670238,-0.13974202402528743,-0.32636930234973643
2002-04-18,-0.007185078593310687,-0.002984033997742438,0.020384772364839637,-0.507597009947301,0.27659626498197143,0.2037329475719564,-0.043189185131455074,0.6326446907788847,0.07462328362307348,0.02433785009367491,0.13640991412342382,-0.14641911665802498,-0.13008888536072813,-0.2546439724884846,0.046280806623289046,-0.7220712478879234,-0.19381185986771945,-0.5867457931998299,-0.23594703851275745,-0.12775803912303538,-0.351965583783605,0.2750147615061209,-0.015159260873634114,0.07334645307673439,0.03354178689266796,0.08910126842300027,0.004913709116728584,-0.0006586333073632498,-0.47357170791689895,0.06892883445089638,0.08728115913459206,0.09818505064604495,0.13817138916369914,0.02586380648092048,-0.06379122137651193,0.12389710419702346,-0.13724113028934454,0.2815968952032027,0.35563312446757306,0.20557927941479184,-0.0023329263043901463,0.3331159350644945,-0.08062850103889607,0.03558822316387403,-0.10866331099183815,-0.019215201758019954,0.127936473126738,-0.07264492210603408,0.028701143177692963,0.11887930380327268,0.0038588773612395436,-0.07852563897402859,-0.12876455494092398,-0.14604751740103553,-0.03066573407756527,0.3038506060835433,0.05831437505823112,-0.10759614097070264,-0.35036591024177977,0.2871352372623391,0.1917910562397564,-0.09397285262476303,-0.18352229486218788,0.23780185098358134,0.5079235943959054,-0.06713605975954444,-0.3049494975897767,0.2527941152798112,0.5167640948334216,-0.10406003396570895,0.2631031606578595,-0.05925717488737134,-0.40764658973034396,0.13055631334095236,0.15570429916705503,0.09638145748751004,0.040714923369006305,0.0681072227991139,0.05080677852802681,0.1730875332217556,0.1985281954585974,-0.19060579554985937,-0.1350725073035168,-0.22431024193081764,-0.048355368971522185,-0.05369910334764559,0.2962757721483099,-0.029613378695188583,-0.07198952350737546,-0.005885414547785809,-0.057777925130405486,-0.112112710808515,-0.07298516520006898,0.01459751085597141,-0.22505738645622134,-0.14868419046350886,0.03298315566933185,0.027399780767851052,-0.04921888800075639,-0.1407662670963202
2002-04-19,0.04271952908456249,-0.0057657934746432014,-0.0005853647968497247,-0.08707882967446319,0.2325304676960998,0.21646828710962154,-0.01905089250280812,0.6043023394980889,0.23723753109505918,0.024337843883486185,0.15026945001792152,-0.27190341509833305,-0.36347538532003987,-0.18384926126200926,0.0015076529963758032,-0.5659425257927904,-0.12637379678010938,-0.2977014046385892,-0.346274335504252,-0.004749707512704787,-0.39275914135415485,0.04901167233368447,0.013147241393754087,-0.015540876952821914,0.019256498073506982,0.13307815296367007,-0.003121405785125065,0.0739759586141096,-0.397092855571141,0.2821208026304302,-0.02370653186001722,0.047826130375106524,0.1429585854550593,-0.11070097990417435,-0.03735129271242448,0.35362718804671095,-0.0077925920338685496,0.5011198363596825,0.2630187649610321,0.23570222382976957,-0.07323975656564383,-0.08078147689657555,-0.1516804809746446,0.04884503436654287,-0.12088343903851217,-0.16016641659653358,-0.1547980545571755,-0.30542466348258057,0.0052211758782558645,-0.009514324522855716,-0.02163445302072449,-0.10719311816468471,-0.16096388574256945,-0.08388880190783385,-0.01949396265253186,0.17547445275399032,-0.13971538643438738,-0.13323233527027087,-0.13220696861353343,0.2157280898032401,-0.05053389739003614,-0.09946963252353466,-0.09066559035519724,0.1710957237839336,0.18506128958078083,-0.04346141860509807,-0.11728438651117296,0.13429329295444642,0.47822543453866106,-0.11668226275281286,-0.03216567402082517,0.08560167899714516,-0.4341088435603775,0.21603045706906623,-0.1292951998352129,0.08704445754860589,0.12054927245194907,0.005061978183484539,0.0686599712924881,0.6708130007020859,0.26802231533693516,-0.1511337746512702,0.06764132162210987,0.0032554650901593994,-0.02135491583933925,-0.13666721091619183,0.37232346312940945,-0.1796576151163668,0.044143797551510176,0.15430522129024546,0.08713935411070994,-0.07692729164447958,-0.1590550648594068,0.09625879848347806,-0.17139245240574802,-0.13813680048532798,0.03951091126517791,-0.014164919290114517,-0.17794522687890804,-0.11326259099554944
2002-04-22,0.1797215626185179,-0.06275650549320606,0.0093802893179161,-0.17921778749447778,0.1391749252648455,-0.002219112921698643,-0.09093151722002188,0.1595467632053553,0.19064578397836235,0.06612669896147816,0.2396081328989288,-0.335700212568056,-0.41596449712377875,-0.1229925976625291,0.3593884118304385,0.012978546718770197,-0.027391408838375493,-0.22632221855109283,-0.10285679674990653,0.061435080764981935,-0.1325393502916769,0.24030481942730472,-0.05030770720282789,-0.43764652815003685,0.11426049701030715,0.36052011363151276,-0.13588202992959827,0.09048117783403933,-0.6013885890076769,0.15321218599988648,-0.007845470769914787,0.06937628628520812,0.16555669783613464,-0.15897186897669402,0.06270201785874206,0.011273770385860134,0.050717998279934756,0.36434946798752094,0.19781167471127636,0.1149832792515776,-0.10405427928781641,0.08743705523099266,-0.00708446454820956,-0.005858490785084028,-0.056722731068053985,-0.03200783331131226,-0.2151727641076054,-0.29745656693738853,-0.026007080359106025,-0.009514325137105801,-0.13131184476897326,-0.09766798164213053,-0.2194950126340409,0.017705060687099722,-0.005199631770312545,0.13036447610646854,-0.13063430370743004,0.003147675151714965,-0.1212532639297109,-0.08029320210981963,0.20880144645174714,0.09393772142015694,0.04922597722198183,-0.07296555946119034,0.3432641743183575,-0.05796956691909438,-0.019906297626082863,0.09998008031534773,0.5778043423505979,-0.097555667191845,-0.1653721464026401,0.166749832682965,-0.43328144168642013,0.1509652494002003,0.12439978054809936,0.02981077629620011,-0.009219238054526471,-0.036168378580759525,-0.01308924042994961,0.26499753733851694,0.2706520597857502,0.011057776589689566,0.07327974981216301,-0.01703011341890493,0.057633589079690226,0.024275300613271707,0.10183588498528769,-0.11132187605290544,-0.015034039757293644,0.1543052234755882,0.04971850532688475,-0.07356074251583136,-0.028620266118718138,0.023708321169909122,-0.11571451342549431,-0.11850251534812584,0.18543510401767244,-0.12123203396151878,-0.1742421969102032,0.07023458664771388
2002-04-23,0.01787138006998041,0.020165995127156718,0.04343763184783946,-0.21914375959723179,0.217302066604603,-0.10350367213605388,-0.06861356459245137,0.1580206124095736,0.20222229083846377,0.12137359961665319,0.242139114856578,-0.29896237554062693,-0.2976721620730531,-0.15548432116344524,0.1697202754275106,-0.24449799254926535,-0.1081238760242336,-0.17004648154790084,-0.17282344037665828,0.17667387722535544,-0.031006308800616247,0.2201689919582294,-0.05030771762278623,-0.2679440612846464,0.16837196703490417,0.3011883111059402,0.03961584185317001,0.05162741771087062,-0.2609774661136279,0.12783853259275654,-0.01585483262541051,0.057440843471077474,0.19056185990255048,-0.05554034980653472,0.014214017489415818,-0.0938548347803194,0.06221129911376821,0.2107357564399006,-0.0416755707102461,0.27910204791726084,0.018415081769713598,0.022738129902229783,-0.009072905267058725,-0.14244414298408634,-0.03056694224242725,0.03558174747214678,-0.1546030242373056,-0.4228714984513448,0.08734522556234459,-0.14513950063777045,-0.048504597475857864,0.1482213862655114,0.07336948818276026,0.05148876366387542,-0.008222060661727012,-0.026537423072548503,-0.15982890746130082,0.07875663044773723,-0.04972958416525076,-0.0795731094812805,0.2161485099286075,-0.20348432567961208,0.056444979131510836,-0.2503436426706666,0.35196657130697795,-0.15895999380928014,-0.09270209423114882,-0.04758156832775564,0.14689625116220795,-0.09529403337155178,0.17488185269479536,0.06563294685436871,-0.16200006582287474,0.03115206931063419,0.11666449525954443,0.07738796059179788,0.05492001666121915,0.055374628609037906,-0.0663487511063307,0.04062568342193735,-0.158429369191524,0.18349494702384403,0.03321441853829171,0.0801868409411184,0.022019788866707534,0.23645394995168828,0.06106057576714369,-0.13462142140400157,0.028635012632305015,0.02757813394202765,0.05224892883054957,0.05254785039657502,-0.17986670220067358,-0.00801545532316701,-0.11760247629787854,-0.06357667572610125,0.0668075671259837,-0.10830480898356185,-0.14397864736319418,-0.062047753229007095
2002-04-24,0.016340635766423105,-0.11427233234025345,0.03823452849921252,-0.1844168474817489,0.34651946701541014,0.02689261164725807,-0.1451822456338852,-0.5859544330576832,0.18002649103746068,0.50000122691968,0.27185699706408445,-0.14372636820916013,-0.2593867950978687,-0.24275578368422468,-0.05346280355272453,0.32481476138431414,-0.08239167999902731,0.039938773293671605,-0.19007227929460738,-0.11322262756150718,0.017674193238841777,0.22139389064149925,0.06738783384335158,0.017281878403804747,0.11406682703034998,0.27349216701058443,2.3365953166312284e-05,0.18824949061240268,-0.10898687199363426,0.11757584202733343,-0.3099285466527993,0.15733851322244416,0.08043713486998796,0.014302078806363838,0.005741213940726611,0.010575133228400313,0.027933686773433383,-0.045508723088274076,0.09451378071368002,0.37586877838858485,-0.07940359044616459,-0.02360752772050437,-0.09649205460482992,0.0028381179051105107,-0.4150949557697722,-0.03066396373823383,-0.09910459041244107,-0.4952382826267335,0.1323897907952711,-0.15711814797051163,0.03407608758929976,0.07904284117608018,0.03057905277054615,0.016946552421329978,0.020264275568987557,-0.17007117990571705,0.07868400283254094,0.10587582880036916,0.12223584475767656,-0.16091230126891912,0.0916731104259118,-0.10330410002730468,0.07721634122249658,-0.250343645812928,0.08665795579874197,-0.15895999844713546,-0.18230176083455343,-0.09387569793416106,0.19832927481398974,-0.04710105922433136,0.4215005646965903,-0.12459535254161487,-0.041738518327061484,0.0035899393980874305,0.06786170233548762,0.02023879850546645,0.0026777262276803286,0.016686010943432247,-0.04542151102899158,-0.1493637498238938,0.033551469249229644,0.0037966881586450397,-0.07527100681001533,0.44107095690324283,-0.0696913626194737,0.2657080856917658,0.16673784168161712,-0.2010066013121884,0.010557066946716702,0.1420318955374893,0.06735005608103824,0.08160582351889224,-0.09914762086545571,-0.03257003784903219,-0.11286981259274007,-0.07040281381243753,-0.08181865595088028,-0.1417716537571984,0.05839759951290382,-0.14852345701520325
2002-04-25,0.09248468303276525,-0.03920478716972528,-0.05071058759690204,0.012139360314594436,-0.010710255659568756,-0.0687786725790097,-0.04938355219042598,-0.5859544450464461,0.18002648598914128,0.6104497394506349,0.3458626556603563,-0.17009207276607893,-0.26560860888346555,-0.1838758823958508,-0.09908761028006713,0.46919841261214773,-0.10254149571367642,0.10104673209816342,-0.13915772848304447,0.01712836751877896,0.045663033732205704,0.2784824937362088,-0.1197120026259845,-0.05801929396242895,0.04952197220563413,0.20612143715773007,0.10497797767880326,0.06044993670477386,-0.24119522741892296,0.18061030872167572,-0.15737782533498712,0.11565994366155428,-0.07628021118790064,0.07815340002190768,-0.05155408765089528,0.06264663487495008,0.02962267369264669,0.14731748013526233,0.26530967468024425,0.2068155845594481,-0.15723549812650905,-0.14331276524966147,-0.06522840439395651,7.896899835757503e-05,-0.15872999966052134,-0.06523877356456032,-0.14648375355863424,-0.24316313323760463,0.10666336136144046,-0.316061965429633,0.03391159568748863,-0.1356283068628579,-0.061100935293392014,0.07007583704797736,0.02015502916870282,0.16449673908667103,0.35113985433848294,0.10559628900962276,0.1555834956096835,-0.16770180287889677,0.04889867228785213,-0.1642035088248557,0.13752150089990078,-0.3515634734193755,-0.028974302886080584,-0.04076108080068063,-0.2552750671690866,-0.15614701510238785,0.19195694648376502,0.008166192093497015,0.26950625150485147,-0.28550968623817125,0.20892284057630342,0.056687860642293565,0.1927664158181022,0.09649387266926263,-0.14037617754079695,-0.03647539567057217,0.07811389828606712,-0.33266765024845407,0.11286410712904052,-0.09204172063297292,-0.21684635699926155,0.4365013774346814,0.09423770232167776,0.1572653276098433,-0.011862550764800528,-0.22247255030759577,-0.09029502918451271,-0.1060708028923804,-0.032181085449436604,-0.04753976398116767,0.29036401081588564,-0.036144607198730805,-0.13273770054846798,-0.13275283084376696,-0.023725435971855002,-0.2062355963079939,-0.09575696450941326,-0.026482980683119956
2002-04-26,0.01949139200169741,-0.1903898403195504,-0.03745548622272393,0.01899093402576197,0.011821135623112983,0.14636912080553605,0.1254555764618433,-0.7071627962286902,-0.06142427483543569,0.4460099614111597,0.17642671800314771,-0.0476007463400114,-0.30346049131806446,-0.11034116120382967,-0.12234680519583664,0.7154981285871335,-0.03829281207052366,0.08646843461497597,-0.13975485338584492,-0.0173895318268382,-0.24328957719290498,-0.09358639394859357,-0.06194079149793957,0.13281776575078172,0.13078665219781813,-0.07865140215679368,0.16884124773498302,0.026758797565101,-0.005602712641554322,0.22596044944204224,-0.09608137346523077,0.12187839830493853,0.010884805372639838,0.08965568684425863,-0.06287470514550869,0.04801787300370384,0.03174877832112793,0.12913665065249735,0.12944707341044473,0.10067340644843835,-0.05770812582892286,-0.16788479606087234,-0.06767694780674458,-0.024859580246501086,-0.15873000632177794,0.028035118771351654,-0.2047880761620866,-0.22210401816937878,0.04997514653016923,-0.1702361213247644,0.02847985433307385,0.01726220917776733,0.020502709523840087,0.02414731220980228,0.009774198049131093,0.30127821063111365,0.07001514999364661,0.0601278789039836,0.12193077778542649,-0.14705857124327884,0.2023748426379146,-0.17501291160456095,-0.018687038182232524,-0.13522729176348203,0.15105810059308294,-0.13251815999469388,-0.2732214356841628,-0.00611534326997701,0.11736222013937853,-0.07756109200399172,0.2811497327368677,-0.20371104023401249,0.1481998128089644,0.0782111368649867,-0.05887125954020361,0.053779528931189514,-0.05777376862519953,-0.09087967546142683,0.09136408453765545,-0.0854659685462207,0.028460848803588856,-0.10615811889922847,-0.25553857249227413,0.2722949328845466,0.04073951015779737,-0.1642705896617839,-0.0570867945376276,8.252279265298754e-05,-0.055261215871698244,0.13293286271812288,0.011574011695596997,-0.01417064817555792,0.29309744181134506,0.020879165192072367,-0.2440489950866834,-0.14044895406241253,-0.047307802445693985,-0.04329197107788466,0.08977021533791131,0.0024058669570279274
2002-04-29,0.0603171524869975,0.028347427235000788,-0.050349962835879454,-0.02381803099868681,-0.021566197215194132,0.1385635741813444,-0.1502827460731272,-0.2984754880546349,-0.02521573687876147,0.151141320363923,0.1654120054427195,0.0708614810683078,-0.22243504941388215,-0.09470822850316042,-0.10623121755603916,0.2284977568357194,-0.0068308989028352494,-0.007819464102170059,-0.07603429118356328,0.0472613152120246,-0.26095740575451937,-0.10742438762402987,0.005116550818581855,-0.09486600965129827,0.18093402523602958,0.15535541775000664,0.17649205063355802,-0.15419595572724829,-0.31056638704930645,0.2979522572173742,-0.05515771864972248,0.06364062713875655,0.08795105995581427,0.1369913425158907,-0.055356125718886796,0.06863844976921865,-0.03373436766452301,0.0863359446750062,-0.08776600458769114,-0.15441975027415863,-0.06251946266291143,-0.1638769433611667,-0.03289051138414953,-0.11823116626951971,-0.0023928618812114324,0.159901005610967,-0.06473827795469096,-0.13187470839927218,0.02951988022864727,-0.138271063071261,0.03671245721307892,-0.10506696488439268,0.05197966506719,0.0588537837489824,-0.01570147656736806,0.213287610901889,-0.017689043867757295,0.15070247218963218,-0.12819540503061805,-0.20266460626505076,0.1369745152124782,-0.12860562718435295,0.009609242210407943,0.15348432584840346,0.1358601230089675,0.011390892037590755,-0.25782100633937105,0.1613502311308196,0.06700993458967475,-0.012518057764016493,0.16698318315239588,-0.020361983522112527,-0.0010330943174371567,0.10560484888371353,-0.11735258324965328,0.0932183488212947,-0.0660471833661917,-0.0006149550619020094,0.09624373493653264,-0.08546596890460709,0.01090543738576354,-0.24420616239346546,-0.16505843056767364,0.22220917635844678,0.10092243472818464,-0.17760995965070223,-0.06639985448314631,0.012179771767762564,-0.09316162674155598,0.22560986506922598,-0.0623234371078036,-0.05433957148677271,0.3671451439788847,-0.060058166248508765,-0.23050723864304706,-0.1475743318498005,-0.1065862414458639,-0.004557260790290695,0.04991045353873577,0.029078949677134973
2002-04-30,-0.06751475460293908,-0.041469585665592563,-0.03265898569875235,0.02483751397701737,-0.09617732978478988,0.011840364253498,-0.1850098321449009,-0.4724350355788225,-0.05683259808911873,0.2913530627279537,0.16442153702987067,-0.03947052836012805,-0.005691260459401591,-0.04960792154306478,0.08545359322118322,0.1962809709003525,-0.05530146432921112,-0.10185635049205308,-0.19545997085784186,-0.24483225916337906,-0.2175344334704513,-0.1074652745917267,-0.052837899729270166,-0.06586936857014283,-0.044195794599920624,0.08265560128057188,0.02268032089699692,-0.027682342609535955,-0.030064097642235485,0.2871692453695258,-0.1837024834237086,-0.015941362050216953,0.04326852023736472,0.025305815852694622,-0.06948468353749018,0.20865243952037482,-0.050029766065425536,0.14039136380167982,0.053327031958363316,0.10796957255430994,-0.1178369931936041,0.06654565172154663,-0.21983774843644785,-0.11114228776717486,-0.12666978835671594,0.14860543152357827,-0.1750389124213331,-0.2826619807668829,0.03652064599146928,0.002656136483591253,-0.05233549287403666,-0.20912149132333105,-0.009503565431847197,0.02999215735297974,0.0052030024682619075,0.13145960630587378,-0.0291091420127265,-0.0024200144733767712,0.030421357656633074,-0.0983735846715319,0.3044111297272,-0.11207710349899666,-0.07921107876632512,-0.08308645758152101,0.12240564917265882,0.11041801501586612,-0.08150437048099686,0.1386959228522211,0.06086398507883121,0.027450726118652152,0.12230585396969218,-0.071063741343876,-0.0447544293346949,0.07133453000974539,-0.058459187843549996,0.07096673153943539,0.0021821649739771046,-0.09582043602099632,0.01645997083950388,0.014483542295146258,0.24465917253855868,-0.009246236135702506,-0.07329071958309609,0.2171640669535042,0.24835081792533378,-0.2709697714950704,0.1292471860753428,-0.05565517150272911,0.006736150912683165,0.05590914463565539,0.022081230751303475,-0.0756854881307953,0.13610958842697424,0.029228677728646017,-0.13806826136872252,0.03022019293595662,-0.060179411251456684,0.10853908789656684,0.10908010906012296,0.12901793455313054
2002-05-01,0.0150904633609164,0.02768277700334625,-0.003417803242061771,-0.09480108737222784,-0.06508062294103238,-0.05454899077708369,-0.04779588795481242,0.08780821730160193,-0.11405843726390245,0.1314304938368959,-0.034296375621506926,-0.16978769515001232,-0.006408568006427495,-0.11750382787114426,0.10730389441588624,-0.35015193524532545,-0.0008614298373660635,-0.10185636043285437,-0.29114125838949173,-0.24483224086973351,-0.24357541442015326,-0.0630701229548611,-0.05317647326044278,0.0827983673264308,-0.08357601665826395,0.17010647284520977,0.1694480368099247,-0.1706873683574428,-0.06319947894139043,0.3050853260591024,-0.1391369859832487,-0.06541373597797637,0.0753039144663149,0.03985821617535963,-0.1111083036223995,0.10124374402608437,-0.029648459593621244,0.14039136091654345,0.5138642161175827,-0.008078677719662298,-0.03305203872256991,0.03356653704274301,-0.2893550692510119,0.0024548704637540847,-0.0025032478202091472,0.19512165079402247,-0.10992454487792067,-0.24396564719214997,-0.01694462250140618,0.009320811484213203,-0.017378075282980042,-0.03454230798846638,0.06825442043575186,0.06887344862903683,0.008656063300721323,0.14301501989191595,-0.034957463589383626,-0.04709510680521119,0.07048198988178636,-0.149322517516658,0.060088979190018724,-0.05663854466163296,0.025975061081174144,-0.06479564728400466,0.05611526937571261,0.028699042960710183,-0.08344787746307614,0.26378875323522316,-0.036648260987179826,-0.022470217490390902,0.2649499736111556,-0.04007056401017862,-0.03668583347594702,0.011005120900024657,-0.058459189361401,0.011177996660370223,-0.08464738942793831,-0.1662938556990598,0.21413563433678826,0.174937444743857,0.15913699324487987,-0.11808467459482874,-0.08688707172162942,0.13139307477795736,0.1668202781148671,-0.19230442717636959,0.006251969907002899,0.05918641728930606,-0.0035971319431292474,0.08353704517915041,-0.0518588570033054,0.008553830435848097,0.06189528177773468,0.12005756616943404,-0.0963771741066751,-0.029200874250778722,0.017552709980887506,0.1084070257151825,-0.03958377461240163,0.03167998155647075
2002-05-02,0.1206932138873732,-0.1198805660936115,-0.01502393709533638,-0.1510201763927766,0.13073394732598906,-0.06847440781036984,0.0377982850516014,-0.26485457486621844,-0.22406571055698543,0.13792002726607416,-0.10427912076219495,-0.13682710072163445,-0.08752256609047374,-0.14022083347524192,0.009782379412907122,0.25402082437456747,-0.030929798969389445,-0.2545572586156397,-0.2911412639664748,-0.17085067149985453,-0.15176861758586793,-0.13804879582306076,0.07336527570184552,-0.08115452372282726,-0.0034409694321017163,0.06655025982892172,0.3285004744080006,-0.24574737135405286,-0.08574900333027945,0.11126351115093865,0.024616233961502844,-0.06391236125879317,0.14570101096584664,0.004132681078869055,-0.12495239011349202,0.15630523765720797,-0.032006690085061656,0.010483254798093103,0.5924799141616444,-0.14633216630304743,-0.07089963972417528,0.07099692097708972,-0.13454231440072384,-0.06976629351657745,0.10880326606716001,0.0883548178770938,-0.2006639508056544,-0.12105227285115526,0.016080896228382872,0.015320626769503397,-0.09549462650809219,0.07137365197712477,0.11921414359741801,0.032244819446860855,-0.008335959555727293,0.1061243584937522,-0.058468769701539205,-0.11949960204397285,0.02198030935251894,-0.17054198166845896,-0.012807702991238443,-0.01708190075351969,0.11105612870895407,-0.10143257414898735,0.12890041557296197,-0.08996041447702016,-0.11261598836059943,0.19130802889637866,-0.031190673247476933,-0.06829377886653043,0.19871349987483833,0.10661253410122946,-0.041883561855837546,0.07299309906847859,-0.19633818592270774,0.03461841538687274,0.004719875324706235,-0.12787128685034507,0.1865125811253345,0.1926041062417493,-0.17629034822644882,0.17137708682808298,-0.08819635427021559,0.158374741690262,0.11266170808289874,-0.1983125221391255,0.12459569225631337,0.05217301786738533,0.23625314265745112,0.04107578759733986,-0.0659689924013837,0.05135155809712443,0.07427680786487921,0.09184775878207128,-0.09637718487428945,-0.15457387075216922,0.09109106877535128,0.15042896464848932,0.2154079430890412,0.0007340101910897925
2002-05-03,0.09906324703058197,-0.13730025253866796,-0.024608486729619086,-0.04818156469115751,0.0695404393938001,-0.005765470245448383,-0.05444743728343592,-0.02518476381291447,-0.12863696520699816,0.12033143329157309,0.09471411246001954,-0.3361599829346348,-0.07464648793199276,-0.11630795432813561,-0.09406853060666015,-0.08406042873230503,-0.07179536456262815,-0.250976836810574,-0.24422164439441715,-0.18732445525108404,-0.16367415913914765,0.0027552312023679105,-0.08553018655860564,-0.02077670553602092,0.031936026464952215,-0.1273352253656104,0.2388949858505042,-0.13480672513277356,0.03833234546675531,0.09960264478279633,0.024616233324322993,0.0026492535993686804,0.23707405341019638,0.10160015039939704,-0.07839622509184012,0.15830791028355018,0.02673187159587377,0.125019586082447,0.22582026877231448,-0.17248204463907868,-0.0047777734011219325,0.0645580377975203,-0.05704116078479105,-0.025687984590595837,0.11723408258898471,0.14705322376564453,-0.15389966176792058,-0.1389855163321185,0.10439587273041358,0.13442317727778053,-0.07173230496143355,-0.01189605242173771,0.016723998167616397,-0.13991897682676546,0.022479398249249365,0.041599043625389125,0.10801767803078959,-0.12581685938980045,-0.016441687995279623,-0.09820567618500493,-0.08059431817032249,-0.08641263944711615,0.3214212305969775,0.037386097730644656,0.09277966536754072,0.013161491998853393,-0.11187355696077411,0.06548628840343536,-0.06027986691959242,-0.00884604414169561,0.20514732421259183,0.04656416994022538,0.03542429748314275,0.10987251387654572,-0.02107874757035667,0.02770601298095221,-0.1258028457959618,-0.02089567725304751,0.0719190117366854,-0.10534754700053522,0.027744102741965697,-0.0024461808296161176,0.012246492510195835,0.25321568640823094,0.1751120721382303,-0.18910907491449347,0.07974018380514983,-0.02624116680799046,0.11462793843813626,-0.09825179706521399,-0.09780209613711337,-0.02615178594320729,0.00962633750838346,-0.005226343874256717,-0.11230045210991711,-0.04885825517151339,0.12080827190203126,0.026089801224437784,0.18453235275093371,0.0351328578793409
2002-05-06,0.031437099085781586,-0.10487632278401994,-0.02123349868680045,-0.12038556718270652,0.11918205741109952,0.1944740605258556,-0.05686953242743187,-0.27309803513881137,-0.15917098359194598,0.18616288079940416,0.34674047676446,-0.15716657183256608,-0.03412777886487258,0.07273978429921171,0.004634356387559616,0.05035752808128525,-0.03879030891346636,-0.3403566274805826,-0.06772756850269004,-0.2823192987624314,-0.11812594347366162,-0.05437464614116276,-0.11234319236817479,0.04235109101514617,0.04977242217442767,-0.04399709221950213,0.15220716790991143,-0.1583867167878993,0.033567188463296024,-0.28408003451128744,-0.04882036222717769,0.04837708997162123,0.21181003604648913,0.1344362589350706,-0.051549567305007954,0.07966425228171671,-0.044341968026387124,-0.019047580164186225,0.12256231893162571,-0.13344257825690853,0.10080016947039579,0.14981049860201046,0.09728065788529018,0.08436046449878841,0.12258930613975622,0.15653198366944235,0.006281711021199854,-0.01405362738206677,0.05943267647055522,0.11213988647618199,-0.060448701014859524,-0.018056905861041198,0.01965508792832423,-0.21008543812671782,-0.004950247999726835,-0.037355552317198774,0.003324817980672679,0.06846272502538565,0.018065585578379163,-0.08474185189628494,0.00842677972811056,-0.15374908786880023,0.1618527367572003,-0.07066984661357459,0.12903524604941796,0.1363779224626616,-0.12491652716502143,0.11671299357565468,0.04141120932575979,0.02799937811495066,0.26112133389936737,0.006096670464927742,-0.14201291954801382,0.13317924810034706,-0.0694616072925205,0.03125459547583658,-0.24166286654155514,0.008528617319006285,0.05414952172913271,-0.10534754771929959,0.12867208682491568,-0.13516837452443245,0.007390361573204053,0.2712394385133463,0.12202263723195549,-0.14479611914714074,-0.03750818068519614,-0.047769202692959374,0.11291532284717307,-0.22908309513361247,-0.16722044823065174,-0.13214532136084656,0.05200163965747154,0.006714734516519195,-0.17217705900712668,-0.07191023581902749,0.133337126117065,0.008489373757008777,0.22244874742609655,0.03437749052416153
2002-05-07,0.058460909000404654,-0.05947943994107193,-0.07070379925349207,-0.048465329498640755,0.10591702610989354,0.13724386812039094,-0.1965977979188794,-0.10232239603292233,-0.12649287881091104,0.20193758381531252,0.15687947209527203,-0.23952680466438458,0.007149231506919887,0.040249658006064795,0.018392816429121862,-0.0818498774447902,-0.01095211970224582,-0.1625244979837474,-0.22914889032534524,-0.09593599860009765,0.06329324494997904,-0.15596045407699052,-0.1099999353127566,0.08419101689927651,-0.03891013958924524,0.0822195375120921,0.1905237191592298,-0.1193063931826067,0.08320937785169803,-0.13883823620693922,0.08089188608912823,0.0477199691176147,0.35303699948726736,0.004782595595352213,-0.17729162024872336,0.14631484486939636,-0.15381778825597722,0.04619548866717112,0.21802203838251788,-0.07630146563856512,0.10578226030925476,0.19525852237509853,0.1255765811483695,0.002934684985823716,0.1570059485279959,0.16447674545915716,-0.018168411117712585,0.26328604722626864,0.04127482483440904,-0.03213925216288873,-0.016397105757495374,-0.12802708060660178,0.04208800524983239,-0.10174476510840798,-0.003566695492623568,0.0873256577351869,0.0033248069605432786,0.1569882036371344,-0.053334464441450354,-0.10021420400129918,-0.009983278797314319,-0.1084490695664654,0.21660532020000983,-0.2284853511756466,-0.05579824156634477,0.08442571036137178,-0.12491654472749825,0.017181479960600907,0.04483208833458946,-0.06889191887244936,0.22147948035095447,0.13226657481253448,-0.3398848765506636,0.041277552220125094,-0.13303676621383248,0.051680558460814166,-0.13368041301113404,0.05139836356679805,-0.005173830368006963,-0.2341809853625754,0.20817958194477876,0.19163545794209455,-0.08330105609908764,0.011340750014948789,-0.01122498707387604,-0.19484788601874442,0.06489813464700589,-0.042998897407623714,0.06429983921818928,-0.2004613633956805,-0.09915966411608944,-0.14756779490879735,0.10992699815573242,0.07849320532820929,-0.24629605588374975,-0.018977240595805724,0.00369783215398248,0.00569274392311008,0.07819310248313528,-0.11642656098752757
2002-05-08,0.09203283756345607,0.04962141174091758,-0.05770370005009413,-0.07967747893552102,0.3195164725009193,0.037789275613350416,-0.2557112871156184,-0.2821895338928202,-0.12341093908098764,0.16348205486665446,0.2105789999313546,-0.2071638050615173,-0.023538944090397588,0.07437088621437668,-0.07396118576968516,-0.11362014266554052,-0.07716254101870582,-0.07318211753091948,-0.3256813901983288,-0.21974025364251235,-0.028848380308628283,-0.031514432391385516,-0.10618022815181244,0.05581147657812428,0.06360781480385015,0.08595158130423841,0.15075660890758202,-0.11418169118743861,-0.05703615533043078,-0.030456934401350107,0.1386410451891353,0.05290963925987497,0.3104149402121962,0.0047825952294866395,-0.0870062911796881,0.18332629247420248,-0.2494784876660732,-0.01819935901190746,0.17732440729158463,-0.18089422813950598,-0.020684633157015977,-0.26943477727594584,0.08013492859822186,0.001255600783654975,0.1400016446552913,0.15995403375570663,0.0025137102664860586,0.22149461692225828,0.14567457747600307,-0.032139330006815355,-0.04193768424316279,-0.12528026366495074,-0.06729890946926256,-0.00630278453208745,0.016403729341499244,0.031123791063356377,0.06602102625625639,0.0412827833184087,0.10234227046985256,-0.10078853754714766,-0.0546782715172815,-0.11828264600581583,0.2315717860573241,-0.012641849454517025,0.05774663738946194,0.059616134618964325,-0.06211605440758338,0.1153540140921826,0.05811075862503837,0.012990971520097755,0.17454444738161382,0.23488298573246483,-0.22599919759725695,0.007937585091926136,-0.08580729992743377,0.0005257510613348233,-0.11248826526686484,0.14264548673886226,0.01456618687345165,-0.23321047877878898,0.19433673420242056,0.02469487153276998,-0.06630281174409246,-0.020547467575308866,-0.05970948307052995,-0.10834796743175007,0.14771587989961502,-0.2726381348059793,0.09004090928962166,-0.19850816688882159,-0.07623225268286449,-0.033105064509359516,0.14336097443230392,0.05289845562120039,-0.1098565985577988,0.004011968537554853,-0.05975750823968055,-0.03544886619508991,0.23429724803110627,-0.18108537012641646
2002-05-09,0.023851729997677068,-0.23774262775099878,-0.03681572826169453,-0.03767802205392059,0.36941509728083843,0.06853856459374717,-0.12719721665651654,-0.30298037612713596,-0.16919194156712342,0.2988043068157381,0.05014692391900889,-0.4304480732395198,-0.2004000586188548,-0.04751996021972875,-0.27265523198942554,-0.03858748951373018,-0.24415511163860154,0.036782696017678404,-0.44438807907729644,-0.09777084003182479,-0.004610240309342404,0.08861257036763712,-0.40679561280723664,0.07357721511388636,-0.010198203828695433,0.07641604908355186,0.3427608782528934,-0.18533535715354418,0.12286337885587635,0.08423388734782405,0.276600786741485,0.02345065276895846,0.23736713294179346,0.08798705423814102,-0.2017655150543607,0.06363741860427964,-0.19935786169281036,0.07921413600234203,0.34484105161099676,-0.2484813368274918,0.08609090347195361,0.04806695072344841,-0.0686781737857881,0.019493009921227517,0.12823634963617317,0.30848418030193075,-0.014819486660493063,0.33557749518628854,0.15273046437030985,-0.1586809212600479,0.10713247110816736,-0.04144187551373208,-0.17071582409547112,-0.005164840946354486,-0.007492375507416434,0.14642291201063784,0.16636474289008463,0.07385744071319832,0.19126582225960112,-0.17486589480419415,0.025492145317272855,-0.18435862187471602,0.055121376181490905,-0.05795104679442022,0.1893039124077223,0.03175915919822001,-0.084204895429281,-0.16900016233759413,0.20458252875100447,-0.08558198281437823,0.27249276215580975,0.19929087017159428,-0.3189657995519456,-0.050791876564408894,0.14954718533331332,0.09467458156872484,-0.247235322993695,0.04007295904306718,0.15388558290806234,-0.10294289583630266,0.215213803592563,-0.03295921480029013,0.1145167273507103,0.10306287959377125,-0.2116071218113684,-0.28191262095564323,0.029383393874790015,-0.10844126627963896,-0.24122094031708102,-0.16838385087777763,0.036310119568373725,0.03840684465164581,0.11330221537343496,0.4249761317290352,-0.16530934667478853,0.04817440870085192,-0.081236103601005,-0.19335470617554915,0.0018303649610131383,-0.050546560348607376
2002-05-10,-0.09465414076771202,0.04566611402442059,-0.0337345337894259,0.06397442880516013,0.0035755667218009797,0.0024189156662425887,-0.2103949164015866,-0.5385994228769879,-0.073990800764302,0.26181589291211366,0.016913542238492375,-0.11295414392020987,-0.05969714271901417,-0.048404886742233776,0.02682578750866236,0.0926518430968735,-0.26593577856560635,0.0013012208005493933,-0.4649098146189162,-0.16428060954950222,-0.11550970900653805,0.07326101334770023,-0.16482632669352343,-0.08044191044508173,-0.14223968620968092,0.04873435154444512,0.14657684265061682,-0.1417051435487779,0.14977736363224753,-0.07508020077947936,-0.10364860019822415,0.013123568206737614,0.37686406720938836,-0.03366962094760081,0.01018841037609289,0.09474680726927011,-0.0892472267741622,0.1299489928097524,0.2147300235414085,-0.2526816459318302,0.08755796020832589,0.1461480039850079,0.21169512675010346,0.0719748491043863,0.25573033261097977,0.1788717859027492,-0.08674068976972056,0.0047016483814346,0.09872896590208297,0.135782533517033,0.13657496877266082,0.07492186531654667,-0.0713976547340769,-0.16222657335294074,-0.043086584744083285,-0.06592208570645858,0.062481951361057456,0.22561513881536227,-0.0447289507227845,-0.08810661820557267,0.14045943508790715,-0.19533841296765797,0.003550223684337312,-0.007407512691152728,0.01213248749467212,0.2015951634655466,0.05969303386385415,-0.20525148176465943,0.028974150285636407,0.004209377147921165,0.2125329574826151,-0.018202408005781268,-0.2689521346829422,-0.21728356065216467,0.2548727349030117,0.06958636801870006,-0.22400188592885936,0.00593480640706736,0.1770083024407963,-0.10294289967368093,0.19838465568524477,0.01616014199689287,0.11208733705961027,0.13666907813553617,-0.4022761936545072,-0.145452313685734,0.1630017157972588,-0.03924082047250075,-0.11592164648461038,-0.3619083110538686,0.09944032825874188,-0.15142916749688323,0.15615874792424433,0.4148433888294032,0.020467438069419867,-0.0016003921821034575,-0.22287526196415208,-0.02440993876359866,0.0666496748032027,-0.02642005577357895
2002-05-13,0.0022140768368760135,0.15671654542844943,-0.05746254714683743,0.011346645435469678,-0.02492461428274549,0.09810020235881398,-0.2103949236505209,-0.5385994246682492,-0.07551643271878274,0.21204693573933311,0.007846838276829245,-0.14097918177483063,-0.022397853212266144,0.0932070727616443,0.0011580898391646034,0.19888803855255083,-0.22522743573860762,-0.018537569557233867,-0.3330980159613539,-0.057999431114121584,-0.013243726532293948,0.03289607895614662,-0.23410446631454865,-0.04633593365964877,-0.001189364293166813,0.06320777283728576,0.146576831879796,-0.1025363487456204,0.1927647705959994,-0.049456438808117995,-0.12387514576230274,-0.0029225962958508355,0.308809315901732,-0.034684984024090114,0.04100864974560234,-0.000679830554742609,-0.032411014627153054,0.1470397076755864,0.19607140291789701,-0.2240479795785042,0.03901967869615189,-0.13912009869926745,-0.013498714332923307,-0.03424026295851456,0.13806006885581812,0.15577317839440408,-0.05804929549548579,-0.11782641827993091,0.12682187941687062,-0.04352765412189325,0.05791073306184444,0.07263926473392661,-0.1409055925981809,-0.18894473408569573,-0.0313631483867491,-0.11498336251010013,-0.04002127507741775,0.22561512811831158,-0.0017689843756273167,-0.11679268669187495,0.08643955198723603,-0.17465199340107695,-0.02035773455364854,0.07067883284808643,0.12353126818915444,0.09143788845846365,0.09001657571744172,-0.1098014018417202,0.1582057713017193,-0.004217290827811361,0.008253254130130807,0.06495487529746102,-0.1321243011580256,-0.13815956405416063,0.210638343013661,0.06941915023410197,-0.13468799424862876,0.006205108363776612,0.01784640329827373,-0.209922112285584,0.1633256271889177,0.10906885990926161,0.07695822146783106,0.13179609280375493,-0.13410077932941367,0.01076886942956648,-0.02392821332452723,0.13308857237618354,-0.12383346308063597,-0.2180984304801533,0.03840358968420783,-0.1941908170020666,0.1159930554236359,0.32595649335456206,-0.01787491775008663,-0.03278794341035169,-0.14149961161171545,-0.06860866739518609,-0.09683853801142779,0.12870188126148194
2002-05-14,0.0059583125449202395,-0.09028891141638061,-0.06581907998469137,0.004378130180357076,-0.0718377792405211,0.08057812544831272,-0.1522421204646069,-0.6705466628020259,-0.08602246366075544,0.08005910598545819,-0.16600346719289294,-0.12101393707512909,0.039706853803527266,-0.16098077663485622,-0.026423655416677617,0.18780799222814568,0.07365569336405563,-0.05048006414279342,-0.2059627597830425,-0.30366947950900386,-0.03749370378212591,0.06156678630214364,-0.11199993077812005,-0.1745105798930744,0.02324774198032246,0.10209313546605826,0.09538618593792784,-0.024325753363878502,-0.04974007427802034,0.13332738380833822,-0.39693803118383764,0.027298826828292613,0.19051053382734556,-0.04987825404042528,0.00136943046941969,-0.09190754913695393,-0.01969408726481117,0.09587056055093704,0.22310230564226763,-0.2623138812190856,0.006575826580777658,0.05555789322463132,0.12259442025793675,0.10060632480078645,0.23611547304400288,0.1514103837262406,-0.19328320072789282,-0.1967459789325125,0.09102984372452576,0.0935451634181986,0.2100490239803501,-0.12987595147119713,-0.13675537106623104,-0.24973515540046526,-0.019216114772225245,-0.00886837172103393,0.0010886142277375791,0.15693964714726374,0.06463040925623588,-0.10857971979834788,0.13450154222898544,0.27349990622668896,0.00420761070614094,-0.09450050254233408,0.022692085424505088,0.14229399140654866,0.1639827411522626,-0.12421466600201428,0.35258294962802467,-0.03125897807283007,0.06328797988775801,0.06495485840965276,-0.015707229631235314,-0.13156774224141107,0.2158698543091899,0.1150886520921023,-0.2284655879257955,-0.05609836887451209,0.004156626048037592,0.10403647720635288,0.01793406430951516,-0.042735986376413154,0.00048548117363109714,0.009890843980533848,-0.1634527415817064,-0.18068145996486384,0.1480200308128813,0.2597278407453139,-0.12010596008380657,-0.22894564309501647,0.11080717203688449,-0.21617627084834867,0.1991467838124572,0.2988361796871664,-0.017874918622092312,0.0020588013442815623,-0.15581541354867115,-0.19136087602096155,0.03452565598227658,0.044854652213611367
2002-05-15,-0.022842043613211623,-0.011184110520083302,-0.03271516575923358,-0.08550139796127768,0.27418481010831947,-0.051300559197028923,-0.0956945905498602,-0.67054671917798,0.018926943483365162,0.06281988349762034,-0.20153090423874798,-0.09830046543306448,-0.062121266258190914,-0.23039647283912384,-0.1868915363359328,0.22090290884687558,-0.13321293740506093,-0.1770206573183059,-0.182837841757651,0.02904985907142938,0.04506305215906839,0.0935799113172757,-0.19134873959599688,0.007432532715542738,-0.0538288535048762,-0.10583999290207702,0.16803582133481573,0.014584053060439986,-0.04974034081338979,0.07244512138786849,-0.2537338669983745,0.04784473902922393,-0.11267849561632315,0.13623364277806158,0.13261902227702405,-0.07975226642190185,0.06068374178392097,0.1239571694854374,0.5655240184740447,-0.19379572557738084,0.08298328716591645,0.05018995818136003,0.18103851775974777,0.14682140075917555,0.08414168302405711,0.07229716278961286,-0.15622536849799307,-0.14030297907118505,0.11528978755455743,-0.2321409829288464,0.10127560760950584,0.11942399071710982,-0.1469619400494661,-0.31876874526556265,-0.01564513618264449,0.15614948016838223,0.055492464053962604,0.26654813180518555,0.10623598020007163,0.06800574712939696,0.25540275213722047,0.10335858083369795,0.10421720761160227,0.3221736625087282,-0.011668574486163642,0.2627926407286782,0.013877069491649964,0.15990628103957505,0.13710597079969708,-0.11354457801921905,-0.09375196872252732,0.08107081527233002,-0.2803238038191319,-0.1584089273682813,0.33778707143868797,0.21045436899267295,-0.25065294116009124,0.04832050065371319,-0.07177987705802807,0.0913674030950835,-0.07840879563696539,0.09452137558068785,0.10876209929511518,0.01033465054207767,-0.08691338636807186,-0.13321980821557622,-0.15596116906072519,0.051671263733222526,-0.03835023231801924,-0.2909264512620333,0.07930811386278291,-0.05168233046556085,-0.023993369240788345,0.41010540513105975,-0.23921916370244645,-0.07759860694707509,-0.1244123986207278,-0.18201530660015128,0.11438204786490176,0.1387869995998107
2002-05-16,0.06970264834205543,0.11333244723559932,0.033609104460353555,0.07139113495310141,0.13360177869234166,-0.1980683288432665,-0.17126930031935447,-0.9622132232019859,0.050060855364282376,0.2214437495453259,-0.2188819394889588,-0.35656428509714244,-0.1256415665803359,-0.17469226230717452,0.06116482885691631,0.5675597631985113,0.10312077630772751,-0.17114315367651178,-0.4073210253188027,0.12649517222630033,-0.06445339198267479,0.14921023667265282,-0.29718598144427644,0.15026323383947088,-0.004125167595764034,0.018088523529476704,0.10892682667185437,0.11962375484917293,0.6050912788597403,-0.03499646215720737,-0.18981858048759087,-0.0061655351579875586,-0.02411262631864109,0.00822489240602107,-0.02929151376700606,-0.039637162035957164,0.2028708026814031,0.29391300565275813,0.3804601842119056,-0.14502357310451933,0.11898020449616986,-0.042550922905772975,0.004231563801496967,0.1887340020859954,0.08880447981487867,0.006341181980193208,-0.24515458413682842,0.16071089893631324,0.12461030155312104,0.11823430109085122,0.10926136299655938,0.02304391612010444,-0.12367660695527385,-0.19594936460795043,0.039352810840769074,0.14797244647892235,0.1326242905917407,-0.3626000085497479,0.10953450576136943,-0.17891821362206928,0.047166588233843364,0.06695846712222027,0.028567292800877293,0.3801084758183151,-0.11913589155962687,0.062070271431399815,0.0982910555682791,-0.062199653414970135,0.03848480411314494,-0.1078789653768157,0.11680191787069534,-0.2307902466551116,0.07920385833657484,-0.11334652180786405,0.3116954082846685,0.11486545336373172,-0.14636462383159207,-0.08403819783926203,0.00873751951867514,-0.12252844312950366,0.1150366520484188,-0.2426275272205691,0.13230278249049227,0.0218867175461556,0.006013548061274298,-0.15206392111855016,-0.13277348642943723,0.045188536677975406,-0.0691574262779493,0.0013818264694291664,0.040884006962952184,-0.3207353105629692,-0.03291728921527677,0.017682690355641767,-0.14161614246348686,0.007206932943320982,0.04615499636611981,-0.1359247519999244,0.04912802568036622,0.2390069765806231
2002-05-17,0.0722707174189157,-0.13561690669025167,-0.0008395746656804542,0.092746513395738,0.03160692211401564,-0.023152776434011802,-0.24783287674823587,0.28355861862526854,0.04538925681254539,0.23292780294136567,-0.11073185766388835,-0.32001959364692784,0.03519758198674487,0.0524561117981519,-0.4133396209526065,-0.3982875363504369,0.025535245611352817,0.002110322089829223,-0.3294518807688583,-0.11238966148121912,-0.06989192815017202,-0.16077689920604527,-0.10957972160959105,-0.019779399573465365,-0.22959304639750364,-0.09198625883571467,0.05315131970301684,0.10525507326573559,0.828314466206142,0.19632725427136796,-0.10714007245075388,0.004742024967487523,0.11589740211484427,-0.28289648370574677,-0.006881753292589912,0.008448015626109215,0.10770285471262749,0.2005265861298232,0.4368583420324548,-0.2526713524337328,-0.00043137255966610005,-0.08199743286685102,-0.22651479588560655,-0.0020356842700874917,0.07588451444942816,0.07806607732811124,-0.3518736411654263,-0.12974962138315815,0.11662068553310286,0.15640660337830917,0.06118756872634857,-0.09007307523188185,-0.050263045978332734,-0.042357910950475135,0.06963001157763377,0.04862203279357724,0.16773315835436142,-0.09874494444545051,0.22230236671456696,-0.1782793987076809,0.09769057940558197,-0.071313741651316,0.1402220113222821,0.1427873280981078,-0.2873093063549197,0.018652991862296135,0.03643279833245741,-0.35942321788757275,0.15472921955321828,-0.15958658196057607,0.34093254413921154,0.2645866325926745,0.25377316405150835,-0.09132654362788799,0.00966585605781389,-0.05175021401699058,0.08807585364436474,-0.009661643996513003,-0.07127631704401366,0.015418989803363451,-0.12206057862807412,-0.049192756517063424,0.15623495326351874,-0.08545543221066594,-0.002767302954178293,-0.16689117470378337,-0.09668055245606798,-0.05937147982405794,0.03928716578092715,0.265998418803528,0.11286757507648652,-0.15884230999178556,0.12392158858940025,0.05654272254551419,-0.014104724033373496,0.09198563778936905,-0.024266408637311256,-0.05989704966130856,0.10869785320689561,0.016340882816339844
2002-05-20,0.09387244752752358,-0.03681288284064711,-0.003310059669844246,-0.07967988888884227,0.07918623849539953,-0.22190441581527406,-0.35904875676605064,-0.7204024452350899,-0.11132211914895263,0.07937021368857702,-0.25764242439592394,0.08053222311645648,-0.008049852541626228,-0.07726218189405738,0.06610328268009096,0.5028617052390818,-0.0005226296776190526,0.03242639899599867,-0.4324135632783523,-0.21649226929443177,-0.05479926378077686,-0.10050098817466734,-0.22885235084867833,-0.019779400747189743,-0.14452690005229393,-0.16413252468840817,0.1350770373022274,0.018821374582859846,0.3268729696639898,0.377303428632771,0.11506062122554675,0.012425264736607614,0.13950417762666928,0.004866560602908288,0.11194798321202516,-0.05141754168013113,-0.052851512853649286,-0.21397610107318604,0.37650552470656146,-0.3123405699894617,0.025554192831755657,0.3900643323613086,-0.11404519383496202,-0.032631613962822,0.015684908643034484,0.1211370092975822,0.0416500954917401,-0.03830806542530719,0.09456153552544524,-0.17499735729499982,0.0285490604194607,0.11484438281756984,0.14689907492611473,0.03316406301472681,0.05443897871938551,-0.004026229689158274,0.21574388182271348,0.08192249378925359,0.3054689672750254,-0.1468218180493039,0.18492502615353446,-0.01925442208323866,-0.03711019486206062,-0.02241752853892959,-0.15916609998404727,-0.19880423510305217,-0.02956982078129232,-0.10728689632754185,0.02591471671789549,-0.051637638702510716,0.11262006044951402,0.2231110407260074,0.36992705235124324,-0.1479296575901101,0.3056078644108443,-0.050454097185275014,0.07426009176527927,-0.10222851960287259,0.07037540349330014,-0.19959561334470233,-0.162089735590633,0.1930139390040868,0.04839241493103267,0.1807375807853478,-0.02890056481601307,-0.10619694567898363,-0.38991859385181415,-0.1765469993401919,-0.18948440718481482,0.18703847139556212,-0.07201215114889795,0.048016146336878875,0.33108903932563477,0.24204212443249834,0.08422624634194346,0.0362558479717377,-0.2656331470869934,-0.07099911481607432,0.14679114050050224,0.32695576685037153
2002-05-21,0.015503406457410763,0.21711091778137914,-0.0095249343966493,-0.08949040239306903,0.07506447903765659,0.019976339253096494,-0.20543195189569405,-0.1216219041218498,-0.048744161628499226,0.11586243324141783,-0.2228511627571567,0.05044311243046423,0.07717422329520597,-0.09545773788165059,-0.13388774674026838,-0.04611017385609477,-0.07723626469880845,0.23432958687096048,-0.336257396169288,-0.2136249306367246,-0.2923190411053046,-0.2204955007883691,-0.1629642193076001,0.21960687587056218,-0.2456027640705656,-0.2825732544299605,0.17096329409056957,0.019365754071383086,0.3853626877148383,0.18360256539168443,-0.040132679885296625,-0.1072366617520788,0.16637727293904409,0.07986404715525175,0.06340856524658282,0.05854625707184879,-0.0733346688214467,0.06536418832842514,0.45538460877400067,-0.1672373896963456,0.11196557465995961,0.18956531968441906,-0.294184658996013,0.0965393999390958,-0.03329971545743038,0.040067883022944846,-0.03085784103946647,0.004376544870937992,0.0008075792080637271,-0.1295307275280854,0.0758813823952863,-0.04255920688222855,0.09256691887172476,-0.3002234406633003,0.04705164456879551,-0.0022819272762328343,0.3097206077283831,-0.08535427098918232,0.32159933883447667,0.18704971724933012,-0.12134355221240292,-0.26436790871462607,-0.11854878720477333,0.359876851702508,-0.006987820110528892,-0.19880424701677704,0.0009479585212971534,-0.003949687395421297,-0.00041706136741491445,-0.08582410871084432,0.06095549734573691,0.11745809186888696,0.21581786576971648,-0.2635525804455679,0.10201182415688341,-0.13387876027259632,0.14105118474743197,-0.021415210346710546,0.11517503649284992,0.019319580342940967,-0.18048256457990935,0.26420055164609463,0.16315591646969144,0.21571060071330622,-0.07312327454324459,-0.09791457478387754,-0.2130042425328656,-0.23087192219951738,-0.08017828307279366,0.03491085635709604,-0.07260131567583074,0.09602552527864955,0.048092043555801794,0.2278811913973383,0.02062845745556258,0.1638069038367,-0.12647352971432707,-0.048275936093369005,0.05373640095414556,0.003239568513154369
2002-05-22,0.05222533394682709,0.07705326292507182,-0.04892023541958267,-0.17464907041996855,-0.0534411616986303,0.056834051064819514,-0.022146490797768054,-0.11789734668943837,0.05980507488104109,-0.20337207733077511,-0.2190156521158502,0.03187822780391791,0.05181904624452618,0.07398438904278477,-0.32940157467724224,-0.16074312884879974,0.28803167224721266,0.4683115468633405,-0.16437521678824502,-0.14038468286748892,-0.3614348466195998,-0.22049550742581223,-0.14334390831372276,0.21594910916004167,-0.20551052132804504,-0.1417833860712532,0.1946156358142725,0.08482380578609765,0.18818617603025772,0.20355384833961793,-0.1158075576581894,-0.004358179751754651,0.20466411882851204,0.08559111867350472,-0.03828526554491882,0.11163621921911458,-0.056194409029267985,0.021332604910877715,0.44458274337851195,-0.1672373898798322,0.13799715976883342,0.10151481012937943,-0.17205166986862452,0.23764945506127336,-0.34368254797646913,-0.05673452888009855,0.08157700251089087,0.06464199129265596,-0.09056254879818544,-0.06179781000956606,0.06732601373465254,-0.07352430039432699,-0.22696419488155478,-0.38437133012548597,0.0863523395808656,0.09972620009048733,0.25558276104292355,-0.10543654317793458,0.21809041027134812,0.20461352068666644,-0.26951857257639683,0.12333067436771758,-0.050379023229414496,0.4837392754215648,-0.08517879373664841,0.06060175316124143,-0.09337760130409158,-0.004673605106777984,0.291688690311112,-0.09981175680143765,-0.261926939141647,0.34611893499971647,-0.006276406419359522,-0.07138915358633162,0.09644708334510556,-0.19415318944680865,0.13609842875738554,-0.19062374510772645,0.0966208717521484,0.13076405939261537,0.10509991796696518,-0.09806216505458121,0.028631625623389088,0.0880025593406101,-0.166852066209753,-0.19826140810283194,-0.2647557666905034,-0.007831264708092847,-0.08017828848892573,-0.05750396940873385,-0.12667069750141413,0.059623513025010226,0.23019158418962968,0.1442324863089409,0.09392027902568051,0.003262388875493681,0.022316241272387825,-0.00811818043201607,0.0124465040444566,0.1324737239157081
2002-05-23,-0.04471902090326461,-0.06187167712029443,-0.0388872016619133,-0.16792471497036876,-0.21852250040195767,0.04293767181201297,0.1375704162426254,0.2068009573681545,0.05287620171115707,-0.26039101582262564,-0.21641726967667457,0.03345546322162293,0.07414429595133296,-0.01926840985413773,-0.3164697854776182,-0.009831109004909931,0.4140940873123242,0.17543076621041093,-0.03768805847214202,-0.09276322932752953,-0.06346145133421957,-0.02341626804034195,-0.3326326729472428,0.030446219118285864,-0.3660801329521395,-0.016393811930615423,0.17783007061934553,0.051506710747785234,0.18818616931680265,0.10464020351426849,-0.12449226973316864,-0.15399363430897633,0.12217455089925175,0.24744193999083425,-0.040210159696910164,0.11163620841546827,0.020369972182652588,0.15996360423429162,0.2586906213688955,-0.3088575190786151,0.22082219050545365,0.2201929161987304,-0.0976024242121597,0.14326610355593128,-0.027069283983125372,-0.01881384067111003,-0.07377957444676163,-0.06300864794026693,-0.07634705268877619,0.20815514852330086,0.0009179174397166191,-0.00794741459885334,-0.14078717343234687,-0.41435841477125096,0.039549290693832374,0.08810947512195211,0.09514918400487198,-0.12565632049718523,0.22366306128804903,0.3058044126175196,-0.3273996288669698,0.16384932907819552,-0.18445866177435227,0.4197608923772859,0.07947617161105165,0.046443870316466386,-0.07230914769783653,-0.13803210792077675,0.21426917737163936,-0.07033376737474403,-0.42585416202088205,0.353453431388367,-0.19545789322669332,-0.04686259552739831,0.07635980056909207,0.05312529618150821,0.1731276235695301,-0.23104423786753875,0.1336664475197415,0.2749808724729955,0.10509991105192774,0.2462080388782149,0.2623036298180065,-0.36638787929986766,0.133784314492954,-0.297302110996762,-0.3886936733335813,-0.016545027271183135,-0.04465217455849973,-0.3959800929130232,-0.06730612167733739,-0.0833975845322676,0.04012293229708626,0.24074639918092128,0.06274798502575378,-0.021058229036225534,0.21955228862088524,0.07301491016180495,-0.16743455329875595,0.09517437207282173
2002-05-24,-0.19200062272758517,-0.3264060460538337,0.0005527722194626048,-0.4858471978152425,0.4218307177546104,0.4019693695216019,0.0781173225241345,0.20680095658153821,0.07312412870759419,-0.3979528347439208,-0.5238790519419962,0.13299641635490148,0.09687647253274266,0.05683436845745974,-0.030650576789721246,-0.3055553817342168,0.7110139018645457,-0.10548507654070988,-0.07132512276533733,-0.5130869639461706,-0.20703137993948978,-0.12577490405802805,-0.21634321436727122,0.26315683381992366,-0.12219070876453669,0.06296813992953196,0.058016929708398474,0.10997257310985528,0.3578238527754593,0.16746824417365688,-0.2704914901482098,-0.07163963850762034,0.07106633842525914,0.31439068196757786,-0.12459573281953855,0.011974375906662652,-0.0690950638734694,-0.12548391829703331,0.05599597460084041,-0.5551419213739003,0.13835756268562627,0.3212715674661849,0.0009775288994858331,0.10300916889469583,-0.19097170438007138,0.1703174485372872,-0.07377958296689371,-0.13017441692230655,0.03915798409664848,0.16630145748434869,0.04232468507492014,-0.16145165965868957,-0.0978721205628896,-0.6643980527945016,0.026179687442152613,0.05100541871375502,-0.0019676806199872663,0.10660497944491883,0.22366305738916437,0.3304054629272943,-0.2307069265579863,0.05847032309830722,-0.20408825334968883,0.42433134149543733,0.02199713123135322,0.0016658165960975236,-0.089233639705561,0.08250235514023448,0.22178642275724378,-0.03026482130882934,-0.1383789499969481,0.3175983101503435,-0.3639406395473082,0.14358577194966657,0.06806947173531479,-0.26602872264146427,0.07149011031929318,-0.12716370639651603,-0.010234345152100989,0.3540244621381796,0.12703376346883521,-0.03884021171124269,0.42171912988172505,-0.3222624209937222,0.21886882541136113,-0.3151517734713495,-0.47018874480450285,0.038118942052348746,-0.27043061677152086,0.16887853711797013,-0.1011098573640475,0.18213240139510742,-0.15681463440829044,0.28175891101384404,0.04680305678839317,-0.05870746898230524,0.08515403491926692,-0.02842733599394425,0.07432914646183056,0.09517436839135038
2002-05-28,0.04216229708972087,0.007861845402102604,-0.010761904840519603,-0.29493613565749693,0.025902864453234704,0.10175463892701274,-0.3369081000740813,-0.1628362167136737,0.01826699583742553,-0.0904168139996433,-0.08102778482096401,-0.15652773585033306,0.16405313406250982,-0.03553288568101475,0.02168913368996356,-0.13079984359984423,0.42681152677464007,0.0475177037331568,-0.025141758390364824,-0.38347258805780926,-0.12525981384836027,0.19163485667244834,-0.2538607461326519,0.2767023838199463,-0.06997369258896241,0.19360222404946353,0.07620786808209472,-0.016901618090849495,0.11208350732588618,-0.006380427037625807,-0.21249217933339604,-0.03335067045180068,0.037303530773379036,0.15000108923322092,0.09539762156706952,-0.047074905657382336,0.029598662431973982,-0.10383612460415355,0.15824045788173102,-0.458515559501821,0.07516188923017784,0.19965965962016144,-0.21717105857806063,-0.015457501087539233,0.00525226825521042,0.0771331894407603,0.05433393661765173,-0.07798359938966794,-0.031965793219134606,0.04798685060991943,-0.019818584009022804,-0.10555651522954443,0.053773232285617804,-0.4935801102509905,0.07394792414289034,-0.17635402636155145,0.1305549801285319,0.05880309585298788,0.08534568779830798,0.2169933212156139,-0.3974753402520674,-0.032157231453277264,-0.06201832951584717,0.2581754173159463,0.17990730569549626,0.0033037926286676803,0.06533183252936757,0.0993750386323622,0.08604548834623817,-0.024372922124424462,-0.13986066675583916,0.32911506642467425,-0.0692986403501916,0.015382456437481496,0.0608038128411187,-0.11571328716717977,0.026905747582287136,-0.11839231417646376,-0.02902563589640816,0.23222644842964202,-0.05551030732482997,0.007451980489225081,0.4946024897070244,-0.23931109320005284,0.3551948788932556,-0.19664884925255283,-0.34777485731592955,0.09838279023632877,-0.11726987135305351,-0.0010643823018844484,-0.1642176483554704,0.12522047952917906,-0.13051679369830976,0.1228460820405523,0.10730897730816795,0.16241360200227858,0.1451437642763725,0.005630059591582906,-0.19045671224085814,-0.24718123451666452
2002-05-29,-0.1090880553921729,-0.1948848932614877,-0.01001750712969725,-0.11968362937871047,-0.03141118017404715,0.0273102333474903,0.02513075112927658,-0.6006948788342839,0.21636170901934496,0.05870993006997376,-0.11890085947568886,-0.3039694994186459,-0.06261782576986735,0.15903522845738788,-0.11121243260906047,0.05822058387573221,0.5251540375999697,0.2601927388302428,-0.013049830468587069,-0.2909098017527418,0.005005172272499379,0.27683038032558116,-0.24844588917568428,-0.28051397893958613,-0.11280803406544822,0.1552725766989199,0.07620786729776532,0.14979285986449345,0.3403119167424486,-0.051392700839147924,-0.05313730838699999,-0.022110617529930224,-0.018399604508024175,-0.05825446101931323,0.02251723034553815,0.07460544049678679,-0.03448862854435939,-0.08503916466226566,0.1810322036999796,0.12350984451984046,-0.00882611180201887,0.27297985067947067,-0.03484549370787722,0.06896842650280775,-0.1535446939287665,-0.1700051749706691,0.014107118265673048,-0.1649183591284842,-0.03158282524663797,0.03809886371389939,0.004142811773777052,-0.010056545579489597,-0.07492390590204734,-0.5670238568023714,0.08281621838662372,0.0041450125926087026,0.1506679684807102,0.051561599843851676,0.3223386827038242,0.17242207045378008,-0.27591921485584453,0.0012355467967747917,-0.07667971416941556,-0.24215874650909497,0.056266407031817144,-0.030491227781290535,0.10744796516658409,0.10642946266812142,0.06703588977861864,-0.032643830487171094,-0.17421880138603932,0.05233736553909721,0.006316417358799386,0.09781462175953744,0.18135665423198838,-0.11661248761416354,-0.14178106390301806,-0.29799154738800804,-0.04083612089279009,0.3664552621889308,0.24027361183456256,-0.08880206716648693,0.2492695646650515,-0.10867967931825666,0.03747631922180133,-0.24794801832831997,0.08159032587942519,0.01661377053275796,-0.12827358450067153,0.03506358870422988,-0.009337261717503601,0.1765703707952579,-0.17106581067362311,0.24675356092590092,0.11631837047919985,0.1566627924733382,-0.05080848574687943,-0.09342529488651165,-0.20445198102110057,-0.12570931308245076
2002-05-30,0.05431252082203639,0.05077789573404074,-0.03480314860378004,-0.020277854259468167,0.026273768063156074,0.06748069582541806,-0.08345030751852982,-0.2715227229604385,0.3871513643899012,-0.28779384157146426,-0.3199749730989074,-0.2600556664444105,-0.19792211823075592,0.06058490529872889,-0.17520006177175013,0.3114530551388618,0.3223820426566673,0.3618258916363714,-0.08959333059131555,0.03341551549992882,-0.011870075458598682,0.043876770801177245,-0.08140778816093847,0.014445996016095619,0.17982349764329564,0.19239623673115613,0.30393522031118136,0.08103924206026657,0.044729813888833785,0.1446792172985319,-0.027868281734509323,0.03144602678697255,0.09167565841744618,-0.04538979811499049,-0.0537542767572814,-0.10710264470078523,-0.04711117497988159,-0.18829475039589674,0.14220229248599328,-0.2351019068590964,0.119958373776553,-0.046885735442486115,0.1983039561291771,0.07461944504060566,0.059846890113834234,-0.2630170220260416,-0.08695753048309271,0.033159272538318185,-0.12575215162911094,0.018096648644055257,0.08339982321464126,-0.08804011727411229,0.06635874271852668,-0.4784318497977944,0.051169237976062376,0.12754990569388455,0.10681617249877313,0.22804580247115255,0.16982977904160876,0.03870653271562783,-0.33058037586729355,-0.020098103150313837,-0.01880493935149485,0.09825926833359483,0.07584335721546956,-0.11058289853864686,0.17711277309019577,0.15200994908843485,-0.1157638449175081,-0.14007378593706885,-0.3207135076293141,0.3558253690269598,-0.01895154930527399,0.22009125714045608,0.27211526376228345,-0.07912251553756852,0.035971813852980906,-0.25300973066206334,-0.06257648021246888,0.10725682711884997,-0.21450032684595657,-0.1335539804528387,0.15000978376677127,-0.26920658927631147,0.05194685665283126,-0.18317532448195445,-0.2625834197292522,0.08318041869026177,-0.19856014742274905,0.16207126483069037,-0.11035378019281172,0.004425866151001368,0.14822758751471823,0.18676408410621878,0.00974735063144907,0.05752611470455825,-0.015298330177419897,-0.2620228725924611,-0.14221538834011202,0.006072005807602339
2002-05-31,0.03885301007208959,-0.28193605381915193,-0.06699924264655681,0.12789838495778602,-0.019715269676670397,-0.016813435954335296,-0.1454411843974399,0.34718104363006047,0.1709217668362756,0.09296283146921203,-0.19269782651334014,-0.11502735239984926,-0.16961637649127623,0.2739058517731201,-0.29184455371225065,-0.4033974415467886,0.3588773123201448,0.40504341092401613,-0.09972273591492485,-0.021436397395367308,0.048494967541113584,0.2516733999323662,-0.19631345366352157,-0.09603563801029445,-0.06098991812600541,-0.011720659495688353,0.1706693448893128,0.2260776473313854,0.45484309039192933,-0.007850082576730654,0.03503666506480658,0.05753895998448729,0.233028334007957,-0.1006863719430805,-0.15437579238377191,0.21374038989645172,-0.17505455963436697,-0.028149583679544243,-0.28740017345892654,-0.2139591558470546,0.029389369964806088,0.043439047702482914,0.2353049754772897,-0.01380148366488679,-0.04044417421889943,-0.32276687508235463,-0.31034424637920327,-0.18135701550265826,-0.002493231000161211,0.00373126583760927,0.020116188938682847,-0.4115086062632724,-0.04313776818111651,-0.4698023628871678,0.0706516758156356,0.10713886004882721,-0.17424657693303533,0.24008750123982783,-0.018626058374274,0.2240543057017375,-0.23542783385985733,0.15934501807399057,-0.05932965175533059,0.19139259841373718,-0.02589447026989733,-0.08075537365194846,0.08060192824041838,0.10012630458973142,-0.07962885139777567,-0.1898896941902937,-0.45711044584306487,0.7025703830835635,-0.24374309009011463,0.3487084214629678,0.1492546505440661,-0.05519199294925362,0.03132225254029556,-0.1429092919471795,-0.3751873346901611,-0.31076121185986066,0.04373300570251687,0.20655311181966218,0.14688365574877468,0.12926918887055375,0.2321969586281997,-0.06845773400162859,0.026677575956570432,0.059313766349761446,0.004035020210281955,-0.024904405953378225,0.06441775872136715,-0.07625072620862156,0.2681612904328408,0.043935903048069505,-0.12974863906137954,0.07619036754307064,-0.015298332920836832,-0.21464128831505283,0.07548055359835476,-0.08010049929962344
2002-06-03,0.02754153887256451,0.18637223210019224,-0.012999172303068003,0.2396455609272859,-0.10091429802890994,-0.0378022416550719,-0.20586618661020986,-0.06925961955477913,0.27092207603631124,-0.073293860191552,0.09177527228402643,-0.24527907291745937,0.06813346833783224,0.11010680223014332,-0.13456435105567988,0.1539257013578,0.02329274929358708,0.23926069173653286,-0.12676378369984942,0.01405072300878961,-0.1252849191884907,0.4798661837345545,-0.3976323077100628,0.059894433909720955,0.031275550755404294,0.1623959398881783,0.02012880352830843,0.18361475780083844,0.24450551009868418,-0.16778000426967632,-0.03144707407734265,0.06545709334050344,0.17969314316936125,-0.008281168422369357,-0.07146763553574728,0.12883233818036266,-0.17168323250001621,0.03563966670399939,0.06347847440156532,-0.167766032093357,0.09219756908661883,0.12252411781108793,0.07107498828911324,0.12176647479518468,-0.043410027395589586,-0.05090606110410446,-0.07159072380462296,-0.17623299667575593,-0.10904171773421269,0.1497910858351626,-0.0625636432952155,-0.3375139434395422,-0.06219599521350532,-0.09282327605843166,0.024417850990182188,0.050283845049267535,-0.4154337613097906,0.18908930495138826,0.1317686640715901,-0.011955291840575253,-0.08993503079529888,0.24753038336617403,0.022464478727679166,0.27232169095751135,0.031726732870522675,0.01922182788581612,0.05884983203280984,0.07699700144924465,-0.21338672832122915,-0.10953923678776495,-0.4128685819921877,0.22075795744772142,-0.26005056478623406,0.19194587981722108,0.1328980262773607,-0.19435445243827817,-0.08407007235726666,-0.2662380863782805,-0.25045850071837555,-0.6764487095300389,0.3398586741109541,0.0008624807750774007,0.407232720612268,-0.1698377986471765,0.30316793696706223,-0.18936778646136226,-0.18116204949008613,0.031072262899347385,-0.336537455126809,0.09413364169385076,0.024132858359075707,-0.19001776162596537,-0.08895194825731574,0.03146823629669577,-0.030956950258212032,0.26097839298623643,-0.0526340678469543,-0.13980901063085382,-0.0811208039292204,0.37474622121685025
2002-06-04,-0.0758461181153878,-0.06656030864791261,-0.006620716219057944,0.24176187092974802,0.06924819153701042,-0.04607999195467103,0.07733508343641064,0.08206353209886445,0.012319947491449748,-0.022428501827644592,0.008206652061722147,0.07163020916103854,0.024923139437679057,0.22013307275199945,0.011920062174780097,-0.1866188015319355,0.15778857504826888,0.2878189546087723,-0.19722945537499045,-0.14313616293662815,0.010786285083622239,0.39586598282001745,-0.1416655590691251,-0.10249672786033792,-0.03306060236427597,0.1866435428253574,0.08047229735337377,0.07961510930475162,0.20247252915279002,-0.17219536888808606,-0.15590428821270047,0.04416457178926887,0.14270631246041598,-0.03570083289601217,-0.08706818534690888,0.23250067349013917,-0.19046087878146134,0.10022034135043023,0.1836558295622913,-0.3250505291170221,0.019693976038576255,0.1540648639769892,0.5226934473791686,0.013727537621860691,-0.21690662091089963,0.0034716745968090567,-0.0018109711475919877,-0.3105964688829684,-0.2071148376251182,-0.05318832776458246,0.00865622803626553,-0.24999509057141672,-0.052500695452631245,-0.016784736793821763,-0.0769816827095817,0.09541819655194804,-1.0364148315124355,0.1728537181051333,0.15481985391118872,0.036442446980724935,0.18531703104693026,0.3727744436996861,-0.3268459639098641,0.1703136197845674,-0.26776923127188273,-0.08269210865150567,-0.0260052992929035,0.2578905956627376,-0.24298016852537435,-0.07005820261803038,-0.34131082476383307,0.2713442752553924,-0.540722659202202,-0.061525522029966785,0.01012132447298381,-0.2148954210471716,0.045427702124930934,-0.29528273224973606,-0.12351361559109297,-0.36856008059061973,0.1537838452248363,0.2807096607416095,0.2272272940634712,-0.14279253800751004,0.05174866296894162,-0.13482893530237972,-0.13184972284233773,0.10021019792518773,-0.25206377532081436,0.2328447021348147,0.13938916221806896,-0.09887417971614101,0.03896323090813485,0.23358860833061496,-0.03408922312030753,0.1243101239630773,-0.15283344023710305,-0.06871517945808159,0.005940096289586054,0.1758532027166557
2002-06-05,0.048106813896755335,0.05903988771315321,-0.047154294363094304,0.10332487685411716,-0.022542410720667573,-0.39904120568964957,-0.02870168592156685,-0.9585350827380424,-0.04697964718635038,-0.12375154634028873,-0.17442279007544279,-0.06035041260302636,-0.06433354130651621,-0.16410582372758314,-0.03785060976324132,0.800874624281865,0.33490866691621773,0.2933262865803938,-0.11393392996596939,-0.07371201378585766,0.06675801530251327,-0.04070206929182234,0.006842327024782151,-0.26577595223800604,-0.06640383965240058,0.3542734850568569,0.06933767916281397,0.04688722648862636,0.313334966536943,0.054952900650371714,0.04538438160891827,0.005535630028438124,0.15629624832569428,-0.15402837690820542,-0.16004223878145038,0.2166434312539257,-0.11191931633363253,0.28598961639006937,0.3185734233318667,-0.02130974655063389,-0.1348670545100834,0.06429160358416072,0.32637163481336917,-0.10396021635566254,0.028019966445848837,-0.15953663322394018,0.07270266478190358,-0.05360608835489503,-0.10985418958675074,0.049398291942666865,-0.04352246713170193,-0.3690114849408828,-0.21640020826897619,-0.19525751012768458,-0.020976049021129668,0.28014404165017914,-0.32782700671878046,0.06325281928548566,-0.11556087007708313,0.08803278484166462,0.31217176529775015,0.23973975171413434,-0.03252388208235563,0.17031361051971453,-0.24465817352270583,0.02933410534945587,-0.018667514555955847,0.20008490006279098,-0.027649039754851733,-0.12642115667273554,-0.245775581331112,0.15773930123271152,-0.1643591819423428,0.02505523960362378,0.2586660582085057,-0.16919537341446578,-0.027415776585242392,-0.29940782519540504,-0.09253089315304348,-0.11427389673122741,0.11252870015383186,0.3277294186124934,0.17298221933881697,-0.3815645210403109,0.06410582753369999,-0.2897587343741947,0.018410288157859663,0.30918306204132545,-0.010372750001558989,0.2436886672266732,0.17442658500718364,0.07934952638388712,-0.13562917774818803,0.036037131300184495,0.003226500239795128,0.09008988126694756,-0.07845513377433364,-0.07478353707813584,-0.2368985140780832,0.08852211560115301
2002-06-06,0.151888432917147,0.03700946951618429,-0.0018356918934573654,0.2338471885989337,-0.04851139765236497,-0.19531564800178466,0.16807142621731214,-0.9314245602151061,0.16529488202933015,-0.18814691154559746,-0.04572343357650342,-0.10486247802139279,-0.08889758354984291,-0.17264845680765376,0.08056169419561549,1.013601281285877,0.1952197230371914,-0.12915931020765514,-0.0033483341392204834,-0.43842669981448,-0.09642365507899761,0.0507286821080227,0.016342729399892585,-0.33507351850600964,-0.001782765133124075,0.1511812564641018,-0.12653514879710712,0.06832343733974089,0.3114615710845399,0.19006861793473676,-0.1296741261582626,0.03983280275213497,-0.10617697419068368,0.16171689402428774,-0.08105973657754695,-0.16808903272840534,0.06659887356976334,0.3027611018088812,0.07218205204958955,-0.20707111308382317,-0.11407841425503841,-0.3241645434731091,0.32076898738833876,-0.05509109362351973,-0.3527952094952614,-0.23808603092086728,-0.0349033333923332,0.19415090406543317,-0.10860950695612148,0.16888385366343509,-0.02116580900222967,-0.02150669784310087,-0.2327528148088521,-0.20801414163727627,0.03358886567711336,-0.00768363924622256,0.01258012838923691,0.09831249808667866,-0.10524144499557196,0.1910155686544597,0.24385336526567422,0.06523814572330866,-0.12252252034160922,-0.06935084641716514,0.16805057603068366,0.12302986159108112,0.018883654833902586,0.17045583999473424,0.11476737260664359,-0.09430404323796569,-0.09268604896965259,-0.08241653571147435,0.12897308494043916,0.17948522285181925,0.30623979328335005,-0.14732449342176038,-0.07660039874450868,-0.2951986796926232,0.07786555523879243,-0.005514649940057894,0.041216590258019346,-0.019923950446407677,0.27488669159854984,0.19782714221801317,0.08425719279750248,-0.12400996823229034,-0.23053879269018324,0.001541274624215666,-0.19238730523945508,0.029286960099547083,0.054287995856113304,0.2785213671399617,0.001628307410770196,0.053449905472773555,0.12291149274134411,0.06631205116389378,-0.09098999834619304,-0.12647464446685688,-0.3048066141131904,0.5603651372977281
2002-06-07,0.02932757212492782,-0.1662738929944598,-0.03769297841396934,0.18585357502376906,-0.38154163079269243,-0.12137638859331629,0.4857245526606935,-0.24441505705353841,-0.03253712241305307,-0.17400874720919407,-0.023348846812676606,-0.1599578244383955,-0.047020925670263086,-0.024690621648076172,0.04884564139396494,0.3808744004597044,0.3624602304128366,-0.02252277104667725,0.041226462265403614,0.02250669737455609,0.15189510877501522,0.07082294928397863,-0.06562927243990326,-0.12142594638166578,-0.0999924870627071,-0.08357895984191394,0.05962505603756219,0.0950250655148823,0.2365539855665321,0.2126995622496386,-0.17420783485117516,-0.026359766401209978,0.026880725243722987,0.10200131976889146,-0.11853339775999877,-0.09529521443292618,0.22465037982889935,0.29124444435134994,-0.08576931349700885,-0.031892738353274476,-0.03416560246342955,-0.21808516243323273,0.4235301696075461,-0.21120718479032194,-0.14665523282353868,-0.09263427579372327,-0.1388279096931216,0.044679917643615806,-0.12169289738046352,0.15003026027288816,0.08868125388710996,-0.028962355864061408,-0.09149641129637455,-0.2927030763926193,-0.006623620985587328,-0.002036894392058035,-0.3822411837357116,0.2267471476416107,-0.044651998994247946,0.12917725375848674,0.06940474447615784,0.043981148537071614,-0.29645687732407916,-0.400612006101103,0.003158074961638779,0.08610702360453673,-0.021780833633533163,0.0878540490954565,0.12083447647971413,-0.0747188177130505,0.027839860240312816,-0.2876625576331527,0.4740367708012101,0.07521812473942817,0.3974040188545482,0.018178240227163314,-0.08228146720520155,-0.23138048332492966,0.03241289108202662,-0.08437877022557776,0.11370060513682104,0.036845574540858905,0.23612482114101307,0.022115090122151085,0.1646268218065653,-0.14843632999194312,-0.2387368747329835,0.28327496207188935,-0.2561309886623962,0.15825412329028793,0.030748554391653908,-0.1409125753624923,-0.10659924671434418,0.1681205704937585,-0.03531575149128441,-0.03611308849566169,-0.13406682923781194,-0.06052776386497315,-0.3786355824013112,0.2113353987625033
2002-06-10,0.052081480921747574,-0.10122347007365083,-0.06093194583102278,0.1294477255482342,-0.16263908082651146,-0.13017773260200238,0.09841906668976981,-0.4564801811081977,0.03375886865513661,-0.1740087471341528,-0.1824178533796003,-0.5037318558138594,0.20105258889315747,0.9700529526144677,0.023746135318269686,0.49361954439049155,0.19150055211088585,-0.15621954138695573,0.21343503470119196,-0.21403478952481825,0.04076123315904883,-0.293898797430721,-0.06099259776284607,-0.04453515960967255,-0.08376547500586831,0.28643403174354826,-0.06799751715223933,0.1411813527575106,0.18944693690312048,-0.0034352921444885756,-0.2727191387055074,-0.10264215397072528,0.17990059792090257,-0.114968283391835,0.21628642530692874,-0.04065697201256185,0.060549419999254624,0.2420869126284361,0.32289836088698437,-0.06627374979804795,0.025342455052765372,-0.2674479737188714,0.16328099563804455,-0.22787553954161635,-0.15625510134290785,-0.12985857607655116,0.19440660470583554,-0.13672512902923578,-0.1810820224625956,0.09000802705945382,0.04725976555245126,-0.029224524038333984,-0.09028620535956731,-0.35733648649740024,0.0667930582564663,-0.1647940122155217,-0.3198152609772497,0.30382165326513716,-0.16934553315465098,-0.14233675693888345,0.1615719433412115,0.06462766182481244,-0.17974555820887858,-0.1702571057028166,0.32858430578395653,0.1971105217640892,0.1178768176640278,0.013501274016202729,0.12296506668412757,0.04057668877223467,-0.5168286962525721,0.21953540999476906,0.41455634753007997,0.11058488612576416,0.09149620072156668,-0.03922695054013378,0.01706955757429702,-0.30557332177269053,-0.27638581696387887,-0.19873216575317612,0.11370060389486361,0.2995301827869502,0.1237931076515821,0.08103424410972707,0.15127992071696542,0.1493793815961126,-0.11639370681741593,-0.31436309334334245,-0.23804977652064085,-0.025860222634791888,-0.08246992730359734,0.0026034073739094796,-0.0981780892229744,-0.25840584304912967,0.1345523780935107,-0.1288685018291711,-0.06700746951436184,-0.009659800139669645,-0.05164626053134224,0.36468770042275417
2002-06-11,0.06836117153658326,-0.0781479016027203,0.048449809161845034,0.06353080693100388,0.09112796046327098,-0.38163207118970915,0.3644249638448039,-0.5133796694819056,-0.07595067994439912,-0.07817289956176739,-0.016040536782932626,-0.5202070903257792,0.093562770292419,0.726248784853273,-0.07032885979125238,0.8313589151032793,0.04464853561012599,-0.06421579809637076,-0.1378137108108348,-0.012946158774069917,0.07724040195827005,-0.2168410791378175,0.06546955735016531,0.17049203491915718,0.20231036290954466,-0.1893293829852664,0.030550919549956344,-0.09092830225062316,0.17956575559913,0.17274133752421642,-0.12375721936463933,-0.16620519197425182,0.044764704385417936,-0.032834392779685154,0.24017034775791835,-0.18742242757499417,-0.037116167294916805,0.22420672549949242,0.27342333339499364,-0.24530127449601266,0.09583830656652252,-0.05933457836780889,-0.16630565495165284,0.1288140233255217,-0.031213335834089632,0.050310433376405214,0.13041195125926827,-0.15627531362326755,-0.21305580689436623,-0.00830457020326348,-0.10204793988548604,0.10956334810681397,-0.0230385872284239,-0.06395653994643594,-0.032348402986898415,0.013723490759858858,-0.5331927916202346,0.28229627137812474,0.014296991513759577,-0.057546191933237414,0.12897842629067288,0.0024175131809102187,0.08504352915379466,-0.030562539139303724,0.15470502935822933,0.04208837822116965,0.2613467365397346,0.08454986561130241,0.018379937185286667,-0.018149985811538767,-0.5256051240533203,0.6191494342446017,0.06357125408008019,0.19711317322371447,-0.2003370735705409,-0.13459731643639686,0.023718876700375265,-0.25738772434702584,-0.16058787524543458,0.03177807443934306,-0.1674841041104408,-0.11564362127756907,0.12459043509713932,0.08103423940761285,0.11667958125300892,0.1593259480848137,-0.28760909482517016,-0.2619023768126658,-0.085823323262695,0.1821234476083258,-0.06925361385868004,0.011707450705252425,-0.15013194163456586,-0.1440782500518293,0.11141389709864186,-0.10850232287795623,0.04214923042774607,-0.05606284165607608,-0.09223334842168047,-0.05303046594260633
2002-06-12,0.07159492534571243,-0.40389853369771467,0.0074349304865078125,-0.08565429528286411,0.21028559822730147,-0.3139378961773125,0.22358828306616407,1.0972276114444521,-0.04695677042583852,-0.14737166328161955,-0.030117573631425348,-0.3290351356163401,0.08342489857076743,0.5599142430981542,-0.07032886101206619,-0.7765080129210452,0.059700062384165184,-0.15239670264333222,-0.015745469985550816,-0.0023970972681775686,0.21499917892225617,-0.039094572423028495,0.10306486740977121,0.17049202323326226,0.010422658348122357,0.02233971924019138,-0.007943314297706639,-0.0802502004857392,0.7664206232174586,-0.014882277525236695,0.23482113037233143,-0.17260212320603202,0.03539169715351465,-0.003630935217523304,0.0742096666917726,0.04022504499629971,-0.013361805896898461,0.05489698102233369,0.09517100738333832,-0.2464745781141501,0.18127065322667846,-0.049227025419623,-0.17432373462523174,-0.05611241690183153,-0.2091290046917128,0.09882667711467275,0.1773045853625073,-0.2354355773468435,-0.1805390337070463,-0.060569870373995145,-0.025743835472799268,-0.13860552160641323,0.10446092419723994,-0.07207926801455321,0.01262710578205141,0.06321428325224406,-0.2595038189310571,0.11013048700060173,-0.09893231672988229,0.2547999791183233,-0.2193904868158037,0.011989300399191103,0.038603974712536834,-0.14130568467159724,-0.0519235965869617,0.11551944990427533,-0.011422085694862232,-0.09822328524537335,-0.2182311259358974,-0.06269409374435041,-0.18066423464729917,0.40656239732006794,-0.1206753851650574,0.16424708664099072,-0.24012507013568962,0.04881172689083063,0.009973432595195088,0.010139659316874832,0.014208796334940769,0.0323390990504966,0.0006134917229222382,-0.18723144204766254,0.0003819157801606459,0.1431449372030302,-0.05130886201182507,0.1144759960349228,0.11455974412507385,-0.01722811234812239,0.027737946588090766,0.36170808494375645,-0.0384753347943827,0.033831427818513886,-0.12180625374122052,-0.2722095516696423,0.04411539200901193,-0.30504684640676744,-0.025361804585298995,0.04532823047369336,0.03806487584597306,-0.07531104966277745
2002-06-13,0.08931230501677828,-0.46115997587126323,-0.0326067001851973,0.12730590509932832,-0.003943271759963595,-0.3207219318310344,0.08711543285761407,0.44230438129731836,-0.27484234208552777,-0.20088476692583176,0.08766886540857949,-0.22067244877580797,0.007012658598870641,0.30115231129804954,0.030660810300171884,-0.3262377426320087,0.36385267789995923,-0.03210342765109156,-0.06863817140919917,0.24479221610204613,0.22531924317615132,-0.11035253114081138,-0.06423642556659219,0.10522951853427698,-0.08768964021665934,-0.14248292930248868,0.08982465491617458,0.003587248177988732,0.6150928251570807,-0.08481035780196991,0.16584842659167773,0.03525094611995526,0.057048150875145955,-0.008570547727390196,-0.1003910808316367,0.08220278959235365,0.010274214533429317,-0.05889236754475046,0.10499356371947556,-0.10123499089599375,0.21616242826303494,0.025972649804530498,0.06985242986731796,-0.05789529967784563,-0.5015436799945696,-0.08962925349686882,0.5712264976743914,-0.09945612619466561,-0.13700692423378796,-0.3390952930122417,-0.11808568876367977,0.1863533340110477,-0.12490414694471015,-0.08720092409613181,0.0176721339627734,-0.05624373260912414,-0.22373530906187442,0.10750254775123039,-0.27169282219969615,0.32609651719003024,0.0016334639340336754,0.009189856449711445,-0.001264234835143442,-0.04508547293582931,0.13299721934051595,0.2796425509349298,-0.13420559059488774,0.025676294199387318,-0.09138471841472177,-0.13204557988777604,0.05061983180756299,0.13232958040803844,-0.0014462985177427488,0.13154445160774267,-0.13125255798218532,0.13508539183021107,0.08575985473702762,0.1621437876483825,-0.03468369516287811,0.03233909174543858,0.20146569753610802,-0.2133065552818762,0.020917744232984533,0.14335691062557543,0.052848136850500695,0.006258151630036232,0.04128959242094645,0.03521986634554378,-0.0022872418081459735,0.15138060250616095,-0.13900969154964113,-0.017839825116231393,-0.018817332870945492,-0.09216787760948036,-0.21218823746418167,-0.30947123981196717,-0.021848762114633144,0.10987427059172522,0.014446825176679121,0.025000804974642205
2002-06-14,0.03267376127030262,-0.22668184787920564,-0.01406891998045459,0.1376532248100554,-0.19837083230311342,0.13107560946985597,0.043261688699628424,0.00483163090003496,-0.11010475601486422,0.030992028856960625,0.18057545508780257,-0.08971017099354467,0.04288210609198327,0.1877496403584255,0.06333321772255991,-0.003964519451885375,0.21366806827496376,-0.021324232878307748,-0.06541561880262643,-0.045331104334197576,0.0826228329420935,-0.2687656866507306,-0.041355314469920655,0.013082446766814445,0.003758784017437559,-0.0418652385732656,-0.10580926630961385,0.12166408727676069,0.6407407185325794,-0.1054668438760995,-0.05488375646020126,0.03964937055819209,0.272932311594488,-0.023132814776686474,-0.0071075345110189776,-0.011409649622849512,0.010115647640732927,-0.019504431302088635,0.006825867592030917,-0.24538253175931155,0.1310021915659912,-0.03928977899889921,-0.1324356178307815,0.0486409357915777,-0.3508003079809889,-0.014072025557108982,0.2504442243833931,-0.0632162113994931,-0.10649162153628816,-0.09987587872055462,-0.06445189498210074,-0.01232027466097255,-0.11162825772057583,-0.08405688733996128,0.010348020329569092,0.051896732221159675,-0.21596808259032474,-0.20080618585160723,-0.220811655242782,0.143118232196926,-0.1894739005954182,0.14802110331991258,-0.04307046774031017,-0.08402971561854383,0.11643694142654393,0.13720822635076454,0.031492114140018096,-0.04959305101195476,-0.04637804484413746,-0.05760498587475406,0.15435067393254645,-0.043581753716652426,-0.04299756606580827,0.24678284430834055,-0.12905452230256154,-0.12919734441818237,0.05787847707709478,0.06477576986183506,-0.012032976245155935,0.1420781101618315,0.10022645552524442,-0.13043572275336743,-0.042547513069300054,0.10239865191778046,-0.024724190581631094,0.007357985046198512,0.27382826590580484,0.035219862713811896,-0.03870143874249078,0.1350765450384989,-0.08482122363973227,-0.012667739555018065,-0.014297578126372754,-0.14062328950514422,0.0066215138765487284,-0.10185999357577001,-0.023363807991307856,0.05353419951584159,-0.15052909138523224,0.11499995184554282
2002-06-17,-0.07598849844852056,-0.32491360442554745,-0.010453639314136311,-0.0028738208889690156,0.0021109713926852017,-0.15772213605695035,0.01911712580806661,-0.029933015808279145,-0.15719973252288114,-0.030011804025633596,0.22217859223908165,0.10635218781329989,0.053075713026578306,0.14286611692881865,-0.013793798896953261,-0.0039645208159591735,0.2513797403906411,-0.04082430394622488,-0.030273696040566164,-0.14880402824524622,0.07801610288224485,-0.18685101286060576,-0.07327131225385385,-0.06051691134449284,-0.0367963803749248,0.1599730468087838,-0.06271588814457986,0.20825474519959636,0.2767051302874316,-0.010248104519847872,-0.06352102608184639,0.09274433889047327,0.11648756173847749,0.030944690556072046,0.08375172961377003,-0.056088060916599354,-0.003211876927135545,0.0020564243276160227,-0.04809106003628964,-0.35281377542701575,0.008717171559987717,0.03053588997520421,-0.08171843497015611,0.07826271244425204,-0.28559144669925457,0.008299642189339936,0.2504442238688736,-0.18353317875297742,0.043414023970966054,-0.15783526590899125,-0.07345058975102423,-0.07077918161320162,-0.2400942467390965,-0.14628184326217522,-0.01698024720165211,-0.044173041951015055,-0.1819081699547739,0.04410548854907537,-0.19472976665532787,0.09623680153725192,-0.026343443919356682,0.20676997149713344,0.09120380124665851,-0.05165531274214922,0.1651293451694499,0.17885159404465603,-0.01360467821869678,0.0483281578381213,0.17411193306178394,0.011213436662099917,-0.03879897294277959,0.05248378148195376,0.21061413152473338,0.1605268596716395,0.1002890580607847,-0.24320909972679125,0.05787847651330107,0.07061330474689398,-0.1828318106832187,0.17823776918941026,0.06930684119529437,-0.024787519220658635,-0.07209417869485207,-0.014451714849749768,0.14802266133235642,-0.10708563576150544,0.2668794620373038,-0.045547113457187184,-0.044391006445694006,0.2321253769861669,-0.06943268249973163,-0.000758267253831067,0.10314694901706767,-0.02270998844117983,-0.0009004809768993,-0.16766477533352497,-0.09498993086738923,-0.06783845410628517,0.04985417613022275,0.01810839644944907
2002-06-18,-0.001657947767129639,-0.1950967271980614,-0.03926256224870367,-0.13902634373205985,0.08289890280180663,-0.038870364642763826,0.12085934370814039,-0.14823449543842535,-0.15019137571969296,0.018948106654075172,0.12521570374108257,0.05988099884357604,0.10733122602805241,0.15294743316400208,0.25563493189504466,0.09684154174572811,0.10975534564760493,-0.01899929255843999,-0.008770889714496919,-0.14880403146038923,0.08046160564590273,-0.29281941646658594,-0.12340911236429246,-0.07603484605794239,0.033205373910497375,-0.10779892413831353,-0.07116546189590642,0.2683832868389879,0.19696593518573544,0.05256626839004757,-0.18856145063047103,0.10972431506495026,-0.013775365654415107,0.2594862642570725,0.09080037706224338,-0.1335082399062286,-0.010041910101624234,-0.06681000126536692,-0.1625877644211302,-0.1841694189591167,-0.01902922469128076,0.010553154225639124,0.011527775601047409,0.0907448089549469,-0.2969801380409444,0.005607231710673332,0.1287083677935496,-0.02655191823640558,0.07504827145521935,-0.034299710082186526,-0.054736782868316625,0.09341456212929278,-0.10420582265800146,-0.12077793855470968,-0.032566739414984516,0.02076958846747756,0.01680400720693699,0.2993601988469666,-0.0929227751747537,0.11221222326240494,-0.00729956520987096,0.19536212019136928,-0.008814927501252075,-0.22130416370675018,0.13157585515693082,0.1652289952722668,0.09414739787836716,0.016293099776801264,0.22640492830016642,-0.04011172223805621,-0.1990310458581124,-0.0803022721960163,0.05519249393083945,0.22648344430464906,0.12483409486665237,-0.24320909979008926,-0.07218174925515355,-0.043571512269050074,-0.12125933637901032,0.07429614822837895,0.12044528147106733,-0.16538002140096922,-0.10939226234202896,0.1764139055323323,0.10123605171781462,-0.12525841005364385,-0.06037415263468612,0.13432779224130423,-0.09274843447284735,0.0933481182439577,-0.14991544761411998,0.008719218434135319,0.05754907435397048,-0.005297707035394079,0.12099397894437558,-0.15576495426564219,-0.14574714138326592,-0.07516843139567195,0.07670218589456734,0.05332395952406533
2002-06-19,0.07184536131701268,-0.1598143072193757,-0.02744658736506816,0.03122995286874328,0.31369672756645184,-0.014973923943539158,0.09572838867264089,-0.257815508378965,-0.11638137314869032,0.07035355234432712,0.2359725544625164,-0.2824939108617119,0.1549287770578219,0.12071949607767309,-0.09777227924170138,0.3784767730547419,0.28504273816866127,-0.04508897814637253,0.059886786680229565,-0.0467772609790083,0.08165609920589943,-0.16605240089891693,-0.06899244586772714,0.04342184273697634,0.025218643536634326,-0.13588036044912757,-0.02975247626489833,0.24110216951543748,0.24984307969309744,-0.0019383796563927926,-0.18101081263644656,0.06576494257875763,-0.09476995001104085,0.15721905065130828,-0.08556073699406176,-0.18586617286929774,0.012132117041196051,-0.09292600596686264,0.036552268233135114,-0.06601693777821242,-0.014798441345081235,0.02596652007184954,0.015047968408615416,0.07332728145916066,-0.28928048015024815,0.013043534291709808,0.0036343032749782843,-0.026625422284849133,0.036646864293293835,0.04613098924544042,-0.008015776197478165,0.09342078989450817,-0.15581896350952912,0.08659986719817514,-0.01410163954971627,0.009322507740221822,-0.0739167690033637,-0.052276248578236505,-0.07307600295124077,0.16696146529689093,0.09472464771953544,-0.022814196855215314,0.02872900784944374,-0.14601872309947198,0.15635920160286668,0.024824383654069426,0.03376092148380859,-0.07821871636939558,0.12144994007411156,-0.14812816091618447,0.08118279037730868,-0.25957954895281576,0.06074459143317147,0.05641696739031327,-0.0034843941715218805,-0.2540409326782352,-0.04589621942400354,-0.008728151546484125,-0.2093878107846364,0.031322525436422846,0.043369752098056,-0.1541049109938632,-0.10470535909697071,-0.14182732055340966,0.21520984005627775,0.00941120217460543,0.08269066164434348,0.14488654199599876,-0.09463264201060795,-0.07051022596068054,-0.10879755975859039,0.08198429157912879,0.044844174173995374,-0.009816567990754133,0.008286836244782927,0.026551945619229498,-0.06291248461223116,0.026228227427785526,0.012837919639836383,-0.01932165658916117
2002-06-20,0.26960572842438535,-0.2304278242732833,-0.037555185774213386,0.03138165689786087,0.13209346704606184,0.2340236374434999,0.01986690106613338,-0.12333849604474409,-0.25362761252320026,-0.08076381724618635,0.11913982494498399,-0.18951325084533113,0.06596507319521851,0.18399177886813056,0.17445570749539913,0.2813342602666636,0.17450682035584716,0.0361081311330725,-0.009056904447094607,0.05514262648980969,0.04900071784976253,0.07572541846769124,-0.11421974223631413,-0.12741711610487666,0.003860988059085021,-0.12641326057859098,-0.08822190527588232,0.21505493202753082,0.08314691054889357,0.04702944995938947,-0.08966962263530096,0.004148434397924393,-0.1925071593959153,0.15579371320038937,-0.10446451611486732,-0.12134575469424902,0.08944540600116072,-0.1685049475663457,0.08596699900137172,-0.06601694331666735,0.018900696621173486,0.012221492643173187,-0.015422843506789768,0.07525341819584455,-0.14192079616854555,-0.11840114408453058,0.041917847328730655,-0.10652458585103132,-0.013470249974352493,-0.012708745016336249,-0.0852448924396053,0.13501568276650222,-0.08342508126323438,0.29029530674536075,0.020935886351262076,0.0019179077681549719,-0.11238564050223072,0.020012277488845667,-0.016560654002661893,0.053037326592951003,-0.09382273944177283,0.10647125831616405,0.039473731028205034,-0.18992547528681492,0.07110652682245466,0.1438917880605816,-0.03297057655158921,-0.06056667621905831,0.12144993207844024,-0.03396226858046845,0.1806333468426959,-0.15128940028486218,0.03350104474546393,-0.061747639994867536,-0.0213192000247512,-0.15715960806762677,-0.045653295989446084,-0.028407371276082807,-0.04488791734655494,0.05527773214439017,-0.07086798748666892,-0.09222018648449741,-0.10484575169699013,-0.13348945404528006,0.03873356415875009,-0.10474059877617183,-0.07344764828221438,0.13273845407672458,0.005720631880594408,-0.10705387302769123,-0.06821975343988905,0.1180907127592821,0.032987549385587595,0.021042670285919142,0.01745875734345484,-0.04845296183356503,-0.09085647389117399,0.05587004401878224,0.04083661796100217,0.02889149922857885
2002-06-21,0.06798296498253811,-0.28208866026315466,-0.01265034793151485,0.09050467688597863,0.3325237441822025,0.2903773610077786,-0.019591695704721274,-0.16220780672412116,-0.12472499693765901,-0.009882350954862215,0.1662436681133109,-0.10410868484759539,0.29178794799075364,0.1397490573253129,-0.034564038839465704,0.2783702378934889,-0.11049364121635476,-0.19371114206096018,0.0729744993466546,-0.2139709168458194,0.08323425136832836,-0.08467070026974108,-0.10014422778628003,-0.08094041953640807,-0.09906164275265374,0.10266156408512857,-0.04779223789428538,0.16640147418874668,0.11582122476956534,-0.04809340463035075,0.1002996650961529,0.046671921656784174,-0.1381775376897991,-0.018184047085111354,-0.14554177495750736,0.05762614518574236,0.05717532540837615,-0.08814027573839733,0.1136522643417299,-0.028077671236446566,-0.07197440675797752,0.0269495172647722,-0.015422850840631462,0.07525341020160108,-0.0885886436011095,-0.16661761711991935,-0.04431031229490342,-0.008689120829867433,0.07959499614143462,0.0001892114186299321,-0.14213149528942554,0.20799665228750783,-0.04401814666864996,0.3056415118195043,-0.002515208787089973,-0.05245956872168745,-0.038817031793970086,0.05122468712513681,0.07423345693939393,0.11381687190894277,-0.008287680479876746,0.0733427515716562,-0.023964130317600064,-0.37738670731562546,0.0676821779147632,0.2011143599091347,0.08517595123128881,-0.09071086770221197,0.12144993389946164,-0.028096558572433646,0.03871761447429836,-0.007439978268207879,-0.07785919398663231,0.01737049304993697,0.04955282606637603,-0.26325377226712265,-0.03542996975523626,-0.09422574272725212,0.026180915509696145,0.18303111755830412,0.07107827527880894,-0.09682749395549156,-0.1616420998773199,-0.11525309715245452,0.07508734945854936,-0.03394568552400776,-0.06375408803271751,0.10602175847246369,-0.015844390493821272,-0.0654288590605996,-0.03717802186824476,0.06870422651404229,-0.07049034106653412,-0.07564223863370098,0.10125396861744242,-0.04845296375850316,-0.06545307361997547,0.060433996028557556,-0.052322111184095556,0.1708288922419247
2002-06-24,0.07572683968750119,-0.14369792440934237,3.3487658434000356e-05,0.11525269780605897,0.37957748768420435,0.26098643634266555,0.07193226775740007,-0.3386482477470403,-0.17675207129093637,-0.053649729533112,0.04677492194785293,-0.010039011705695088,0.15476718333892125,0.08815012910193003,-0.010696693207514842,0.15990185780319233,-0.09362082098252243,-0.20149868686620034,-0.03605630272334289,-0.20945034252056371,-0.25403295332410336,0.028315520946363776,-0.056128620079636767,-0.07483088810558136,-0.05379308600493377,0.0913433820616131,-0.028998482185221327,0.15554627656446007,0.20693487195499025,0.007181865984968143,0.08914723859609006,0.04404418809241675,-0.09202841162133904,-0.13087163986287642,-0.19454533361615062,0.16753261637531902,0.04576918781312994,-0.03700520733457338,0.06886081337549091,-0.007724114898372231,0.03565756892370069,0.10077137957328376,-0.04916567472375125,-0.08904699688885537,-0.15694894867263498,-0.16681421350476067,0.004601062528383377,0.06035988701569952,0.02750510935902575,-0.0461402674922499,-0.06769302324989596,0.2659089751896471,0.06824481012925748,0.2459875609448523,-0.003979696428938765,-0.038881448710778255,-0.03881703771329504,0.03315741558426664,-0.034415059412584936,0.08971753357353661,-0.025109448291108123,0.010124980381825433,0.0234550175291544,-0.310772143884523,0.11737507259389093,0.11888158248087724,0.04596482552000772,0.06363572859745853,0.031152118362497584,-0.01484275470682236,0.17718753657468939,-0.03517787555883612,-0.008165901326882835,0.032388546461061825,0.08716312977465525,-0.26122842373612054,-0.08714002476330687,-0.07671191450208913,-0.03325936554948245,0.12226066919231275,0.06974250426746297,-0.15275852626399292,-0.18302718462641288,-0.10472250102662566,-0.00258401825040517,0.032995252748325786,0.03601441172287307,0.10865855160177747,-0.0014950941581876754,-0.1386063933692979,0.019973957515804264,0.06870433891195422,-0.034168855490215956,-0.1256493565968322,0.025648746299070754,-0.06948664594472583,-0.17806282403963483,0.038394586128639094,0.07985852385444901,0.08271559980029566
2002-06-25,0.17901021445232754,-0.2823317984021103,-0.029468389930128163,0.1643262748212822,0.06453892802969773,0.026769409120169327,-0.017176429735409372,-0.3290112608426838,-0.18108846800311823,-0.27808770865745114,0.3052622348867217,-0.08881580794508892,0.15476717924875014,0.11279264273856542,-0.047101480826750725,0.0939485163626493,-0.2380211412675666,-0.07918191835767628,-0.058097933511864194,-0.20967067873097733,0.07014357388218148,0.01184938222747557,-0.011545429435051323,-0.1519264963060742,-0.04185109084858847,0.05162228085282074,-0.015623960962101988,0.16780958265993384,0.09443573062260978,0.07504959805229725,-0.1310308021480273,0.04897694758943636,-0.06362769428640823,-0.042519237950049575,-0.07245110669034349,0.16753260414572915,0.09921325330003902,-0.015977658380700973,0.09313954473425487,0.08913860154943591,0.02623394903376583,0.08172747327752394,-0.04916568207309913,-0.022632118980044063,-0.18185642687091794,-0.1771810515723696,-0.012904335746687744,0.10800466574057783,-0.006084534489997183,-0.07783948421454352,-0.10238670720768753,0.623682677257788,0.020655679992384053,0.2294914498547229,0.07910572451495708,-0.09600512062909068,-0.25031599761878753,0.021761289222432326,-0.07251954180340195,0.14174737320490852,0.12618764826630186,0.02759606774294376,0.08557954274915218,-0.33274947801708754,0.2824403466743937,0.044128922003435676,0.06915979482887034,0.05817285369277635,-0.005027028907252407,0.005672263056796229,0.08953361431830581,0.168374707119317,-0.1109561777162296,-0.07506907503261234,0.11417264714195602,-0.20812337046761958,0.14488400943134375,-0.10207254534440108,-0.03332924674179016,0.14435552758381506,-0.20686784096028882,0.0827103481258027,-0.13529509013157798,0.017243484240606708,-0.114484781468544,-0.005415937793305716,-0.016918139693714456,0.08099427314034563,0.16142041339888763,-0.3309493169511565,-0.016928785408829562,0.01851010045474695,-0.08549672480670678,-0.022923124443279614,0.0734035150274106,0.003340290777258603,-0.19561976116226454,0.03420057717535625,-0.05274853645932006,0.08046088766376253
2002-06-26,0.06320316361247152,-0.1603642468231979,0.005066604864703292,0.2494266689148814,0.15890915224625465,0.026769408353325974,0.02883195615217475,-0.8862247639420632,-0.06888163741957437,-0.2924088113904679,0.09863223718779827,-0.14278986970336993,0.0022973404083609025,0.11191126654911776,0.12690914743587176,0.7607452566678794,0.05869940758250111,-0.05003998330815483,-0.1170308828734227,0.06169346092472801,-0.13058279961086386,-0.08334759020209147,0.04168255394128575,-0.15495771971900427,-0.07673009287023891,-0.0742687389652779,-0.1258539972474041,0.1754082026424101,-0.03007587232713499,0.032614297941648614,-0.23436198268497563,0.11223396915572088,0.06382739964013195,-0.1402482414983832,0.03575036420762079,0.13257709255943062,-0.004958656601987974,0.027472321745200416,0.138013739591753,0.02758461960106345,0.09947852514632329,0.14530276923839772,0.011535892280465008,0.0698738202648757,-0.22942334982655002,-0.22829501549565795,0.11682697978286652,0.10336012334449594,-0.06010996170590576,-0.013204249449423966,-0.024324231862260525,0.6261003061666236,0.03823542091586172,0.15624527481164907,0.023991769614242073,-0.06638152862545794,-0.13873661293861295,0.02161942144039744,-0.1852767992876547,0.12945475708954893,0.2733892376728018,-0.050068132568974945,0.06876689911536368,-0.3965166783170169,0.19778409486341925,0.10519172507344174,-0.019847574136007483,-0.038654771409368696,-0.02898104422983262,-0.13845630227773847,0.12749761244013094,0.023227958084752927,-0.19294523371770558,-0.15407536837650795,-0.014169054855465274,-0.27399108232612335,0.13306816441705635,-0.024208100078058865,-0.05459958138563219,0.26052440404807625,-0.1496230226846797,0.11121619332560156,-0.13268908458939926,0.10478175385770129,-0.2497816161551685,-0.0587061087917491,-0.06333425663197527,-0.0058264240419072045,-0.08123507701564477,-0.4613623857064795,0.06283125807213956,0.12941627771950331,0.07184329823089138,0.047607534458602704,-0.008618443576311644,0.08815651597395445,-0.1698644139421186,0.005789416558401379,-0.056733605243991875,0.20304725688509218
2002-06-27,0.24830531241066733,-0.1591338291533439,-0.030203135624956485,0.16190104912930223,0.06040437971093516,-0.033247459569792734,0.02796093649550865,0.002202474102804281,-0.14965603367523822,-0.1627219674661947,0.10648919020578713,-0.26452210467256176,0.021279643682256384,0.09088863920985657,0.12690914604224088,0.1826078267960128,-0.07726430510936466,-0.15832061885806503,-0.09887633644735418,-0.10858912591519242,0.07521745491363528,-0.21734994043708938,-0.03514451974664399,0.15681441830223952,-0.11843891169210916,0.18195965954047888,-0.10470489467550569,0.13901409608849896,-0.01161094626795864,0.06233742751513003,-0.03490867390583044,0.061162170614270796,0.09256832233624034,0.031387830143929575,0.08041485054183753,0.1055627677607736,0.1063932201193778,-0.02629175485771322,0.23234577085040548,0.024371009078392514,-0.028626654856534296,-0.05512492454302805,0.09372994549919318,0.026302845395918994,-0.1737617500602754,-0.2235712670402621,-0.06797399512848155,0.16318342065178948,-0.05458306931446465,-0.12298064966400789,-0.13676417933482146,0.5325305150489049,-0.18002759415680214,0.1931873845054293,0.07277275730416119,-0.07763141510388509,0.09186024209319876,-0.031496505395626845,-0.03896421235678843,0.0029760878334944064,0.1403222437984622,-0.08713694158219902,0.04846212259762859,-0.012418077218114141,0.23700480405395213,0.029877569812200626,-0.018075112400789805,-0.24928685881514678,0.032492845548559524,-0.1447962038900916,-0.024720326247935447,0.046748377206948424,-0.189216584935195,-0.05894619452701207,-0.09180551171528116,-0.19563174786246063,0.18330636616001514,0.051611148841117074,-0.021653095926527356,-0.039230804132615225,-0.05404486942090247,0.08919601174330892,0.001743451334886462,0.02695179209078391,0.04235372321534263,0.010341777428241217,-0.02448487003889579,-0.14906805900769765,-0.07952324939096168,-0.3438927367659049,-0.0914341438406218,0.07605490470544936,-0.011422103007133,0.0031443585057952046,0.03521353298443032,0.09739898295749938,-0.014332484876454714,0.005505451575294865,0.01603505240980779,0.2545410515858751
2002-06-28,0.18069661030793396,-0.10361301130440485,-0.027643898261705276,-0.0298182558389003,0.13256596249727115,-0.06870426044055042,0.18503799706993498,-0.24839460351323536,-0.06503571664191918,0.006942121967560368,0.03188601169659916,-0.24157917513136445,0.06733949387063548,0.19152085338789582,0.05832278683073941,0.22090479257544723,-0.11161774728960752,-0.15832062091603702,0.09697765875118776,-0.20152289253013927,0.01436798584934705,-0.20942192221657535,-0.07397847476034518,0.40714535967726057,-0.08877909869346703,-0.1436931116199895,-0.1148284118076778,0.15113266731838249,-0.0541440348008326,-0.06352144549368184,-0.06815143748558158,0.07621995027616937,0.09053848363123285,0.07807476191472335,0.11368087443537161,0.03651292747776772,0.10522644908762188,-0.0701149134349738,0.061503813901400174,0.10528525169931119,-0.002413693915813953,-0.09262455214740344,0.12564999762516108,0.008961243140524836,-0.30653485832520483,-0.1202466473312211,-0.048153210574188726,-0.045286636750113116,-0.01927026817521249,-0.02591065080503359,-0.11655437446357467,0.6930468090805667,-0.19980055667784688,0.015486522777111888,0.08791982242506116,0.03047719220566215,-0.016178744613462276,0.016624839242179227,-0.1572695209118536,-0.026661429989896162,0.21464843262917227,-0.016957554283112578,-0.016372255139114653,0.003032254031699572,0.1682205785785171,0.05884724337612567,-0.012043539163220292,-0.20748706277550621,0.13768280470985625,-0.12631996051310845,0.025232209514769007,0.0966917014996412,-0.5030973674892939,0.026041912245246088,-0.011261299101103406,-0.0009390080762349216,0.1456696916162375,0.024335302852744045,-0.049803047541015374,-0.3379227092324916,-0.019149944947512893,0.11384281975476979,0.037143889155861774,0.231698582006937,-0.0976486090189099,-0.08791622758066694,-0.02448491824629866,-0.16645236867073762,-0.07072810792518641,-0.2945333941434296,-0.027238206136194546,0.07464960402007502,-0.1309192389597397,0.02025743005652483,0.1029328676917063,-0.01934774091899333,0.09507894096365449,0.04817350453331608,0.09257478975698694,0.18926592592028185
2002-07-01,0.11267185122067556,-0.0069112725382065535,-0.0231795891820828,-0.14686305084397996,0.2666840422889362,0.1823076339987553,-0.02014332403411532,-0.9390868641588745,0.23302811815852628,-0.21381536934753032,0.025684676465309284,-0.1767964104186524,0.18176573616070898,0.17052823823175786,-0.126036584526078,1.026217850155886,-0.21740059898939762,-0.20251944288069432,0.027538711641458255,-0.055831056621532996,0.17088305457004332,-0.17928829967257745,-0.05635374993153403,0.2899098031087209,-0.0697121473197308,0.18942573095489015,-0.13690362715215598,0.15864562646001887,0.0444418917137195,-0.013828823498047177,-0.06707752854341718,0.034582216834599395,-0.04228222275942984,-0.047095264941347706,0.07986166376813336,-0.07623178983022946,0.1936201751486258,-0.31973123979851714,0.37201494752820785,0.10528523838395314,0.10918729492917584,-0.15838375463294202,0.19023316001291357,-0.15202913435612647,-0.23376158050620058,0.058447093939033426,0.18683334862265516,0.029882501268084234,-0.019270274264579813,0.10310622859516189,-0.06276292982439179,0.4695410559693091,-0.08747177364615565,-0.032970877693317704,0.0723526869048865,0.011548186541691714,-0.13101558516781603,-0.05288916840069223,-0.014416558919694664,-0.024865881926535174,0.12738526648051177,-0.14419761806088585,0.030013905501230346,-0.3106441547584676,0.21935404225795166,0.013590473409309214,0.025300163937734602,-0.34346772151062427,0.23524315908867274,-0.14565757523318304,-0.19180047066796588,-0.030674868227130357,-0.26616329548541157,0.02531454225810403,0.07462479449525614,0.07012612949013636,0.1953868426803143,0.11620935468338627,-0.016543479034874325,-0.23275109766859833,0.09769166148299839,0.14016241097778176,0.11540614884434132,-0.24598900183201497,-0.04447743387892845,-0.14043919964832022,-0.03665833809708694,-0.14510878943065472,-0.07072812063629111,-0.16846032963895977,-0.13169642424684236,-0.1061606350537243,-0.27113606688470715,0.08633881551789734,0.09596089126893517,-0.050367031730942396,0.10202887437503111,-0.1162124462463996,0.041313860405353627,0.32519798366808794
2002-07-02,0.006918706748068933,-0.06457201454880793,0.03860483890680371,0.08861995889347533,0.32925636406022096,0.11054126975228346,-0.010397960734020726,-0.1150997178449389,0.17495979266071393,0.025299939750812954,-0.010061927666962562,-0.22061769955303606,0.16296324066226953,0.17247256795464955,0.0563471408480594,0.1988393101808514,0.02475026266448513,-0.021783622300707975,0.09445567093894246,-0.06159407497845057,0.02959333612793785,-0.1587730039493368,0.015012658646339667,0.10608958943486219,-0.1297537416630459,0.007424521610701158,-0.20998451227404694,0.15337544470212053,0.012393767322823209,0.01178106884672054,0.061873706566666575,0.08171599611990969,-0.04228222570194659,-0.04709527158039879,0.1068015257595309,-0.07623180211254615,0.19084285057471634,-0.2526112758310796,0.359558057705902,-0.0587143820421398,-0.03732664040138614,-0.10748458799087941,0.08390683363479322,-0.03813775470122863,-0.22003914916474723,0.10440198778865913,-0.16525428855063953,-0.35872110779537647,-0.01501552475059697,0.051909974500852524,-0.06607772969724532,0.13306913151148955,0.03881384788019368,-0.04084456293224501,0.090408293106038,0.08676510987950055,-0.06833586053627551,0.014052532104089594,0.007489642355149982,0.0913254579979556,0.18555981030943666,-0.17896660962581604,-0.004271584710375386,-0.2659047012674891,0.04690214234992338,-0.027495273751668405,0.0830340428631786,-0.3657396164726903,0.06326336884847636,-0.069980318669785,-0.14995391615556533,0.10507014379827585,-0.20290148349599316,0.016088358514499898,0.042051573637043524,0.04607259743946858,0.2334547730843404,0.04975894969820332,0.02131682019857948,-0.1268461836647508,0.13438845691834256,0.09201221795325124,-0.1429955340932149,-0.08299375222565412,-0.047030044261096124,0.09905093729192158,-0.015553784742662558,-0.14433247909798216,-0.046844205703125745,-0.2485147521800604,-0.1066584904739175,-0.08895644525884291,-0.012540352405110387,0.11970507679956496,0.0019078592225799677,0.07164268401707097,0.019689500366197286,-0.04586717496197748,-0.03389341595155497,0.06972506821254944
2002-07-03,0.01332523182495772,-0.02550814269872889,0.030978923777503456,-0.06346818117774586,0.04468548253850714,0.1350665684382379,-0.0679432259455381,-0.33396784154632814,0.057383769550812105,-0.049200815612234314,-0.13030748293893227,-0.10717091818798698,0.0923270821999151,0.19591157314422653,0.2582828255186077,0.23334424064455075,0.12261926834296712,-0.13453257703919888,0.12885083150369944,-0.08469499319487972,-0.1904405321449699,-0.22483522605494247,0.01546018977444218,0.14303642440381317,-0.07430185469292849,0.19130639053433837,-0.2340240345194368,0.09484727780729177,-0.03631503505688999,0.01249837648756381,0.004271194994521911,0.09934294036464635,-0.06506038592404302,-0.039939110821056396,0.1568435269259048,-0.1602353687407767,0.0977866687329123,-0.25261128307243974,0.3456903748482119,0.004445776581415994,0.019976335479923668,-0.17533021124773454,-0.06629624137315358,-0.07856125431670713,-0.06535334401523378,0.03533616460048446,-0.14341273543972163,-0.221749038868794,-0.03708375829554263,0.03244532002297327,-0.07218447247929533,-0.04459101879202326,0.05778906870326493,-0.13366768518282168,0.09723540409969265,0.003692824642088205,0.10575472211461799,0.13723811492345672,0.054574273185160206,0.12973829969034376,0.15329542884477634,-0.1244933600118117,0.05682153878094262,-0.20821433044380594,0.1616288319996752,0.2524061234041648,-0.0636453010850771,-0.22223709708872616,0.13883176428389865,-0.08455382629380516,-0.06976521195732806,0.06650467907198053,-0.13450009759869153,-0.03135442677130193,0.04205157672748585,0.022954965730957268,0.13624363799118072,0.06177512858928384,-0.03408298301268637,-0.02962667070632252,-0.0010373678172282655,-0.04795906103047842,-0.14585835067537428,-0.19742266405423933,0.016573959326877854,0.14652471066918188,-0.13555506483908686,-0.05834435925280313,0.056998638864739555,-0.06162038568699129,-0.11916062382685685,-0.009186846206152425,-0.05390671899955473,0.0677461337719349,-0.0018477337045678713,0.10722607735144506,0.010171685691976207,0.02434014290461595,-0.00543623838545316,0.1438542697066898
2002-07-05,-0.0038724913680931393,-0.14537518396396815,-0.002344892239927342,-0.12656833037918702,-0.15853738114386542,0.2181285854945993,-0.005429676963633535,0.3922759980963111,0.14336088257946442,0.001261674936871083,-0.14302847121096013,-0.001405018240746867,0.04213844778237902,0.22261975464432152,0.12573423405888695,-0.43650885660403643,-0.2377892756937924,-0.22326740540002657,0.13621408336964347,-0.01897374992480475,-0.16737499902855943,0.005837573237458909,0.08930084002490989,0.2685661852602376,-0.04551371792131079,0.14284974833782355,-0.23405927236143304,0.12113338045091253,-0.04653361266404258,-0.06196495254254886,0.01976887179684688,0.08566397217169004,0.027045467090579044,-0.025734141299371783,0.09658003146666158,-0.08504029815851931,-0.0276089923244367,-0.22624126880295992,0.4218326326937256,-0.11308768728129058,0.059993172238818185,-0.1783920978916063,-0.2401075299292123,0.13678508915417656,-0.22706248639948579,0.10432254017015853,-0.09131581022023857,-0.17120921317490387,-0.06276111814751661,0.1435985010942825,-0.030793656479754548,0.1306175756149304,0.1637178426465751,0.12944394497886302,0.07381682138647702,-0.09422586442199875,0.10494914945623916,0.11358274960345052,0.08764586789440432,0.061962155804556975,-0.059772783001102635,0.12489994495940393,-0.04744672875401066,-0.018989676747149214,0.22701918781102884,0.21721474905409813,-0.1502331620838121,-0.289301449460025,-0.003427621679340021,-0.15757303839847092,-0.11564066691384703,0.15632861809864562,-0.022483052225473008,-0.044988929389908026,-0.07024617513627754,-0.023454767583427637,0.09170759277623786,0.05288081629718176,-0.06920466730845665,-0.05523651853225609,0.05518967771588028,-0.08374871675621949,-0.047885733799936187,0.003804651958261836,-0.050734608775473485,0.2107487484239752,-0.08372367679149981,-0.07731338987428532,-0.14407853366365012,-0.11762271384825054,-0.020189178142756142,-0.028656019494407454,0.019977656551967374,0.10143825093161675,0.057910854365033855,0.06451937053870492,0.030573074454984916,-0.034271089044514515,-0.03498570316088687,0.12378246245538575
2002-07-08,-0.05723901518193923,-0.1401817196833775,0.0036264764255723903,-0.19016123690301584,-0.2105569632509355,0.2412102988113493,-0.10113364533876984,0.2867879393929924,0.11456677614755957,-0.04297985499292594,-0.12709334109600667,0.04539242036159487,0.08043501873475012,0.2905160499100836,0.01982655903463332,-0.4631249518589282,-0.19963678951107414,0.03781800066926639,0.2070156862531877,0.10974650426780913,-0.23603954868535465,-0.1817188145053922,-0.0015694390540593242,0.2757029579349481,0.02472451513120106,0.006312918334180365,-0.11962048992016693,0.13874001625245472,0.053269763407038644,-0.15640480767296072,0.1525989708883437,0.10965190072845864,0.1003160238966829,-0.1670114354213941,0.07691850272913792,-0.07089004723412098,-0.09837716095320301,-0.2570683072160113,0.5305802663202663,0.2656087370160891,0.08812908747643589,-0.11096579532488904,-0.01209766166438698,0.08807830620185636,-0.035129999374097186,0.073746247360827,0.1278938440333337,-0.31876528021106537,-0.02618820620581892,0.021369449260581513,-0.02242768155002504,0.15984468030322782,0.10597993374173457,0.1420805527231314,0.08644605125174032,-0.005985798835216328,0.09023951067304764,0.1507026301111362,-0.005715560583818402,-0.00926186359641456,-0.054912484154890126,0.1626611837195515,-0.11314206925154312,0.014016646931742477,0.24538103002187095,0.07051285533092462,-0.14136624064559902,-0.2886840154035198,0.05541477858489126,-0.16633977090229515,-0.08348063526073315,0.1712442289076147,-0.17098571713248864,-0.06060181819165434,-0.0844262085396512,-0.08897766117551131,0.09170757924124236,0.04879851118921085,-0.1610038381339178,0.06297060466137949,-0.10721341126777781,0.0876325326211248,-0.181254352185831,0.10753774899142451,-0.09674933282037781,0.2107487366179621,-0.08094001060753798,0.09654906007972039,-0.01961048353068112,-0.10972658990305921,-0.016939836189355174,-0.09448914093081015,-0.12928198906077681,-0.017436443188857717,0.03209244039554269,-0.02369419873771985,0.006998181217430846,-0.020123946522005744,-0.0785833197962012,-0.0028304413148202007
2002-07-09,-0.04703279355576248,0.1357117196877341,0.0146479085796877,-0.12611597886681222,0.014009612739407104,0.08107322673870326,-0.4500152130555331,0.4348508549305115,0.19211027692063753,0.21552504805463546,-0.03692412765883747,-0.15174499435492747,0.20156664632802193,0.2354838610196138,-0.1667505495471688,-0.4631249573122909,-0.21534386265407945,-0.17753066640297033,0.2211842533090056,-0.07066043327586229,-0.4001781845022083,-0.3799992866871974,-0.10010708206402284,0.06075937084802442,0.01822159028992243,0.3628759331654535,-0.09446932043281206,0.09433539744460008,0.1456031462456656,-0.21450877720991632,0.2446194190956112,0.08197212066003592,0.0810435885464031,-0.012708600517954867,0.1123792411683478,-0.04955707813726287,-0.09751913691193625,-0.2792911951749044,0.38823398378362967,0.24469862883385185,0.08296685212785894,-0.11159868098206469,-0.08998176460492706,0.10111042226414599,-0.07324933575069809,-0.035832574788568695,0.029032363144723725,-0.30513574252288145,0.01837604425920564,0.009120065186158073,-0.012635909422027424,-0.06046468539834928,0.11097344767693024,0.014851727932804325,0.05828475788795183,-0.07355033142182672,0.24839066436138296,0.03710440034202161,-0.224104182347933,0.23690751334492938,-0.0491349229779701,0.04898212071576302,-0.02850494607307317,0.01401663738695219,0.14598665708720607,0.03211678578922974,0.13871260858677217,-0.502752375117782,0.1377708180290305,-0.06688227782665855,-0.2821054613826475,0.06959943212814201,-0.06557264460325768,0.03289151826351308,-0.16554053885261272,0.008289637634744853,0.15735460563321924,0.04791312924095751,-0.12510206643591995,0.09513844742231094,-0.046277128824320064,0.05103536877789872,-0.04629901152873248,0.00354132455202695,-0.07987085735619501,0.20776497050460235,0.03402006260756496,0.06662472049576994,0.03459477458539139,-0.11679523525503986,-0.06273195262176465,-0.06710574508061411,-0.1458831989009069,-0.16674420897535114,0.12319737086889232,0.05300712636272449,0.04893352815147281,0.08390900962116436,0.17287274845993056,0.2510177732948242
2002-07-10,-0.008388340314158119,-0.16864608549014812,0.01850279697077129,-0.10438907868073141,-0.24083166769502065,0.08107321568731347,-0.1847148631443788,-0.1519102653034915,0.06166153836613046,-0.07372439561787482,0.08576680645620076,-0.014434847539118487,0.16541835684893022,-0.2592845566841037,-0.040466184749424344,-0.12715511001991386,0.015167957291346828,-0.35628085709453944,0.030607153978413754,-0.06907138779396334,-0.31981754642820076,-0.17287771551706432,0.15732747873599226,0.5428726897059478,0.09203433098110049,0.09697041655833274,-0.1240248151875218,0.094961143410418,0.2916647807926119,-0.03941483144450287,-0.08922150489489086,0.1321421836641718,-0.03218218025642464,0.04894778511923506,0.15425872354576595,-0.1511350096766617,-0.0599458025822178,-0.20841801278998642,0.2576814124814442,0.06455053765857499,0.1039846754243213,0.006376174527470727,0.021065702408774943,0.10111041479876444,-0.19803517674705626,0.1467860787838215,-0.13167501021238615,-0.2513916806496398,-0.08921341526171918,0.14017474780927155,0.10162431883982012,-0.12981001336101541,0.048955319113158764,0.02959888856375589,0.0771333534734324,0.010885492185871,-0.2059247607118412,0.004882808637201749,-0.04506450424580814,0.2239685807926682,0.021839994309487278,-0.0504708863184343,-0.012488596856177935,0.1649236208474029,0.09897402430803982,0.1447376981773516,-0.11873595923295234,-0.3301167504791247,-0.053038793088045835,-0.1686188141344769,-0.136928285018675,-0.014802114062972719,-0.020475522226079547,0.041078291793180836,-0.19853114334371597,0.012251853536378723,0.17535599251258074,0.15521489845491906,-0.12170106328920476,0.07884329714020362,-0.1963396136304393,-0.2295401862354982,-0.032475143680932114,-0.27737982254337573,0.206652087692043,0.18693977951005425,0.06633471180026347,0.146074574716484,-0.1595533110767189,-0.1274868854861723,-0.11418794372883267,-0.12087350510161009,0.028807312247114115,-0.07686865669179915,0.029676359891178006,0.27585170742400106,0.05664643185639931,0.14434945033411356,0.1332309141041057,0.18710880929544066
2002-07-11,-0.02540681168651787,-0.1378637071242632,-0.017913692479853523,-0.030388276461831773,-0.08162914641816592,0.11776266827518081,-0.18043414912371053,-0.9054384212200426,-0.17618153753068988,-0.2749908096822715,-0.24073541829721393,0.3235474966739909,0.0395760249792999,-0.18430015371439012,0.25980656403063396,0.3351856572906475,0.282549355944515,-0.1598715079952295,0.13995749818437556,-0.07575636540490745,-0.3175083707747923,0.08300488664813553,-0.047456230220098886,0.2846072259300504,0.00588842396655482,-0.04707609614864127,-0.14502717104746135,0.13752835096496838,0.1628689051031667,-0.1756887784659346,-0.1099498417512155,0.20519474529868253,0.03776156975356381,0.017370285567976786,0.05446317101094197,0.02353257077251778,0.06830452968112126,-0.2967352017785619,0.07542892213417884,0.30889192656083947,0.047861048867731425,-0.052382066722198875,0.11695665637823659,-0.28790989990020205,-0.1358434692151174,0.015372453816717367,0.08745519300991773,-0.1475574987788607,0.04583584600977103,-0.05050365523032206,0.04640398757869006,-0.057398579044923174,-0.029377800179707907,-0.0012530093337208088,0.10475199467145703,0.05821631955753543,-0.6411885445406051,-0.007312640723798816,-0.21617505636525933,0.2684000573703205,0.10280794623352817,-0.051347386841363314,-0.045342397765953085,-0.01948774655547429,0.025822590151425868,0.04702935118086824,-0.1554010022916015,0.06902915219943608,0.06488230194933663,-0.17694844069707177,0.24977101074441072,0.03537371380219639,-0.17867301141737235,-0.07986645880790633,-0.09996662053612829,0.010143357296500982,0.15259207494652136,0.18637191251761095,-0.11527930227310723,-0.00900112124430858,-0.0022374987966864842,0.04218240055983837,-0.17353867130695877,-0.024584676735651772,0.17739749026236035,0.21893439628318756,0.084532552374156,0.02925446283082038,-0.07282384833630808,-0.05378794872691162,-0.10609014722753014,-0.05177490724481083,0.015484668728751023,-0.06663399107139276,-0.24959857002583943,-0.01920050897683922,0.10626151178170372,0.16488692418301915,0.024439227711890027,0.1394906461798285
2002-07-12,-0.06501125369723992,0.01371837233484811,-0.041344542383413466,0.09318575614911265,-0.13703715185064677,0.08735530538818487,-0.16416171110967037,-0.8230285404749471,0.0907181634447432,0.033424236151160025,-0.2657452102313869,-0.007252312818570779,0.010741444757242665,-0.24647082788766084,-0.002349028876739529,0.3158804486481121,0.510380934583652,0.026114880479144707,-0.02733524723485984,-0.05445886162483883,-0.16941230304819715,-0.18328589985907678,-0.05537010069406773,0.4552130159227487,0.03434217644336075,0.09266645441863519,-0.04699602214784467,0.27513761795451724,0.03676595320353206,-0.009863791523783817,-0.19551005347309036,0.26505798541449355,0.09697984558838829,-0.09147910314514832,0.034992345497655224,-0.04163825514309972,0.06591256109005629,-0.009675250701803726,0.06224389876020704,0.23625881597162973,-0.0032370024394827966,0.17985265220274554,0.268208984012286,-0.08717774061763597,-0.3913966617283605,-0.15910581073972518,0.024263036949238353,0.07205579889967875,0.08425302172866618,-0.09791239598527686,0.01721887925613203,0.20469431079269987,-0.09981359735829355,-0.04082691364493472,0.10065037416658904,0.03992010991616082,-0.3392862937378438,0.10232940101857577,-0.4948944472334962,-0.0024995753724491795,0.14078580701169663,-0.13747540273733352,0.10468335104913874,-0.512956578395384,0.10982342309517855,0.29781222667267565,-0.2186548069470306,0.11852529449018563,0.021883501923912516,-0.26313325628266204,0.09223953960965252,-0.06293584901877344,-0.11922002560976185,0.0600092247633484,-0.09249332174174209,-0.08731468281083676,0.08771542759950912,0.1110119975099073,-0.1826559825199541,-0.23161480621276626,0.02225891745319711,-0.136818280516286,-0.1744206826091039,-0.12022528082593441,-0.033530659934964596,0.08211216778463376,-0.04275841641000109,0.10940007951046604,0.048280212754516244,-0.07931560453082576,0.0239813116841549,0.331908549148485,0.08046191079863428,-0.21501772001551622,-0.18717463560929426,0.17352416597656445,0.15729572056438731,0.30728201248898845,-0.05032808822805724,-0.018544171080852948
2002-07-15,0.11675927240156946,0.3548648547189995,-0.017418480123090923,0.1633066065883753,-0.04857005327757887,0.11558685408873737,-0.31925888922381057,-0.479189337876447,0.10229654799220994,0.11575334547232106,-0.3939128565053068,-0.14005455957233023,0.04615317743165611,-0.05564896086084664,0.33729592204252934,0.2993516486451957,0.5000989398712119,0.06730501350261786,-0.058387676323563814,-0.2922581287063098,-0.10650477280309581,-0.008155844636100551,-0.16682334294569776,0.46903341080836314,0.15195290581194232,0.241341352510849,-0.20829218064814414,0.24180377847360396,-0.21360938026671025,0.13422908587188745,-0.008185424222615544,0.17568676742215408,0.11312740716175007,-0.16272242061859946,0.1276550816437442,-0.04179685305595745,0.24008305088891907,-0.14940614381602904,0.022561666716297335,0.22448420611067663,-0.055011003116352264,0.031315347300912726,-0.22336746258283677,-0.058459492213708435,0.15847154645924877,-0.09303500836343971,-0.1022440768156894,-0.16524537451302385,0.12914564483903246,-0.2034077229317658,-0.04166149650352754,0.08783098046321475,-0.10824920000141959,0.2605820435079654,0.13952181522031107,0.03992010224071986,-0.2284913835982272,-0.27192602068508814,-0.2137003524550469,0.021456502672505436,-0.17798289834103068,-0.22782335327615608,0.08072201837533298,-0.23789330681965695,-0.07679495531353386,-0.09289037940443295,-0.18759578462135584,0.12659435561590526,-0.08980216509171211,-0.1640282344055465,-0.04736393492726864,0.4514629193330762,-0.2331921350804618,-0.2075463249595043,-0.02210057823188433,-0.2531311800866825,0.12351962581832397,0.029741163143055027,-0.2569188764917761,-0.10645588691794892,-0.11107177357858543,-0.07179631383897248,-0.24200240025113512,-0.13627809048268716,0.023518078858616637,0.1732195189185356,-0.012451348268939875,-0.06814591072436169,0.09184438739183873,-0.21795661123422258,-0.04975252880970741,0.1960056071706747,0.1294012981802776,-0.30195259782068845,-0.07430401904844465,0.17061524764578578,0.05974407230414282,0.20286995573440184,0.11915932925561083,-0.06044381622661322
2002-07-16,0.13053824560730903,0.1933023184186497,-0.029514529421876278,0.04411265619763494,0.18233690180480777,-0.3963734897739281,-0.2267553352768521,-0.21693806480187527,0.07885446375695337,0.11029039945534277,-0.27048687744502575,-0.35928920087928284,0.2249432384761446,-0.09946788924553385,0.02163311679799874,0.2330584044725089,0.41475736259355106,-0.04263156280839732,-0.014395530535851492,-0.0628532202461891,0.07470492570416208,0.51904969799172,-0.010150291994346267,0.43834124723975554,-0.04777985765643434,-0.24498417627730298,-0.09540827810659021,0.08245880523497785,-0.49568211897483455,0.04602438904798328,0.08457039292700386,0.12407022575814865,0.11344865592940578,-0.12145340379166639,0.13323440207347403,0.0209221748279176,0.09155756181813939,-0.11622952718685044,-0.15926052042925903,0.004960600613291996,-0.08913246308452324,0.15181184406753379,-0.08716505461195755,-0.03538617230131993,0.275314886540857,-0.05871332193367187,0.11717751659932873,-0.18879487768177727,0.11314081290962885,-0.056827120698638316,-0.05706724093262951,0.2160221410968552,-0.09896771390272359,0.17857060771918798,0.14327195675861307,-0.09688852787152795,-0.17397493024005012,0.05930961597475359,-0.18680512003921823,0.00852285514011576,0.22546745938986562,-0.16272555719464155,0.08833974265210925,-0.1395824683208529,-0.041316403099759244,-0.010648288132858928,-0.10755930213343146,0.14876261677276528,-0.002486377920574053,-0.1703767880237791,-0.4910600284004424,0.7449254435439213,-0.25823734719769975,-0.17920775565923724,-0.013816476941832254,-0.044469342896069894,0.05012281962256843,0.014108239663449963,-0.172197022456479,-0.32712016028576635,-0.021417470557669092,-0.005450095797548701,-0.06996855780663891,-0.13533458288180678,-0.06565370921648973,0.009236562066878975,-0.053759311360866695,0.05263798202836083,-0.00722498947005291,-0.13563263095910674,0.029019052728639968,0.09598554434460761,0.14039958912898065,-0.2501743554009799,-0.20392859423525922,0.047158143968086395,0.0851054643986963,0.2605788836934304,0.20123026854612666,-0.15459129648226422
2002-07-17,0.1251779554888978,0.04920799497950988,-0.03400673352920427,0.2156967246469219,-0.33034082539771564,0.4703682989358188,-0.08276025400581233,-0.6377378358361295,0.03875580036894697,-0.00627767319554228,-0.21539749663103022,-0.19291274956754625,0.3512772930053737,0.05330805029771094,0.15170126432712364,0.560356045048107,-0.15329938932536155,0.23694016179575436,0.270306385158346,-0.026067970268226985,-0.28794760568776917,0.27594107216524655,1.2010597663905226e-08,0.3997985299953262,-0.13236967925880858,-0.2230088981445577,-0.1298726364001105,-0.049207972996548534,-0.27197681580119487,0.0460243782898224,0.0845789381582753,0.10221669019606297,0.14836203817452914,-0.21986364473877912,0.15540083929805024,0.019548652638054834,0.012490852003542476,-0.33818806202735646,-0.18689563287999847,0.044806557982299086,0.01078451803724799,0.17685593887305245,0.011109347384489886,-0.2351153795357755,0.3175729225429145,-0.04586389928068199,-0.0660026739994274,-0.2631318333812874,-0.1005375409523043,-0.18559344254380705,0.029708542392913876,0.15234305738005913,0.08027600545737204,0.33361975806423527,0.1846495348217946,0.04559713767390841,-0.38439274281510755,0.3056441984435566,-0.1432509273485756,0.07769136840610691,-0.04634048902206555,-0.30099865331402575,-0.10348852456249175,-0.3692706789117934,-0.16472310952157848,0.025617143605921024,0.06569987924316757,0.25276355739745743,-0.15679405662588378,-0.2691956630742408,-0.2830252652927178,0.6685538831257838,-0.44181559432107775,0.0981497858917655,-0.21870068571809492,0.07019310207281276,0.08821442775030891,-0.023555014285317026,-0.02225121105053137,-0.029144563505925924,-0.12277773930926004,0.18196209655505394,-0.034319913062025156,0.07100760735223298,0.0007438066414976811,0.23377393294462542,-0.011822643205945045,0.11849481798557085,-0.05478793744654432,-0.06832399043797603,-0.08592741656660786,-0.1928324855180762,0.14333109407566086,-0.18497930922110029,-0.20576864522752458,0.12845381633960293,0.0855395973020657,0.23438195807391046,-0.025418439304451843,-0.17374161810460806
2002-07-18,0.3213846697329104,0.07249716633638138,0.005012671683607703,0.3953219755318926,-0.27279682805744804,0.5509911086446507,-0.073960789532081,-0.011935179640432059,0.018045106673107464,-0.0310841467667241,-0.023992697547509247,-0.171497167707516,0.21626414147503045,0.00406797422319834,-0.05254891593492385,0.13513912955004095,-0.015462765752639732,0.13168346512874196,0.23833990342861133,-0.11607866157096366,-0.22223754109820879,0.38558071184034354,-0.04484818950381001,0.07614112552295955,-0.12596938770310073,-0.19157752013753965,-0.10159935824184739,-0.07126493438900193,-0.16422716041122187,-0.021130690166858777,0.3784163868472519,0.16257810628463948,-0.07889501561347918,-0.12065349330584538,0.08596309334615417,-0.24375726777151718,0.24364871425084203,-0.03519404851209555,0.31372344160965343,0.11073594414538969,-0.2515449314797337,0.03341136152223761,-0.2063407937118269,0.04030065111834106,0.1076465737584771,-0.15962682277480914,-0.3157931800057932,-0.1628114868828523,-0.14393948895822486,-0.1626180148356366,-0.0061851508709729625,-0.036477560491990635,-0.19535829350633693,0.11779032983633515,0.1752681491739543,0.11512101624017966,-0.28048998185513324,-0.215927543618143,-0.22978324465284147,-0.0969291937647055,-0.13622515153579312,-0.2820722944445461,0.041594985372440434,-0.06578809360349885,0.0073882158533016985,-0.08818779673707075,-0.07701393687830681,0.31736263590371827,-0.11716568376249949,-0.037655190357430514,-0.25118296536175383,0.45437660670060603,-0.40707621827179163,-0.041814774072982355,-0.25316024569702816,-0.0037444925788674213,0.054430932537949145,0.01260658181460099,-0.0833254041939011,0.1453686952999128,-0.2815722560459631,0.3352012846190063,-0.027839906045411863,-0.07708082283941871,0.14598855311983217,0.14812262208555224,0.09251771936781325,-0.08879234636645862,-0.04796686610294246,-0.26649270967057503,-0.06024292351150561,0.362057789917986,0.02305536354962699,0.009872670408499274,-0.2681700112401294,0.11642702520516712,-0.1709142244427398,0.37008848582211534,0.10436104439432013,0.08820039380511849
2002-07-19,0.18629879383809317,0.07185041418979923,0.004670543361883021,0.06432611894258401,-0.22544878889244296,0.30021222678499276,-0.09454553866988293,-0.198952356708402,-0.06350121774001023,-0.12805996348370643,0.03891855103085868,0.2084412217525317,0.04649407097366282,0.005677026390363627,-0.08974081339114853,-0.09910174024541213,-0.03316147696191428,0.21763378085907742,0.2079189010821948,-0.2853786757219237,-0.37500085277654205,0.30718074286061436,0.05283031381950763,-0.051048309911241714,0.00878043087300068,-0.4392773426125579,-0.0883139906576907,-0.04399949032836195,-0.14457923663017253,-0.028234248533567836,0.21702584779899525,0.10684258037206154,-0.01947394099584384,-0.19922088395038168,0.15007370047756788,-0.21231038534519536,0.06541494303169415,0.06184009379980758,-0.06114144756135087,-0.02727749065733161,-0.15515056553862,-0.20436499417867465,-0.140001150706246,-0.008680568017381164,0.07863646167305487,-0.02864951497266412,-0.19494449339045009,0.13811898132269157,-0.13565406305957198,0.06027763744580357,-0.10666889113115842,-0.039225809452681164,-0.12584467656002543,-0.053455789037176855,0.16838594684855257,0.12307797584538609,-0.358765683833697,-0.002459042628488639,-0.2546933762419447,-0.24424938178750724,-0.057569945925288295,-0.07186747122059103,-0.05531756572695942,0.21201460864320723,0.6381749683427675,0.0330828779890269,0.04453699834718658,0.31736262878732074,0.521409003138402,0.08711550418843388,-0.6198559373279758,0.47601116989727327,-0.22255949837258315,-0.12599418397242299,-0.0746672136611768,0.07569303992835838,0.0905766401033604,0.012606622627138252,-0.023596581213937352,-0.20499273203330792,-0.31854235760668836,0.29253942834047114,-0.03412366588391441,0.01319770193141609,0.008495427253000152,0.023277950289156475,-0.14069967685558574,-0.0876198051849298,0.09793848723590867,-0.20643027445222545,-0.03253507369917007,0.2529958929233289,0.05326072921222215,-0.06847225466064344,-0.05700494879910356,-0.1319743005646885,-0.10809643615782251,0.2933118317035995,0.057802958666793115,0.28176235374652686
2002-07-22,-0.13897049870339065,0.08821652238210939,0.02771376853356499,0.026962001389795237,0.4392089493567302,0.014913323354186615,-0.15256997223403904,0.015392733301880256,0.16979678824679936,0.2569131913397039,0.031084153279146896,0.04096695992210505,0.1697334242156088,-0.00824154310819074,-0.40259434315444026,-0.5707679539457232,0.01584823547864393,-0.16387579383559178,0.07634296708530906,-0.1883708540684064,-0.09217418005636273,0.07359752820455698,0.1570063724931537,0.28913818453704115,-0.15171246164669766,-0.15734453223754774,0.028562461800147262,-0.03729899587381172,-0.21603914856935794,-0.06413279253895784,0.20596167559459372,0.04821265978522089,-0.029290075858937902,-0.0830240357119852,-0.013268184122238673,0.001665914521970052,0.04127276148538861,0.05171466097019955,-0.14670596327751548,-0.07792592973682205,-0.13321458810343895,-0.11443419876385687,0.0786481802084604,0.015995761186326386,-0.06537399304016674,-0.028677737591210454,-0.021417488330930302,0.19450814143516712,-0.02903589552058526,-0.04773366499429943,-0.06110378584951669,-0.1529575088254461,-0.004904827477041497,0.0788388526996229,0.11634998661383135,-0.08243908606126485,-0.9474508926903977,-0.14387524937128257,-0.060593236482556004,-0.054088641644243624,0.05465424257024655,-0.17094457046336442,-0.12377922338529651,-0.06412751594116178,0.09970379874954009,0.32249842582904314,0.00899088531152627,-0.03912052808204246,0.4733859344095691,-0.06039318419141537,-0.7221766263713629,0.3315612374651647,-0.2481170593207034,0.1075809238833475,0.12289451891917551,0.06500323960512201,0.0751253593669702,0.09185468301270328,-0.02231707406730493,-0.11333340203660233,-0.04938042754385996,-0.12069870665497963,-0.1238188186338319,0.01358062137031133,-0.015854019283673654,-0.06913285729173513,0.09766289260660162,-0.1332829949803336,0.021683382932113315,0.05922360001710227,-0.02615084321611552,0.1445830992231141,0.11091927516062983,-0.026581751236350325,-0.053872447419336084,-0.15587527551061872,0.127273531986259,0.17409588509104285,-0.18829783062489305,0.42097213858251453
2002-07-23,-0.03338280091779275,0.07895594366987262,0.010746761541114118,-0.00832289139671851,-0.04933473254119343,-0.08465452345798419,-0.17483506302541768,0.17998698999935497,-0.2120676242483604,0.17132743715835067,-0.008493733769182983,0.10039332633785053,-0.023352165342171764,0.0020113586381037673,0.23547553014092126,-0.570767956009338,0.12217899754334322,0.009973736447940588,-0.0394601822401609,0.10479440247287163,0.03424188410827111,0.2547818207960169,0.06582687848824707,0.26346356863301,-0.024879857164273333,0.2490773311721395,-0.0702335064576723,-0.04300803394701611,-0.032551183943944476,-0.005785227937352752,0.1006944123727472,0.06311599035238932,-0.16151543225717824,-0.005299603195105621,0.03296489332307471,-0.032247528376986266,0.00270218669447348,-0.06259796645490583,-0.1971218599032792,-0.1437800650727534,0.1277988642369269,-0.08617409204978431,-0.05242166156803118,-0.000174616199256279,0.09822599987345469,-0.028677741877691745,0.20550511828039014,-0.14191481035289033,-0.16937681560848059,-0.12534405044314653,0.02941682915737649,-0.23051339004287597,0.07218692117666634,0.0938878301662804,0.08594230154887003,-0.12387650164867905,-0.4519895214780167,-0.1070255341330458,-0.14849129666204444,0.13750007506711587,-0.17829319444158415,-0.15387810265928362,0.0007327414337387574,-0.08263862779003506,-0.13685198982574412,0.14926893612108497,-0.15571519897129887,0.08062472579430532,0.09012609423108132,-0.005881773632999989,-0.37714528507151157,0.093682276555257,-0.6034733492998346,-0.06822666286776498,0.09559728735610569,0.2506239361333266,0.13277045796517745,0.1494263181887392,0.010154342216153087,-0.21716091200778548,-0.15133377470288187,0.05566811693902641,-0.16734969342539022,0.062084618822529254,-0.06800883277904626,-0.028158154115371092,-0.03832920864449177,0.01912889865198645,-0.23496798063325522,0.11069850393123302,-0.11014352109731798,-0.004511410809450311,0.23243483104973298,0.043562694785148084,-0.1334570419840959,-0.0076688689690791005,-0.09647266026310453,0.03778447870427937,-0.029931212212729288,0.7758200102260243
2002-07-24,0.05186432088940428,0.12219140714872385,0.042719752739305346,0.21509395183852012,-0.2885395649207058,-0.18663649110703,-0.27023722316450144,0.9328039825387567,0.12357081019422714,-0.15127243235099178,0.19034565958176133,-0.19515943148079762,0.07105769808324745,0.010187037388763061,0.1396156729104499,-1.0661296469326795,0.18846552775335682,0.036335109097414914,-0.11767587085938574,0.19656952669907796,0.1308943555683484,0.007173167182108842,-0.027908163939083533,0.09052821839407256,-0.024994233909170507,0.5595657991720187,-0.016434034627456212,-0.0430080381804283,0.058805990437741096,0.0813249022487091,0.10069440100565882,0.044690738115518394,-0.0983842920579547,0.002469215942024058,-0.03436405484488004,-0.18502099977357883,0.0027021740469737178,-0.05373907212590098,-0.12443894158290832,-0.021429409585170957,-0.032201388773632066,-0.19881535261924854,-0.17418966453740375,0.06786304890715775,0.15163837236910926,-0.051222725328516766,-0.003925054250659049,-0.2540006119248831,-0.13781241236493474,-0.02255876299218768,-0.08498820028748286,-0.30053674733592756,-0.07564196216627445,0.17485070675144734,0.05136386894830702,-0.35223852979892445,-0.15572805621131425,-0.021257652766440725,-0.07831871391289015,0.19249972209045071,-0.13971037454866983,-0.1458980295884375,0.056576394253468554,-0.25600227261952896,-0.200263402523294,0.19511176292457266,-0.13272475807079737,0.08902894458653725,0.09813440816483701,-0.03702623350438611,-0.03531589016024921,0.0420488312202204,-0.4215089869857708,-0.1782272613486638,-0.009077846066176705,0.2272296152081289,0.17951696949489337,0.08983081767550306,0.012118007522395566,-0.21472758709584924,-0.1626034447390628,0.07473003515426757,-0.24673127518131216,0.06114803518863591,0.09696072049763045,-0.06244361065688558,0.026610892454670614,-0.018836251271946824,0.024669070618347756,0.17614029147518695,-0.21807458661672258,-0.0780097889375696,0.2384689858613941,0.19869853839436352,-0.14015286932992113,0.09302735955483948,-0.08108977620898176,0.0161933672542276,-0.23695532008244427,0.6297239691383102
2002-07-25,0.08897797947729752,0.3697337208577041,0.05539355690068821,-0.10435034954934692,-0.17061098490147217,-0.0044850760288549915,0.11280863843730825,-0.5147826809498594,-0.09351486275689458,-0.3769018995078804,-0.26955400770804355,-0.22781319426482063,0.03264831032423429,-0.037331726471198076,0.4938592964595473,0.4603052992105716,0.21492343300972233,0.2655208534638295,-0.3073959130053856,0.30271596716967014,-0.2180872268546111,0.11181889357168157,-0.027914694699008508,0.06034866490507508,-0.1891464723671926,0.09704043322850033,-0.02774020052655465,-0.09247187220104924,0.02629085092504499,0.10458566535883923,0.28981916216022496,0.03041928398326807,0.027545642946823948,-0.05496847630533142,-0.07459346084262779,-0.16266862086664116,-0.06071055200956597,-0.06230133802678453,-0.02501445675884895,0.1481779538812553,0.04859326006096967,-0.12493606769153864,-0.0937538246402665,0.08031739889710167,-0.002675307876899941,-0.03915327631944863,0.10715102500816295,-0.18143474217724315,-0.1660935948504287,0.048728325599374976,-0.16073803382243146,-0.1658777683234028,0.10107100211144078,0.20172999988319584,0.03020235907784989,-0.1263041372822108,0.010588864772483593,-0.11613706263595962,-0.011161733455453132,-0.02706724161144505,0.016158545393626607,0.06675444102146726,0.11703324088909417,-0.1535286057209635,-0.055845403382827466,0.299928047863062,-0.27740746487590706,0.2246183726646859,0.0392719216359229,-0.2571170850792069,0.1635086206072405,-0.0732326236288598,-0.586232695518803,-0.13881580638682728,-0.0794057622280875,0.11242973842438092,-0.09730150710653951,0.06695896245012094,-0.08465271853885578,-0.28327467418994773,0.12608731121232744,0.20628222323372886,-0.28422408652999465,-0.02196049897945667,0.12372309994471943,-0.39982340623308343,-0.031158976582955116,-0.018836256590431786,0.06976109330447454,0.17997150116507946,-0.08945626626306767,0.19242905395072007,0.20536424996416955,0.10513102339160124,-0.029706251864837357,0.12957923328483992,0.06110025513960035,0.1167606378654561,-0.06743098788602235,0.6267350965178881
2002-07-26,0.14411835885545712,0.35922606352656783,0.0427008295338647,0.0794855630625181,0.04220339838053527,-0.004485078670507091,0.07397730275299161,-0.5327731526657252,-0.29748447963336566,-0.2585254715261511,-0.33899988827182226,-0.16604237063930252,-0.03559564734523653,-0.12507234484131474,0.6218438745540431,0.4603052939232587,0.2472463646332605,-0.015858086843270173,-0.4462365146253959,0.2619881167041084,0.045268259539618154,0.26932956009878734,-0.10455365453854767,-0.017304369085238764,-0.1891464859720062,0.09434582586951004,0.024577671900686222,-0.030495234362266675,-0.037848954339676354,0.15605095764884508,0.4522616046247454,-0.021806519306658046,-0.2076187584932219,0.09383302361627469,-0.11464222327147293,-0.17834928836895625,0.11927478311094791,-0.031783755788796886,0.2038517020744734,0.030461553371864875,0.024106732531029434,-0.28876914148866417,-0.02992163329306583,0.0746974584127524,-0.14632506356221917,-0.005396113338851414,-0.028059382552954155,-0.28441540982441754,-0.14416774618242367,0.011458187385981825,-0.2047500095120949,-0.16587777452119992,0.03286129812093018,0.31473921845740144,-0.020608189319761088,-0.21336786243496134,-0.16119006230927252,0.10968381075128002,0.11779769173487271,0.007605068242590006,-0.13256798815141982,0.24831807832196012,0.20650348812089528,0.1765021701014487,-0.037282687368303744,0.2696349597540948,-0.3045239662201559,0.33180109570157,0.06931495056072935,-0.06547095129326495,0.08176222610102649,0.19603730009884013,-0.4049912326877915,-0.42143401132097463,-0.045400297056020694,0.10392563505134043,0.027605727545415414,0.014513524822711538,-0.03384532693950711,-0.23584779368711334,0.1292610320927264,0.11183278423615114,-0.346517461499873,-0.18894123648177252,0.2980587301022609,-0.2752265964545003,-0.06445958872645781,-0.17510874475861157,0.24045366981595256,0.16468468923882743,-0.19207126927280643,2.453423469593395e-05,0.09009358123004611,0.26925614734259423,-0.20203615042156128,0.029654568069911763,-0.11771648140538907,0.041094457264098695,-0.06648947063401364,-0.052900754598847445
2002-07-29,0.08066488097649888,-0.08822492328256985,-0.005331234146927798,0.1110918081671066,-0.09409518634652671,0.1092692385981706,-0.04734182099826965,-0.28863407652143686,-0.24841765807259586,-0.388972509932667,-0.26341217966667707,0.020642460499251725,0.11587133427702791,-0.003338067281811198,0.38106197452448126,0.03393732977669846,0.13213440792391623,0.217183848989351,-0.17918994565126437,0.18216579332138966,-0.02455947729183372,0.16515336468926164,-0.05138945387364678,0.05617354622469975,0.06932213121424292,-0.37729706563428533,-0.00609189586107606,-0.05933149756555767,-0.24295048735457359,0.3534031644641337,-0.029711551462257988,-0.021063517841682606,-0.21717752580536262,-0.11591723330203953,-0.1757087593372481,-0.17834927232515324,-0.02357309421447949,-0.031783774870059525,-0.16857346230523,-0.11261132004228536,0.17059534732087353,0.1547229913999606,-0.15322081948004418,-0.030285851522963918,-0.06315619493917224,0.16046792174272273,0.1851339479217815,-0.3123737058688913,-0.11362713358797373,0.013015832728085769,0.03401969948170915,-0.3852779829566954,-0.06216805042389515,0.22444072222335446,0.04499734674937765,-0.20464968545786616,-0.27642916738311224,0.006802075919070227,0.11828194768093356,0.0669987283573502,0.04378946407120881,0.10350258165361363,0.13557991468256272,-0.30315035353506836,-0.07194698139317032,0.33987699839841656,-0.18914807764375297,0.31895310503480706,0.09180531169465887,-0.04774854292418962,0.34118055266308095,0.18022475451760897,-0.2752478294046776,-0.2461327081553146,0.13509420148161827,0.09322694822287766,0.07188814855361854,0.17691557087730167,-0.12841089734383831,0.019809507758385993,0.02347384451531955,-0.025220462171797308,-0.16368679810873332,-0.10833372980394766,0.08416574787522768,-0.19988638479404017,-0.04265200448970012,-0.019705938197766226,0.06358306275088209,0.23599804390497478,0.023661173042774646,0.08557303813932977,0.12013264539243346,0.05635556991421424,-0.06949799900147641,0.09963392371988433,-0.01646589531244629,0.04109445706005199,0.0813509887399503,0.13251641966616087
2002-07-30,0.08680072092777007,-0.20370854981388223,-0.0429137014747594,0.007925059266401309,0.0010882338469654531,0.15556458632933629,0.05442172279813773,-0.2886697991515554,-0.3829251244004791,-0.3352171863130132,0.05082528708468563,0.09583709302424523,-0.02151769058701082,0.07095333683484054,0.22868914989308123,-0.1587504778500966,0.10841698543228401,0.24895844256325875,-0.17918994932762455,0.24425935522971395,-0.021597304283644526,0.276585701577727,-0.07888685640252349,-0.30385463964086135,0.26052728761048133,0.011315664242717845,-0.08966305482387846,-0.010698092052430414,-0.046395436534656075,0.37472836230401557,0.06580787181993784,-0.10206139989477656,-0.1780800893160486,-0.22659178333529384,0.051962462590610374,-0.25674870595361193,-0.0203127795047482,0.043718135794104086,-0.21057487224998148,-0.018483510630953926,0.08199960802090112,0.26649228320766105,0.0003662984615954989,-0.007893810555177742,-0.056948167236459644,0.1518543744909767,0.08222524517901904,-0.21891538695525595,-0.1032963731123282,-0.2497951795828102,-0.01597804079410561,-0.622500950048958,-0.08118921708011795,0.32820051727653793,0.07180059801771455,-0.10990704042502224,-0.18931903767901526,-0.09365814075678187,0.1898829667799979,0.02918066233380779,-0.03418444900934783,-0.15565656991169644,0.09031224799048594,-0.22034253388254657,0.1844985793422535,0.39769486982086427,-0.257356034892004,0.008096314035031358,-0.1515428523482399,-0.04635312237131512,-0.020915423075029995,0.21047626226656682,0.1927741188734817,-0.1484203771005461,-0.09587819598626166,-0.17451788802858428,-0.07403806819638159,0.21328009468332695,-0.0791615567202395,0.145017162719838,-0.07559984647472448,-0.19482214014488128,-0.1412944527856594,-0.32606273676647,0.1474594158313856,-0.0887535860542009,0.033923762593404516,0.06657115308946887,0.1938474574668166,0.2191716327219369,0.020263882542939402,0.46451635754274706,0.13608957173079336,-0.13901093783373664,0.028145328507883594,0.2980480048933918,0.002729317082215029,0.0177957612247599,0.04156712502441037,-0.03622474214372145
2002-07-31,0.13109888438724113,-0.19930793943873154,-0.027851011983088973,0.284314410015093,0.0068544656076532685,-0.1272306632023379,0.15613352804528774,-0.06076320419097345,-0.3493981998913065,0.09629463496422917,-0.05020029031304677,-0.11086780703146325,-0.10452705274704037,0.12490730038772549,0.5121817363393034,-0.49362806175116003,0.14675143783357708,0.36318997643482015,-0.030420093716502353,0.280412734197157,-0.30100456650726176,0.012899028038063524,-0.06401407108667571,0.025890167828911556,0.2833742433332117,-0.24557996374865587,-0.0687861134503601,0.04251640947960414,-0.1375865288375845,0.17915492814699888,-0.04416120723496373,-0.06585528944162686,-0.07345113072414598,-0.018950206304945687,0.2853476179599924,-0.18667417209809287,0.05060096653677817,0.19833481732198713,-0.29891610431367166,-0.10885688004981965,0.07078718078899576,0.18474308968351646,-0.16819989130668167,-0.0377602688926539,-0.1346924407383179,0.1013422714757005,-0.24601483518032893,-0.3150065644544508,-0.10314352623575017,-0.33151914140890965,-0.0012497294379775782,-0.3093302853597994,-0.13025623744297052,-0.012096006336595765,0.08395953752244013,-0.158951233268122,-0.15019810745670137,0.05615717866764955,0.035599547520414686,0.029180641975496135,0.1328414443351414,-0.038051586462208666,0.029759313760036658,0.24436115416930024,0.11811641957061868,0.191498315942124,-0.03382114039942025,0.14412334166273716,-0.15654976859346278,0.022098830930888415,0.038991072839675234,0.049035820362401755,-0.18575889172259225,-0.2514299752502205,-0.06628387995138553,-0.14574141183789513,-0.02657560470726447,0.10853017249776904,-0.09807203482461281,0.04532621298531403,-0.008938720923613948,-0.1819636711802799,-0.1392929286592244,0.1428838576513239,-0.10814412690429247,-0.2523881769242826,0.21960757580363668,0.008039922217007207,0.24698264977888484,0.3460521675258243,0.10746626840943377,0.291227991444295,0.07188624339103528,-0.021547352703009368,-0.05309574836566297,0.3222247459241649,-0.016811357567544524,0.07802063550054478,-0.20810513346434323,-0.1546973998852334
2002-08-01,0.07578600328172011,-0.14183836470604125,-0.09330232158307308,0.18588018647014665,-0.3066412055007472,0.07821217071304355,-0.09068204946903893,-0.5552128788799588,-0.3493982100875043,0.07726072851561788,0.05063759131066629,0.18011431427890373,-0.16189871723856247,-0.006374142869341101,0.10234542724772933,0.39386721798694635,-0.07013588600683256,0.16830613331242314,0.05034809129744998,0.049510739575819376,-0.17870830068434823,-0.1475538485233644,-0.1509349487252705,0.2805018347296233,0.20020946026754205,-0.024484483469070607,0.008510676764256772,0.10853937466857182,-0.1657658004894648,0.1396194449817921,0.02260844504283267,0.11806143869061075,-0.047864500479217274,-0.23843708109192216,0.17087586125308246,-0.17644656253577062,-0.027114582546745144,0.2296105219247663,-0.2247825825021653,-0.07603931403445098,0.0327252916405334,-0.002931738081548635,-0.10322740836338294,-0.03776027539404387,0.005001844510244792,-0.13677389246359617,-0.06339523745861123,0.11251916517541284,-0.05330260038268608,-0.32090072838713335,-0.11315379984272879,0.17575676249269223,-0.2103253491307485,0.017865885860507406,0.025443960222001894,0.0031287859228564872,-0.0013598099126914196,0.19384683456313936,-0.09742007063363668,-0.0006645297903994028,0.017421778494737875,0.026102508005702702,0.08633018060433778,0.05050374420344168,0.11182635565868831,0.20998273001386028,-0.08308733308214125,0.00355314861088759,0.027610056801958764,-0.033009654379273716,0.2589283460761442,-0.026179982838305634,-0.2094473722509744,-0.18949873477576493,0.04450527516399054,-0.14574142253704067,-0.10144553894948344,0.17643537407557763,-0.07520972500167228,0.4046817625830698,-0.16325226038646012,-0.18685846976539128,0.11896108699765387,-0.14567536450318797,-0.009530732434003942,-0.554024856911272,-0.024995507290664114,-0.07530266448321839,0.10316468700383227,0.6148843971584015,0.07573607745876763,0.5092512465618104,0.06549303331940136,0.1345656514071327,0.1266399992668713,0.07544136323844634,0.10549568456323845,0.09808998287404294,0.009404900055584023,0.10210029936251847
2002-08-02,-0.04222102148811366,-0.14183836430234492,-0.05967907607809628,0.16572012936856248,-0.045314985126740405,0.10364630277077762,0.07053222326910936,0.09454464275903288,-0.035484657191958785,0.3131192108252128,-0.021033895636969595,0.12894431287524222,-0.06210057442152582,-0.044888698016939996,0.1381882689574256,-0.4919387277671185,-0.1761216094065132,-0.017744698882608788,-0.15588978587802305,0.535547522975239,0.013272685575306073,-0.13050606145074273,-0.11367353766949241,0.11236201206438377,0.20087915278620858,0.091740133677005,-0.06146394480351409,0.3583046708340143,-0.005940046152885075,0.051424561802906894,0.022608437480040752,0.1565513776525729,-0.05808635838690951,-0.37071795943246727,0.2882608391062006,-0.19854450344782631,0.07689139370884818,0.382083971556984,0.14635427068972034,0.0229638668183444,0.0327252818304239,0.07420149231150334,-0.33928981596669355,0.011990563320472276,-0.14930349102056875,-0.09094435866413017,-0.10625665988492426,-0.0012175567269413923,-0.0713917215442023,-0.17686957293425618,-0.10668509195666205,0.1048483134036833,0.04684267655363274,0.15502950329725043,-0.04521875061648506,0.0794976042628721,0.11465629271641771,0.014799265531300109,-0.3448170523415789,0.05252471820910397,-0.2350909286651872,0.025803719576111845,-0.0066363168917346685,-0.08321240037916279,-0.0015727176047230776,0.036336423153809985,0.05339932977746395,0.07894014706342002,-0.05875452478338207,0.040026656485944986,0.1452389580396526,0.054850248283627556,-0.0339716127244618,-0.2524152114076347,0.008629031035652596,-0.03456176987498139,-0.09945783240247127,0.16343922266492006,-0.12248692051593486,-0.01077034311745505,0.05625179631327901,0.04139479269698318,-0.02470901377360173,0.037119736807795956,-0.08979557133773611,-0.5305030851892729,-0.019636729393202518,-0.07530266862476444,-0.06819400327521041,0.15097124125103864,0.06244096497112571,0.25954608958500275,-0.021799276715010335,0.20855791521497274,-0.18895829813168127,-0.03665711594284712,-0.052582634935571367,0.02079275709906458,-0.01642292869291006,-0.06530226462271681
2002-08-05,-0.06545483271226354,-0.06271228156449545,-0.004703322234606895,0.16572011707562004,-0.0017712030706021607,0.11735718424932105,0.050261481138636294,0.011871115868821133,-0.23629254230445396,0.2638197681334675,0.13357347887209953,0.008600121075174771,0.22610850652852718,0.08106531418068998,-0.10393082933161327,-0.37674961647206706,0.08112570404382119,-0.041700044058317794,-0.13488265111609266,0.280901254743125,-0.18939748507500026,-0.07357145083571501,-0.11291838562688487,-0.11363841221694804,0.06913371467433768,0.1238896001800067,0.015727869403038813,0.17895852652458472,0.01637431894863238,-0.009949021931393536,0.060975602329073085,0.10396964172062009,-0.21996813817196542,-0.25200040767826015,0.1422547244348585,-0.13593285621514273,0.07328626716728648,0.2573639071465587,-0.002117395488445883,0.15027055085294896,0.004878340345851869,0.04257964272858733,-0.08738595495109662,-0.17215965398923724,0.16970289727926152,-0.15009128397027915,-0.12853459924135036,-0.17472830298611602,0.010668487736196965,-0.0838595959388293,-0.026633654663114143,0.12013049235441232,-0.05368943792290033,0.02180897416280339,-0.05423542034159207,-0.020907515825361173,0.0900057232307892,0.01768283136189915,-0.22451698363720238,0.16030022988735293,-0.13681106040984534,-0.030132101071549258,0.051489656944102714,-0.12366624968945675,-0.10026292569886856,-0.03502136271049779,0.055269724859498395,0.011141532542154057,0.1371529313828189,0.14547744590797712,0.015795149062048798,0.05707186806864222,-0.18292847923163424,-0.09337715820140793,-0.07641857126265691,-0.01796679142110243,0.019258034091948505,0.04560505292565822,-0.1023479513220601,0.03123179842369478,-0.023991448606622244,0.061576442949445864,-0.048043246797265425,-0.08047741581677006,-0.0042974673690344325,-0.3484896534248391,0.07982751078562937,-0.01103928401020932,0.08135950413657524,0.230746148091302,-0.04628790101907224,-0.02379757179092441,-0.0733286486580978,0.12856857695022225,-0.12205918486245272,0.0050895600579626,-0.1330647825595368,0.070204191354187,0.0953554064003867,0.07763124089077532
2002-08-06,-0.02437639847486739,-0.1066899438582487,-0.0027690717779375066,0.16572010692084208,0.06474391743822881,-0.07840517825766129,-0.019472679408203,-0.37742204567066195,-0.14942441875955842,0.21353286885752498,0.14212231815106247,-0.022322988737914367,0.19031632715261032,0.029840286196268634,-0.000922612233124303,0.11479640705579708,0.06944604339681412,-0.16176897323481204,-0.024751025736588946,0.17791368711091896,-0.11362576150966767,-0.022803840301723558,-0.1193035044542836,0.06298345889121922,-0.04988452289061762,0.2701721702751238,0.013574684060172261,0.13139691936315767,-0.03870137393131163,-0.060751308363331064,-0.19555709197121307,0.10350551306292985,-0.22474126349348564,-0.12429883629287092,0.14225472102951836,0.05428288836001616,0.10251724438060975,0.18253373725781008,-0.0022057188591595245,-0.02713788181566815,0.0505400712702248,-0.07269141576379812,-0.2004959291417507,-0.09252540023834839,0.015053768558442983,-0.048247160082530514,-0.052480445562927774,-0.1198880886587842,-0.016732362353425834,0.0005653610413230115,0.026677382823975217,-0.13947029860426938,-0.037416417962170906,-0.042659907754680246,-0.07034335474891394,-0.03386705005332258,0.006062725291575373,0.05158301971207497,-0.13167726263674634,0.13844807036345438,-0.016972260871959195,-0.09555473356686246,0.09127726492387306,0.07845393926157733,-0.05348665320501062,0.012953827990553135,0.13132105897710333,0.05729996629161622,0.056323213999512914,0.11066091049057819,-0.16496796283611284,0.02948752939297791,-0.08818516193331724,-0.15780736829737008,-0.10538668135125083,-0.006769633126352349,-0.00042879487792936227,0.06766033847512967,-0.03503361455778561,0.04033362838920612,0.1803379760739114,-0.03494397066561462,0.006082790630893801,-0.24250695389946791,0.09233593391060232,-0.3375568853499416,0.015687270746907907,-0.08489877133836395,-0.05526624080357767,0.2071467951036891,-0.09287262992136312,-0.020531516128651957,-0.04225169575659895,0.003483669215310525,-0.163214490765754,0.07596581648295316,-0.038276548028579035,0.05628551146481256,0.09535540468751574,-0.019529464952341306
2002-08-07,-0.03110000429308722,-0.11872315799044003,0.01764328459550609,0.08329345154037888,0.04183898919564079,-0.04733777961888501,0.12628847188976067,0.03217676803843213,-0.09506848846205494,0.09948087929673186,0.09706734136698285,0.07568950554198964,0.09165623278794897,-0.052233112535266385,0.175084427726484,-0.2188040255205224,0.1045868322202012,-0.000217099131830522,-0.13279129586709448,0.11177926447960618,0.1615956268996078,0.10547006901217608,-0.10243091269743987,0.26449505220218866,-0.033344643696466836,0.012915178486214141,0.007485968195271715,0.12080914796924398,0.0024312185047722546,-0.13366879999090278,-0.04188354488977959,0.1473497200809841,-0.24049055239327558,-0.24157006510533602,0.09614046765586137,0.0486496152271155,0.047955886107197164,0.32157909021878867,0.09629084301290132,0.01259306648927421,0.06822397710673399,-0.05587625629156233,-0.2004959327377303,0.020473255191145817,-0.05676266902877044,0.009463054248255796,-0.07120887809590536,-0.1524858585760453,-0.04914507797662445,-0.03739789731081347,-0.04413779097331552,-0.06346792017299288,-0.10394321546429139,-0.08033197470934698,-0.06775835115726363,0.12325027598540805,0.006062715484441412,0.06479436759595891,-0.024949442279372906,-0.08650564168523624,-0.10717859774645914,-0.002469481121305785,0.15524091471500434,0.037625685094299,-0.05293716918459522,0.019537844047319074,0.08667868145228612,0.1603931521072769,-0.022098132350311852,0.0682570574542967,-0.06015583505686009,0.07478713234217456,-0.3006827518207042,-0.1747006840339328,-0.12032448425662559,-0.012868914706638158,0.028568305556675645,0.09387653192815032,0.0036247218153669285,-0.019434636359363787,0.006478496413514822,0.059686765288026654,-0.08336033090647585,-0.045821246253882696,0.07678168664497528,-0.2691338782216169,-0.12185085975185292,-0.09139782097394072,-0.055266246429931734,0.1993470990542248,-0.0723497130114551,-0.007744572743411302,-0.10402154056631518,-0.014739255762394661,-0.13306510437190514,-0.016301347020806135,0.0374072199563782,0.029761516881385147,0.06010653940981747,-0.07300776050578292
2002-08-08,-0.07478398411424178,0.04297015239026846,0.03197375783487006,0.07910479593293386,0.03659661566744312,-0.07980210821958515,-0.039361688994762896,0.14150803653570196,0.0798168878802913,0.09948086872568597,0.08171128981144493,0.013016979513423007,0.2028065622830657,-0.07354835561845603,0.2032636947892974,-0.152247414447572,0.10140059301144114,0.07755317087744212,-0.13279130256900562,-0.004644083256106179,-0.02116609643331551,0.11023455854710251,-0.24585125225091775,-0.1302300709234156,-0.12013083730378586,-0.05733596068497681,0.04886852090423592,0.11881858518289935,-0.04144893842796277,-0.12417105252812097,0.10871819636133294,0.13184544858220584,-0.1413844075005523,-0.09772811274672644,-0.049462839883527975,0.0680102591884907,-0.046496532624119624,0.2757791152720275,-0.0749792911592312,0.1223035325855968,-0.015249326071309213,-0.07856965693307343,-0.030242172383832557,0.015436741358864789,-0.06660090123829678,-0.07629697421783453,-0.11825480013544731,-0.16672763537142782,0.08130420502084858,-0.07784651018598797,-0.15082718847846618,0.05219145245774461,-0.007458000777729953,-0.0729836523246263,-0.040154014776038076,0.10830807254793261,0.0675315653220324,0.13444723864733002,-0.11927429653105716,0.0059609516298745864,-0.142594332419418,0.036253864413003434,0.13868820834524195,-0.17319086370390382,-0.09899160115085881,0.025900109956291627,0.2093537748532845,0.1461365130716697,0.07211605220457382,0.061744643323283936,-0.040101577070197014,-0.0231714611882685,-0.2139075052697773,-0.0409005338094806,-0.021034925984542284,0.009109663506342573,0.024726108653511145,0.04577396155140968,0.06529223659569422,0.031283131409064226,-0.03245732342546492,0.3055556964393125,-0.09305461057716985,0.15241300550577494,0.0673624143296948,-0.3058158593432263,-0.1895770548437375,-0.034899353254064326,0.01081940660580926,0.15609352271666654,-0.1140751016448747,0.12300637453243192,-0.13038225824792873,-0.08539200136600507,-0.03637710337877118,-0.06838242360306505,0.020131273655389085,0.07937408162345225,0.04194098611723107,0.020052585538089775
2002-08-09,-0.07061254103080072,0.04350112561107993,0.022961135866620484,-0.07037974747874169,0.05466911669059963,0.038140223055669595,-0.10393816865956626,0.23443583994773154,0.05526188786704479,0.02587446775988056,0.10696937699800416,-0.23037898248199642,0.20599033867817346,-0.15911139388207124,0.2097742691700979,3.715507464970066e-05,0.1342397177971348,0.07755316888688313,-0.13279130505698944,-0.017351251690835172,0.0017584605973877223,-0.03059340688592865,-0.04766268730881288,0.0874909537412833,0.017750012629829427,-0.10841151066314293,-0.006025824771921883,0.1055797728357877,-0.03715984125677162,0.01567140142784904,0.3994322002015251,0.08581247999346035,0.034346411528954235,-0.08630173035786155,0.17143782589018697,-0.00027988829566858104,-0.1851349503671601,0.33649588557898974,-0.023026786792044257,-0.160563207794829,-0.04312757680729336,-0.045608087298729554,0.036731599357684684,0.1956757451044407,0.07321141806249835,-0.06631009973287452,-0.22712943030787072,-0.06496067007465436,0.0014196743746860416,-0.013008983160966724,-0.0477214851197385,-0.025524857939947868,0.0009922337623599743,0.03017848925228024,-0.0019553730833015656,-0.07492874766101276,0.3636171411412779,0.05929562899519124,0.11092409266568747,-0.1721700655666949,-0.24112393862368342,0.058793718695591995,0.00608618113221421,-0.17319087507175676,0.0008262151810410511,0.025900097358579732,0.10256545892880031,-0.06908131813677101,0.002364286721228001,0.09191253192778998,-0.031114867301993487,-0.1686541420180079,0.040450003275968975,0.08241467852444545,-0.03510892434447734,-0.08296884690503023,-0.033929071113965065,0.03472940082440782,0.06529222734952632,0.048098936611452404,-0.14518757728896345,0.10411975299306815,-0.12293615278989795,-0.09709095632464922,0.026264473537040582,-0.15964140514572925,-0.2940486996768583,0.059015259652815316,-0.14448254053170978,0.15609351951191494,-0.05292157939547289,0.1554479110508631,0.08769730683274374,-0.14977147130276325,0.1245495606415772,0.1025534968132411,-0.10011696857841133,0.21353701661632865,0.13489026235335377,0.13997193591233217
2002-08-12,0.019131596863199388,-0.0125571238903691,0.030546116735976885,-0.07037974781732349,0.15995191879519444,0.03397444204556878,-0.04793292415514307,0.23443582542306646,-0.10889821843319014,0.051643117033564126,0.1213972825439607,-0.038320019303270135,0.19401080831281947,0.06948412299587922,0.20035864517932475,-0.03662203434074021,-0.11630566003888555,-0.15196789964774482,-0.09598388037235081,0.0009282262080668056,-0.21800897033609337,0.22419772492348122,-0.08971668178994556,-0.15974492184583033,0.09815920362897435,-0.1938931571296865,-0.029827375822107784,0.09113328132201225,-0.132403499049627,0.012465119168927858,0.38973149953046626,0.0365070116489912,-0.18455174281014222,0.008491952638748844,0.186980316711512,-0.11275759138893729,0.012320576677863562,0.26765247856965846,0.05467748312252287,-0.11360555597964889,-0.1349745676406167,-0.13532042910251396,0.028515161055164905,0.1378644931544732,0.22544996264412775,-0.06439171895261013,-0.2587586494154288,-0.13919911475143798,-0.004760613612268317,-0.16103304430236623,-0.08621835753061198,-0.08775603788942772,-0.03695774492359289,0.09106265596500766,-0.018985036560190738,-0.18229263821581887,0.13222198809951222,-0.006963853423535803,0.2891838073983184,0.06401810515432342,-0.13323923534782608,-0.007891917682380721,-0.14169507937729545,0.3872269640966377,0.011625168471439655,-0.06341272124113251,0.035499670737052784,-0.2652074990366202,0.08199713746410063,0.10325855574315891,-0.016879457104323606,-0.013517965828795511,0.2123482882795135,-0.026994183467812415,-0.0766209476999511,-0.08296884741482553,-0.03733562359843399,0.04743890135071223,0.05679101815555651,0.11696507055558307,-0.16336934577016554,0.10722827462160123,0.021255318667737107,0.060410088714176836,0.18339996663391736,-0.16262430012542456,-0.16915793343862348,-0.033118496167402464,-0.2275008346899033,0.033672255748510495,-0.17116898140951245,0.030201381024074367,0.03767542259550507,0.07066872616202656,-0.005447938031730405,0.06518790877513284,-0.030538354638352784,0.16934147611705921,0.21123494843714438,0.11898525134001811
2002-08-13,-0.07156058240097975,-0.07258157890923547,0.01677910669359204,0.0880970029984845,0.07840539907926573,0.10598232988372222,0.019006624979736375,-0.015645417874101845,0.025661850337805787,-0.0110114153939083,0.11811544388908084,-0.028667081130527412,0.19799206799056993,0.017442489827543324,0.11571956026389904,-0.03662204683019081,-0.10198775429276913,-0.18866871328838686,-0.0018646827667400138,0.23351429608251797,-0.1558500126985519,0.1630583696932592,-0.14928860394551358,-0.19439850571250192,0.003966155137491683,-0.20706253359255483,0.0034134723116727443,0.037622842567416534,-0.07246006019287785,-0.0868472468324129,0.2425728415600392,0.07136489314567852,-0.2012614680025099,-0.010873023739297941,0.2388640892106759,-0.08619248028569902,-0.03500755869391664,0.282490888194789,-0.08240754561202979,-0.0849802491396121,-4.6415872784915075e-05,-0.08965058770641315,0.09279275632797702,0.05837252912438008,-0.028353891585281107,-0.018868119747676236,-0.20783603414818763,-0.10340689516620799,-0.029915035553575678,0.010312851022007491,0.04147677050331625,-0.08463442040329527,0.012926822162000147,-0.06171393407284216,-0.031990393431479906,-0.08757002631404877,0.13351090815613817,0.1514093680396197,0.07377294851552409,-0.007048234605244987,-0.05094521934539806,-0.0051942688368029144,-0.01991717480594087,-0.06391303937801694,0.11870521871468273,0.0691348947780737,-0.0024661706080649987,-0.20283927999028845,0.07132649634035888,0.09211499712618204,-0.12208028981349052,-0.19441707247640427,0.18653984182507816,0.029610214464372925,-0.07604320343189071,-0.0005297790566832382,0.0036586005738961074,0.04526764836135899,0.06579650708044386,0.08498573306011394,-0.04447133778696197,0.10722826723020898,0.08056493391510941,0.05541252609734791,0.1894103601924037,-0.21523017661558982,-0.1699515904585448,0.041357117383607006,-0.08532182356471235,0.14078326372675862,-0.12035947199798208,-0.014420463259717886,-0.08884407576202313,0.0072345113911026805,-0.0339629586154693,0.07946106009191609,0.022788011377366073,0.1048008272705938,0.06951575700533577,0.11598627553011225
2002-08-14,-0.02866233142035889,-0.12420331179033045,0.003807990664326361,0.08816114766084376,-0.04555309970532646,0.1520338154281013,-0.15205432996458543,0.16612499421823076,-0.057086264786646905,-0.00818711611091219,0.13617687882801058,0.07677401624386604,0.033101503324394085,0.13488145611234728,0.12587462606219582,-0.3691608134373318,-0.09561952655013008,-0.03180366344476064,-0.034495497047456705,-0.082917815881324,-0.20230286045292967,-0.09428720815034745,-0.21595893250476536,-0.09649395210386116,0.0915683614560763,0.08883478729110082,0.0769578228561362,0.08858512006333179,-0.042573738579313,0.11355093196464418,0.19318494976307427,0.03509180042140769,-0.17814370687408693,0.042203779974677995,0.11562795574004722,0.08283101723104884,0.03400754048428906,0.13528381308370438,-0.07830152297477155,0.17367102209965063,0.10509939936213827,-0.09409362538919736,0.14906207412161898,0.012392573948700974,-0.06584781391773045,0.003992807908506789,-0.20575245705975878,-0.08979039463521847,-0.07300704630168846,-0.026896307574745,-0.0022829483797834863,-0.18144119380612844,0.1068104850003494,0.027880763121508393,-0.02351766435982169,-0.06781881898586548,0.008833107771588754,0.1269400449688584,-0.06778077163662288,-0.041284254587711955,-0.2739667945074732,0.0795102214866961,-0.04875682015428294,-0.042950661347637156,0.14481973743429682,0.06913488693669123,-0.1288026259336794,-0.13614440903326872,0.1262320468604155,0.1652329672080674,0.06328628137086949,-0.34102535811954454,0.31148367566926816,-0.05022734374281291,0.036410881046028944,0.07194931936287614,0.0036585915697519016,-0.03833833339365097,0.06741244269827125,0.03324777291742255,-0.048711742248044816,0.11848417807138248,-0.03980633392894977,0.10834551744653374,0.09221479631477024,0.002976224794448793,-0.4980307709514203,0.07749143466071973,-0.07530597925157377,-0.0833388570283165,-0.10931091652041708,0.06998625621059648,-0.13126859499633214,0.031843311855871324,0.09543908799545742,0.07729026853437129,0.0678772779173374,0.0788659704342692,0.05817353921051113,0.07129279979376721
2002-08-15,0.0850939305196061,0.025923653825024436,-0.018080597301431325,0.08816113870086136,0.10019639771831633,-0.26265437023402854,-0.10224308909396682,0.11868408168812579,-0.16209019456973814,-0.03237413693451584,-0.004408576874931111,-0.09256523873623061,-0.1048363823345699,0.007393073963509781,0.13024945031991733,-0.026131035996437384,0.07878773617533404,-0.08512242094112028,-0.12586041359747402,-0.05675594134699737,0.040354621068044626,-0.015453454464274305,-0.1940088359294786,-0.001130790942375452,0.15678776962515772,-0.13531808238102389,0.10594144270422516,0.05559198948917832,-0.030755053591864784,0.08478036454448334,0.1887251948959558,0.03897061979087995,-0.13226701491427723,0.18130560733953682,0.058383616106177594,0.1539260581918197,-0.007814932195413215,0.24243696992400693,-0.04011069560408085,0.1577667677894785,0.12098674963372692,-0.09634842379883898,0.20279587482200714,0.020055267994753843,-0.013100767536793269,-0.06672788848280209,-0.0963828518108554,0.007543530355116552,-0.010683380015424414,0.007228946336327659,-0.044475805878084675,-0.12080757070916835,0.006427475195313123,-0.11880402531409927,-0.03885147760753845,-0.14577837257629195,0.1508114420550793,0.015912499984248325,-0.004753289841299531,-0.03254929935631935,-0.11509043585489698,0.0572611798521594,0.0702172671697547,-0.11938080376694064,0.14698551085569922,0.0333680170254055,-0.20428438754094103,-0.19249372524628758,0.07979348568758106,0.11388799776149644,-0.0036531792092710396,-0.34482885842731215,0.1626506519514606,-0.19653279955795444,0.09981124164461759,0.05693293037126031,0.0020241793123995785,0.05633644445708571,0.05032326722605326,0.019967440097985636,-0.021438475445040187,0.054576907908668405,-0.018201064295992584,-0.03940336129581881,-0.041294496293718674,-0.057661219792363154,-0.3783465506716902,0.05390615783803127,-0.12876666440811713,-0.08968849417892674,-0.039308002166832876,0.3415650110307681,-0.18652400586238413,0.16221487874872106,0.06556657603274012,0.08023326211739863,0.025635331443846807,0.14014755150609232,0.16036773010250316,0.23710947613227648
2002-08-16,-0.03673298055425199,-0.08854682220558782,-0.07172044676393699,0.3179181745195017,0.07931568220790104,-0.28186155702335075,-0.17533422704425256,-0.5769373470514464,-0.11250924358549105,-0.17964487712664387,-0.08555658121614496,0.10795949535035873,-0.18268052701154783,-0.05850520177168842,0.4331215088223056,0.2662243634031625,0.1838230542913439,-0.021673112203496308,-0.18087685057411243,0.053390079938447126,0.1765356209725648,-0.08946943168034967,-0.19953862638394582,0.10742060103685767,0.11877571749830626,0.031667131431478444,0.05470272398311757,0.036401727452459204,-0.1966847200857893,0.14181418017818745,-0.08352030619785611,0.09894475785248451,-0.05324040054459407,-0.025545799985789854,0.02159329448759641,0.2700286874514302,-0.2032430883722545,0.242436962688244,-0.23462828347087922,-0.12519120515431686,0.29073850003271273,-0.20517662515346,0.22672696851740903,0.05514960599828614,-0.047441085624268596,0.0039798699601599164,0.09741184982994502,-0.058924399341985345,-0.09916883027112411,-0.03566915564692007,9.963552032275005e-05,-0.10032089087593796,0.05139533887865346,-0.071169567091384,-0.01831446888128088,-0.05172154890551432,0.15021229381941367,0.1217839716707873,-0.12001130274123055,-0.05911523320294254,-0.10137389920540188,-0.009263907176153175,0.17216694768701934,-0.13536330001325786,0.21722528044385964,0.07314954510534194,-0.20276016145320552,-0.1229721086552462,-0.032092054661879824,0.09087410006895418,-0.15493402357754293,-0.3432901095600154,0.28652765539535285,-0.2609161072029901,0.04210501331724406,0.04441869460552551,0.09656479168730246,0.21677265233517462,0.030648405359434007,-0.017189681333943933,-0.08283517893428634,0.08696734260376987,0.11638799781071338,0.035477324477133754,0.08585211843053153,-0.1356748448473114,-0.41342170078449064,-0.014750069782865818,0.02617272269009844,0.10399983285893102,-0.021771280382065848,0.22720635793452693,-0.13493278107083978,0.14018013452936373,0.10707861994757169,0.08245131791066737,0.053863252975967224,-0.31397554839697944,0.09200054681531879,0.21466496516915554
2002-08-19,-0.072541590270215,-0.02051153682583438,-0.0039736497591472825,0.14470852459163938,0.0793156676537778,-0.15394124555414465,0.00209543127216918,0.14448185257100435,0.08760706101484785,-0.13978211411376426,-0.06327562755839548,-0.02022248140721602,-0.01009103540349318,0.17858338802222895,0.15810320766499686,-0.3140310114098367,0.2359309801615232,-0.28686190190999156,-0.08876629655298851,0.15712301973394968,0.15546830177024717,-0.06497940151120357,-0.13842255159088016,0.07082443130140974,0.055767423143041756,0.3451402204550281,0.026706981543021435,0.06177873586927435,-0.0932076253751234,0.05993703398222599,0.13809585352124013,0.09485365707250637,-0.05324040339084435,0.13388616796458983,0.012150413269548754,0.22835981609377903,-0.10078027663794092,0.343232701001142,-0.006203476969809326,0.05669826512742292,-0.026793168322283407,-0.1699503199527825,0.3297490362707904,0.13398021807595742,-0.05971851361409708,0.015739166723554486,-0.044956141282163804,-0.2325017952494818,0.01921606231750905,-0.05441742029372822,-0.0300707472820002,0.020643051923641676,0.039404061912337335,0.027927435270514365,-0.03420851276547844,-0.23645405391609658,0.04546800557887291,0.2628571676288897,0.13197737267418977,-0.07005241556580194,-0.024627873648785083,-0.043156310645163246,0.12573222208807908,-0.15118969818528172,-0.37492843604696074,0.19910498001466448,-0.359545247903001,-0.18057315235373658,-0.33522537239302047,-0.039596356405718784,0.06696566295285115,-0.1956211307753218,0.18035998657034055,0.023616881836876158,-0.1966249140474449,-0.029408616231926216,-0.0582789760655121,0.1902300098139937,0.033428693535150995,0.1343900936610557,0.11761696046559322,-0.12327741098707065,-0.015653725321585897,-0.07714566251519465,0.033570237744906445,-0.2642533382541015,-0.22055421337615413,-0.06213577833270307,-0.13424579416393662,0.24488520326114033,-0.11802202765868988,0.2909765726623938,-0.09741037935305127,0.12916396172029476,0.02302429399681833,0.13416018458196052,0.07556431828489081,-0.04426777157101903,0.25044376834619836,-0.05831686994279081
2002-08-20,0.09101482952752252,0.056735403228734174,0.026833007265243992,-0.07351426793259128,-0.46258219891435876,-0.015622962974306872,0.13691061829684079,0.26006924116437447,-0.09771488116383736,-0.2317597688601137,-0.052010895959048536,0.045565981706301856,-0.0764112349936304,0.16541004060353917,0.12055468135488953,-0.04872539121761589,0.27564382921055997,-0.03311452908449448,0.01635292333007052,0.20126285452375559,-0.09403674147436777,-0.12372483167792868,-0.12731778812213143,0.06649168437824848,0.19444255181054623,0.22243594054904683,-0.05294237508595574,-0.029093956349384106,0.012782877505162106,0.153522466585857,0.07792118279819792,0.05701362020449437,0.08845956305077216,0.08052503024561507,0.32723612781316935,0.05928215947924966,-0.067787175676662,0.4326025029416224,-0.02841311852582454,-0.024081294319400526,-0.03335584284990991,-0.16995032419874992,0.2691207223878708,-0.014405537460121689,0.10382562086685822,0.02475926290883207,-0.14782660172256457,-0.287609492771213,0.006368022211086158,-0.06363052348736382,-0.06701305744680973,0.15725608540863045,0.0015278806693675613,-0.27172602070083485,-0.0008805359932858948,-0.31842055405244407,0.5055603758193619,0.2935886601207616,0.19147977337496944,-0.18784217671297462,0.028944115067078276,0.14071519863202447,0.17280722218652778,-0.15119033844218482,0.019696956911896157,-0.2398784428389313,-0.26737874706541964,0.0006544201203158699,-0.22956328271395937,-0.050410593957327665,0.2417446715877141,-0.13240496622382633,0.09190879594652292,-0.06488473829769278,-0.3384348601475815,0.030144466334005166,-0.010560276033093471,0.14158456494708646,-0.04376924157130961,-0.022551994609069207,-0.013008567504027093,-0.022752028337980908,0.013869120142910432,-0.002613949359320921,0.13248437845074626,-0.11884582004057731,-0.14104295251274138,0.08530973261636052,-0.13182241819509505,-0.01661553057843229,-0.12261152603904872,0.16043949638772542,0.020167172680977195,0.060108833111075594,-0.04818886302896789,0.21519070780978888,-0.01071776466842304,0.08080097496353192,0.48508151782417025,-0.088700346354439
2002-08-21,0.0876157990270944,0.04565494900440317,-0.012064454766192768,0.182329611269529,-0.16060000909548916,-0.015622971019525448,0.08074764638922656,-0.29244316645713436,0.1987007643586293,-0.34987949180662553,0.04399859516921189,-0.17590642058530684,-0.12693119594906382,0.15439437192859845,0.021893475538965552,0.5274000204392267,0.017116222301911708,0.03184863718140635,-0.07564050204388818,0.17912857288027043,-0.05344099746840988,-0.1751887026009076,-0.20559008666527123,0.003015061173600387,0.13900004892565504,-0.1675408055328061,0.024036917961316594,0.121719824946081,0.04917642680949314,0.13040857088818578,0.05838860109623441,0.06644667871116518,0.07283821672163618,0.05225292450244156,0.34758490686329896,-0.02530486056202596,0.1281339910971558,0.29884992231607227,0.12530876184066303,0.06781265170294684,-0.0524394807234234,-0.28526765154207717,0.1246055058245936,-0.0853596738677619,-0.10798006202452652,0.12328941353521879,-0.2732612758326501,-0.09208076795141679,0.02081416996120488,0.01785051619123485,-0.1007877261922107,0.015523121199822354,-0.03363761588794496,-0.2335725172692683,0.005825913051834358,-0.18542450798621002,0.1941744281442205,0.1501004051184835,0.05291612828283188,-0.21146779652453826,0.030183799026331528,0.06655228830165343,0.17280720955026507,0.030002777102214016,0.24487679770696721,-0.1355747362282057,-0.05380616607956794,0.07293783138632641,-0.12588188357366487,-0.06599940930960088,0.2722246057347627,-0.08594889465347373,0.42297745352833127,-0.06488475204353715,-0.35914629513836893,0.07152302336346564,-0.021992217563216083,0.07589920968230335,-0.06639855196481656,-0.11819679868822802,0.017922797506312108,0.039347329088324,0.17396823407446593,-0.02775988703376093,0.1347699882144994,-0.2118806108336444,-0.1027346164738573,-0.007986283247712847,0.20364009052105447,0.026400960597266085,-0.10356468110694092,0.2285453937964657,-0.1755892137147103,0.22453177316406991,-0.04918977262719851,0.09630849998674988,0.05598110406863872,0.054578292122899434,0.17946401560101544,-0.5607341722554208
2002-08-22,0.0891275847133697,-0.049866356101954334,-0.03136741740462018,-0.05663063393516091,0.16740623159433599,0.08144410306706389,0.15130549303914448,-0.830836393945519,-0.16212522764730034,-0.12796784269635367,-0.24292196305553238,-0.0064878181064305495,-0.2136892068206971,0.19364012990131632,0.2992957028034075,0.7653608222019098,-0.21598035135666727,0.12942176422173696,-0.20182910421057212,0.15362321263216586,0.03573761266438811,-0.10930048221797144,-0.1327184533628215,0.2001461076945885,0.1858973341092176,-0.6535089055429455,0.03320318677894423,0.0900837958481244,-0.1182173009500213,0.08171018998553806,0.16830049945549475,0.19323910980342004,0.036290715779869746,0.04323061397129103,0.606334640299405,0.13167827479658356,0.10241660158015367,0.2023004501201216,0.14437132478390974,-0.039789269265765245,-0.06235653706052948,-0.026047966314637426,-0.027626928338547418,0.02869736466317259,-0.02715582787623658,0.095159207670707,-0.0886885127372732,0.04488406103434625,0.0445028710451255,-0.06809140575209072,-0.09733603248230795,0.08924329970988254,0.16028641683398662,-0.30680955257320236,-0.00245884327931572,0.13110976137838873,0.11246731143039457,-0.011103477067949835,0.1493435228895766,-0.28979666007410937,-0.04707108587958524,0.15594148789246218,0.1267429908962746,0.0868920466458746,0.2689485556292968,-0.009564557885784019,-0.26340383556183955,0.10478917568784327,-0.276165005858475,-0.08987366877352465,-0.08303816372691397,0.11120887230189111,0.14050972875748555,-0.06513528013373912,-0.31901377530912634,-0.007388439817434963,-0.09035674238458767,-0.058810118740278985,-0.05423253390792542,-0.025888706439833237,0.12022167131090118,-0.10330335257229298,0.22996264362255384,0.13867816065131058,-0.13567335679284923,-0.11623710206358302,-0.12081975155739146,0.11680573652004379,0.06502434198733399,0.11648427673003818,-0.021440476552246953,0.37744140240892493,-0.24389392632144338,0.3712725409273858,0.0172612799434812,0.07620734270961182,0.06089075679974966,0.10569490607706107,0.13634970293403215,-0.35233698934427343
2002-08-23,0.10448588452597188,-0.027114888691498865,-0.03865079019821763,0.38441219026692813,0.10365041014564039,-0.05145993893058942,-0.19432750063944568,-0.22731500848801056,-0.2109147998335749,0.1904988599421366,0.2178846102410288,0.09347537153060599,-0.19607270810186414,0.19329244123321684,-0.09404968861575097,0.00024854582455001743,-0.1316190585176445,-0.09126758542660418,-0.09194344684168605,-0.10608235959339425,0.06956124102327282,-0.11196375143102977,-0.25602714989027536,0.39952801901693863,0.17505515636009833,-0.2796382024163993,-0.05710307110280672,0.18672656776705837,-0.04065595371034469,-0.008528172647903048,0.16119218708013888,0.20696829606131834,0.08768370436175978,-0.11191497157998229,0.5356384142986128,0.09427555778171683,0.04364958074283639,0.22167490408227758,-0.3134230689123154,-0.2624297035221565,-0.05996652650753739,-0.09462146212785333,0.12668457067954983,0.12252595412826842,0.1476543776812289,0.11552159668815074,-0.3350148671490178,0.08476570232322217,0.01054583700254251,0.12247210851694726,-0.08153293422546753,-0.16562322465787663,-0.04664156237819921,-0.32698915827733277,0.01296490457675597,-0.02807442694496219,0.07002871562368314,0.05619090231386321,0.14072249882761337,-0.20572649250312752,-0.23192755305703874,-0.05422453414191228,-0.017483145037184507,0.2492848922995232,0.02607949028135334,-0.0540230795795176,-0.13013851956054923,-0.0839210710347854,-0.05224466994274266,-0.03279942715388929,-0.05281235906206046,0.16585812815681344,0.08141736656806728,-0.01484098147338221,-0.23940472225066817,0.17115879769983064,0.03548793091416816,-0.07177879043566528,0.04371366008945552,0.13059094369247667,-0.10683757600803832,-0.37502963745647855,0.13399011228109692,0.14474630097445787,-0.06626836338972686,0.32623341151689034,-0.12125790802816076,0.10006092362533875,0.07496547237984429,-0.1444270123901344,-0.04217350757302699,0.1114767288836422,-0.14881345448831437,0.26151209933023056,-0.017645180157253398,0.0021926788131084235,0.043484191716046144,-0.029049222096038798,0.20557754910193568,-0.5960267347526652
2002-08-26,-0.1099699161864668,-0.3137731908368425,-0.06419306448136948,0.21973567383549877,0.004402686677558543,-0.08000065757099142,-0.2356811861672246,0.5529880329375367,-0.09208899097602911,0.06028962208021467,0.27748692776171935,0.24139651145334426,-0.0473413977847577,0.19329219890331464,-0.020690599419285124,-1.049623721917334,-0.32991995653854395,-0.041397589770845795,-0.019142415025487552,-0.17657012905485076,-0.1210614826204037,-0.3222827427680184,-0.11488339799559114,0.3140933014950463,0.320277962910594,0.04815169031673043,-0.038818121211805494,0.15254697700451714,0.15842693223620782,-0.05318531623210464,-0.029114316194227087,0.24864327182454057,0.19143873960127833,-0.27083236093068164,0.4853516358065146,0.2824678092439006,-0.09345404073746334,0.18655742588197233,-0.207129773953823,-0.05830027362501427,-0.029698365478721084,0.07874133827061951,-0.11214725087235372,0.01917927603443615,0.4808457723896927,-0.019549507581747356,-0.26641295347089217,-0.057269289555402975,0.019390559927850406,-0.13243762816659704,-0.1387527584477307,-0.12626849819492642,0.019632785812045507,-0.29409190161193355,-0.01990523169545962,-0.005839619295276722,0.10990404527655098,-0.09799256159163491,-0.031715976980280884,-0.09622239637080093,-0.19019392583184458,-0.19198550447013468,-0.032222038940276504,0.19894463001343968,0.06072354490029658,0.05311414163073854,0.12130332672641658,-0.038776258652743804,-0.3570620563060898,0.04438877619489618,-0.1357180958594935,0.07696705258218359,0.012104431742855918,0.19062098760180882,-0.10938438374549128,0.00048299130536824057,-0.10328880316227812,0.016896856488072088,-0.02028360120184401,-0.07561106628166467,-0.3622609898778554,-0.06518074862047639,0.1339900241721732,0.19228041655728306,-0.14403432852272405,0.198455420416853,-0.20458755797468425,0.25366925170767324,0.07496547215762112,0.10211956099530926,0.025729273559649508,0.3089403964962118,-0.17853388315881605,0.03224811232553815,0.10579427125546483,-0.04300651102330677,0.16294034203375798,0.09133406187869902,0.22129440059841746,-0.05674744860906492
2002-08-27,-0.0976168938339049,0.1730965096355058,-0.035897436611191165,-0.010057915599494345,0.12473428375021053,-0.020768457370710973,-0.13659873660671742,0.21426369877929943,-0.12169388064814353,0.004122797101755529,0.14343318259517412,0.07797556998886256,-0.11251423215112064,0.0648346991398136,0.00876567455293631,-0.5675987748731675,-0.25234552204630806,-0.028761002740141334,0.01594042975485349,-0.003629207553247845,-0.1069623668568686,-0.06019208582612829,-0.13405646083436198,0.3421613366821094,0.11936791769064321,0.4181175313307522,0.0067683115743274605,0.10004792941696311,0.2252339001478734,-0.34500630279744626,0.30675420271435966,0.206506660406958,0.19241402852760542,0.010774687296339309,0.23378466488522912,0.08650241556666423,0.03923616987768829,0.15449141672281302,-0.05088609406885581,-0.08991816544448587,-0.09285564465599842,-0.16195956446091103,-0.1121472518709698,0.14311969712254738,0.16489786266169204,-0.10479759114060748,-0.26450123252310564,-0.13665086395870527,-0.007631840190343974,0.10050741020711743,-0.1189873572856954,0.026322983484372134,0.29547720603776945,-0.1826619933313955,-0.0005918404240316011,-0.022747672093454754,0.21561626005365453,-0.005446525856895676,-0.23451713981838448,-0.17299310652680647,-0.27599678721665766,0.002690903612957901,0.009937350719109535,0.10092161941651509,0.09208632264894055,-0.056324925052323345,-0.10143924669700322,0.07065733634481602,-0.2627489238627085,0.08309230292870842,-0.1894130469408331,-0.0004994149356880574,-0.06309387597208266,-0.005906329832192443,-0.05683733055000751,0.014101647709144847,-0.01720614669735354,-0.0800685070963325,-0.0003580393550513062,-0.08629473631766463,-0.4366518887051066,0.07619845084665854,0.006255120704140201,0.19405434807181177,-0.07815216553050733,0.11073199921694829,-0.10691014598610378,0.3932806725569482,0.28270626474094607,-0.13311542678592117,0.02697065401997005,0.4717276720173016,-0.22335561724246497,0.11852251720453,0.09879783637363328,-0.05994374565986702,0.01694914336459572,-0.043178203908986426,0.08081268713703585,-0.20196593975090063
2002-08-28,-0.001911514254752682,0.03312069919216036,0.045364880679700674,0.2822969486556441,-0.0986924069262474,-0.12588624615150615,-0.48158198634769817,-0.020671648640487553,0.08651684316509188,0.0333471727402573,0.01013388271602069,0.10559568232927675,-0.11952454584890936,-0.10430874293135903,0.0947044046308723,-0.12734839539752213,-0.19345059311824547,-0.12108601756714914,-0.16209121156321443,0.21526417221439956,-0.3802095975582235,0.07070807363665743,-0.18903064796681776,0.6508227414150553,-0.033394131458970876,0.24981999322234436,-0.024389500353357244,0.09677222753354972,-0.0895028637934359,-0.15054547317885383,0.04157358419642988,0.12799547409163534,0.12565089894803042,-0.20732716626450534,0.45613478491954884,0.17663595363469087,0.1485326033985962,0.31833431922883876,0.21678397131866678,-0.16305961987060735,0.1462036667288491,-0.09476235286631762,0.024084021340561652,-0.05993812720227259,0.16908925632329053,-0.0035849381616940307,0.053065835988974304,-0.23988957621390516,-0.08363758791368964,0.1149451972987695,-0.13069761694949997,-0.06652998483387056,0.32011184104834184,-0.23726862130698423,-0.030547381564304473,-0.03634792234096082,-0.13959569660907337,0.1842407721638301,-0.3321015992495805,-0.09774323347013052,-0.3327290374843214,0.0744721800262953,0.20573345376440336,0.3980300187638986,-0.03560140125699208,-0.11934231548993672,0.0204889986205033,0.007698373505744203,-0.18911728686802126,0.1191345280760804,0.17283014327564772,-0.049748661444373794,-0.3142852966616171,-0.023585632018594965,0.04783488430921403,0.022569418094611025,0.03397979635133306,-0.03334815111032902,0.03567851318926066,-0.2245376098953601,-0.3056515710259063,-0.016267933135789465,-0.09973923698925413,0.46761427248183324,0.0166572303489117,0.11073199726211047,-0.2228399296162427,0.47226861907303114,0.23338715549521158,-0.323439137947698,0.0048689484286057235,-0.04019496607611319,-0.15505712140052635,0.07451354581152282,-0.07636408974189152,-0.20599968817063266,0.08123365055107053,-0.29234278875982966,-0.056614478900099824,-0.3376387016871235
2002-08-29,8.642554018633234e-05,0.11287027145264003,-0.0034761981438678194,-0.14965931453850104,-0.3483185435331945,-0.3486285213547269,-0.23841173086929202,0.010251504250434236,-0.017405292281262922,0.26771856664234783,0.2226193563652781,0.06221737173438952,0.05117083771291903,-0.0976148061990663,-0.12699565870955026,-0.010962112112560412,-0.2911951958870755,-0.21550082082766586,-0.06722380939688744,-0.23128632318060632,-0.1599333203059594,0.00574587973988724,-0.22024023192279205,0.640457587359621,-0.2205986048934855,0.3300015381000656,0.004671148880892167,0.11949857923264107,0.04363859120506816,-0.12628024022378104,0.09062617966426856,0.07588227473666112,-0.0015475068038961954,-0.2568474431775279,0.1190546895383625,0.31879914365041406,0.013867713980880372,0.311150776359441,0.21678396684594792,-0.13078796807400378,-0.014827453532843,-0.08520095643179676,-0.033007431257166285,0.0651802493231773,0.18863785133492778,-0.08653348516947001,0.0538608498025648,-0.008484967663671038,-0.015808054283895128,0.27183241550313453,-0.13969770029574247,-0.34812998421421787,0.21114767496094075,0.043909746221247846,-0.07935697636663887,0.23308394079612532,0.06992302069207128,-0.03767219557958795,-0.2709511052259783,0.013832422573460339,-0.35181878679037204,-0.01942631684349445,0.10038965223600133,-0.13072743862745304,-0.01632628292306133,0.09876380834348003,-0.0772792084817263,-0.24370769259362587,0.042968568170850555,0.1727395702442929,0.15808577876961605,0.09787981424758516,0.03860907789448358,-0.009371125653069716,0.09955769636886416,-0.06312796740848868,0.02627387257777805,-0.05272701141275978,-0.009157255701460348,-0.368355902314354,-0.1868330299560888,-0.2014109387056043,0.21148636809021945,0.027962200339943163,0.22523826044531078,0.2592055486524374,-0.2865589981040566,0.4152973821168246,-0.006775119032955918,-0.2991600562828436,0.007409152549476025,0.09958477061912864,-0.19703883538668476,0.07071684259028256,0.13319824127711963,-0.13477393312030983,0.07311224976300325,-0.2159172395500262,0.15213248039341543,-0.21527881362783652
2002-08-30,0.07103528329868052,-0.2320123868289703,-0.057868705938993334,-0.48990751871751165,-0.2666257147428388,-0.2931110700851971,0.01833474106913358,0.44081562633281646,0.043674482514406386,0.09922212779441995,0.03152702719383273,0.221615725500691,0.02184102198167698,0.17238246317196948,0.42475132094540624,-0.9028976030157466,-0.19081534547289436,0.053823695790593644,-0.10113455007458383,-0.04736156091969316,0.24844611533994643,0.39352609848797643,-0.1525136355807941,0.7964246297084385,-0.08561984061370002,0.3227661099923729,0.08827790574607788,0.03784823766990054,0.034392954654708596,-0.042188521420853276,-0.09993851540851591,0.12131328728913325,-0.18960371930466405,-0.04388817913847516,0.21937814466250846,0.30416812356693534,-0.1579984772877934,0.4820270044523862,0.03353148113456231,0.1219355326498636,0.18374559580542177,-0.2506172786467722,0.013429159576552482,0.16402636065492443,0.14128381365795648,-0.08653348584317377,0.16403219107571995,0.10255290468993648,-0.11809169118862736,0.4036490247471595,0.21234158011797924,-0.5036358092002396,0.28230755339446995,-0.07514437733039733,-0.0012078882955596701,0.19350013740939837,0.2603997132206092,0.009226347849684936,-0.4172741979923948,0.03438538989755116,-0.6108549745197199,-0.058218611038338426,0.2126098317272214,-0.6279328781025914,-0.057701645764239765,0.2252016841077509,-0.23948932238682147,-0.12949666729886766,0.029371066523119497,0.0898821503835905,-0.05402870082586994,0.06291598268312713,0.2081540457698771,-0.18069206869475957,-0.18508091312241762,0.22787821985913936,0.129538915191484,-0.06902851363420648,0.029345614886348174,-0.530417053971723,-0.27486057361657307,-0.12897829080953377,0.191745860463944,-0.09312607046753259,-0.05522011413379626,0.324211736236612,-0.21560070245423796,0.6995068540554548,-0.16008130497813783,-0.3589779228095745,0.04823433868322961,-0.1776852526065851,-0.23964757569322767,-0.027662654900638763,0.15969103466900864,-0.247291663468907,-0.1779462491939368,-0.0637253660844959,0.08925949280619655,-0.3651992928655245
2002-09-03,0.31225440006339494,0.3155964448382251,0.03923016174472738,0.050058507505692976,-0.04382001668930459,-0.43093409735816324,0.06817328744881998,-1.1408856534018192,-0.09269181667529712,-0.13184376860957261,0.5210108239891517,-0.002161633866849299,0.11803876311420133,0.06547579268503832,-0.14225367742378636,1.2560264509075734,-0.011335819625557285,0.15644066681715832,-0.012711387304098848,-0.20515735567061813,-0.24164802691314688,0.19685408947448227,-0.2563303648707983,0.7093880390372752,0.044794904484885135,-0.12302685246839556,0.1450103092686519,-0.3429920738448411,0.11682610011039704,-0.10551766067648333,0.18032286211345117,0.06101722456048146,-0.13250473170777713,-0.20825218147170127,0.20022987167115402,0.2768535051667342,-0.2255102429625921,0.2971885669178772,-0.288166689425185,-0.006063298965546257,0.060326961908633465,-0.11052310058943315,0.1942101347877886,0.21047809572843454,0.17250109132349145,0.07616353383722982,0.06434838572291122,-0.0016357184352637343,-0.016320895501987384,0.31003596599247796,0.13008256247445846,-0.19879795699607222,-0.11498024239906175,-0.33807698006969916,-0.02262914687396849,-0.04556775616556188,0.23569372058489033,0.02806528538389755,0.10394318086361773,-0.09269092370619299,-0.3318332907683193,-0.10364353057272964,0.338611173732071,-0.35380934213483967,0.1434805675745027,-0.04001519591189732,-0.16315902567836615,-0.4210646168832888,-0.13043246353041543,-0.07389646330545062,-0.1957143846002161,0.0712682784541077,-0.36938846163896055,-0.04599714804286412,-0.23727379341856486,-0.04287754297211806,0.12572151583530344,-0.23008283583137407,0.037828064649546224,-0.041463578337920894,-0.2700050351309418,-0.39446228803104605,0.22907885653285512,-0.08756500431392338,0.15226148710940784,0.28204574827923823,-0.08819745168767265,0.35214387278103937,0.1177083932452234,0.20528711513814002,-0.0770455573104059,-0.11548864228761738,-0.11047415919206506,-0.05089029675687394,0.31049042936266846,0.025447046838593758,0.005151233034148331,-0.07705996441290493,-0.18539790081714047,0.07181003139251393
2002-09-04,0.2878248187742118,0.03167193189129222,0.0048220789761990075,-0.12813909634613196,0.13191967402420302,-0.42749354679035123,0.08900136146159508,-0.3707306725861077,0.4422231765054808,-0.012509446894187804,0.35673801326413274,0.20664818904921664,-0.13878083497850943,-0.057310692824116036,0.03391988656678933,0.3159260203991764,-0.0046155596372152805,-0.05392017010552721,0.0417051985299637,0.22413329223777823,-0.15077772446587323,0.18202790045669925,-0.15243485697642165,0.4240367729722603,-0.002535935505640132,0.29540465051804604,0.08901499956889984,-0.04467580095544967,0.08351123118447383,0.009153321321158125,0.01562857698041508,-0.001997324473005621,-0.03276135548130762,-0.19652954427900274,0.06948814999769369,0.2764241736453626,-0.13678375090894895,0.12789370033060496,-0.32009813870770915,-0.2277164171526806,0.01243109104800163,-0.006878412964150492,0.12398325446432865,0.17078138493274317,-0.13990349674730937,0.045689773331540326,0.17362516235614248,0.15082461458606305,-0.014694540413862924,-0.04775393826405884,0.0600376351548683,-0.3836125762368335,0.1256188326992033,-0.31148965427202324,-0.02570533956978965,-0.0020826935678656573,0.15544093711808687,-0.2133024897181443,0.11322420035870964,4.943008618420443e-05,-0.20181944914440017,-0.18696907634854454,0.0150949088287172,-0.10638605632627726,0.16234602085531527,0.08383817270522322,-0.06955750869581337,-0.560488263921641,-0.2549822311183722,-0.15383187442544932,-0.15160176600379485,0.044257332697680396,-0.1684699860118805,-0.06523059231766339,0.08855143197425555,0.05005438837240939,-0.036935805393815004,0.02171083842693652,0.1183577112597196,-0.17230679563641332,-0.20444830636517725,-0.062080404694231095,0.013660504006949657,-0.017511330849650272,0.07138584158975017,0.23200966460214276,-0.11680076370403936,0.06866241146363206,-0.09165934191357814,-0.1027151036045093,-0.06958294920228641,0.32437444510967,0.01871392468538775,-0.06918698565579233,0.18214150117251166,-0.03496600799781322,0.12199602328058581,-0.17016642797985507,-0.11007844434610915,-0.05032798489058855
2002-09-05,0.15422128535286428,0.21910408242182403,-0.023081126101180835,-0.16762201368940205,-0.2372930549079596,-0.10551942859690504,0.20747024225113866,-0.4246157823473921,0.015827244158102615,-0.022382326539512876,0.04362222680870414,0.044428724481589396,-0.13878083691949306,0.05423993268006712,0.011305060729804445,0.3763025131916465,-0.17417394563876268,-0.011197459111555012,-0.2156914410361681,-0.008539126215613013,0.13781790349615985,0.274380730042757,-0.16100878720204337,0.4575490318050172,-0.032536436335408606,0.05738881160530823,0.08771261829042774,-0.10057395271829808,0.22210179253382306,-0.0002496117267535739,0.6755066277059881,-0.04918000862508173,0.07059023514158351,-0.30003299470561684,-0.06816752361842908,0.15283860398691357,-0.20630278872470492,0.26436012290527816,-0.5297954019434595,-0.06282115228105879,-0.2132135886650905,0.23041819075410852,0.13672916454359713,0.2519958672658966,-0.24625722222823831,-0.052052669062639806,-0.2978992218558589,0.36340660430767574,0.0820829210404433,0.19649917443694412,-0.03180709629430941,0.3713286626119326,0.021984627430965305,-0.27652877123309216,0.050479299468945436,-0.21373493352113457,0.008185562617555738,-0.10803843782427512,0.1413875727600333,-0.09208137071148974,-0.11906954473363274,0.10351911466229842,0.27010144826222865,-0.6718488489890968,0.02054410858700371,-0.22828836631749538,-0.17850799420145774,-0.20994590657710516,-0.1146563020239983,-0.10458369912307323,-0.018493684076109327,-0.03400829199533018,-0.17312262083628935,0.04633996617611062,0.10504226673396194,0.17243429130879542,0.08133472710544272,-0.18002405630202467,-0.034206246126488156,-0.14439860300711382,-0.33333739170002336,-0.08093207047644181,0.01383742073231299,0.24005252845422487,0.1901464002341087,0.38958575650829147,0.029914038085312004,0.08028858508779523,0.10569586322457482,-0.15870569975249463,0.12284070762438372,0.3243744384032998,0.007049830398245577,0.19824439332348281,0.21818827813065053,-0.08244126031412831,-0.04912129353528958,-0.038353453927489234,-0.08295662108841165,0.3315043855890405
2002-09-06,0.15450841876682106,0.3465169793923031,0.00371170139121232,0.10819933370463408,-0.23729306625975946,-0.028380325411808995,-0.012818450966680543,-0.39336379235023444,-0.26881604554827165,0.0006299697633604666,0.4232338170540718,0.09050494650316941,-0.2560477785014997,0.20959738620275464,-0.13298837357610302,0.2704238419581836,-0.23338081934268218,0.0762774655445527,-0.03967093644361177,0.26054327531325305,-0.23919240394570587,-0.20946523387489507,-0.24068339456949694,0.3835230073646637,0.02356737456361432,0.049749801404700034,-0.04383722224567356,-0.09085754951846783,0.023815128998026968,-0.0846762122923094,0.3002426790908947,-0.059566831659347466,-0.027268701485896673,-0.21942645053194673,0.12160941413247389,0.21833207531485493,0.05894573945903284,0.08749311526318267,-0.15065416069133922,-0.3860839520306347,-0.20312675217409432,0.07095809110266191,-0.12466969648853916,-0.00945308883579948,0.021047017564682694,-0.14781647064034936,-0.3064959572516878,0.4473833719056203,-0.04664250245448809,0.16028077314059289,0.07506908355027192,0.22364253904390125,0.16387243512392535,-0.05791364796575234,0.023559347684356923,-0.13670642068676458,0.08708648307948147,-0.03670186200869441,-0.08513331781785502,0.1951083304385662,-0.35015591318007266,0.03310113533052422,0.055075265917900976,-0.5054387379660154,0.1648110615721504,0.19510432213400997,-0.303199906195493,-0.1265535794443571,-0.168738782029833,0.08646365895876287,0.15462938625168193,-0.02521077063584612,0.002462767535888499,0.03172411445609466,0.0005769346959574568,-0.0016148688600316214,0.02093558352576238,-0.2595518919135399,-0.0640132816794117,-0.3631687014215172,-0.029387317108641266,-0.11746753545900165,1.2426916904273793,0.3756341531259333,0.2572638983313663,0.10912240730339658,-0.1211338248776436,0.0820903135943725,0.10569585759485733,0.13312858572881303,0.04138854829987122,-0.15983588563672493,-0.3462849782766491,0.22532907153606216,-0.0781891748543837,-0.002818035523004454,-0.059238793414688545,-0.060409742894842876,-0.3735059950814552,0.19191311067647274
2002-09-09,0.23876858049169436,-0.0025435467516109955,-0.04421230193299562,0.24803671164002167,-0.0930523103192716,0.043018862636634424,-0.07005582407315682,-0.24349883430637323,-0.3109566178980039,0.07330819138185264,0.00844192138545392,0.2860444026450162,-0.39324297821639437,0.023551161671169545,-0.10936013939644,0.12780716133072334,-0.17574350110170237,0.09984147416406919,-0.06392088443168845,0.0112376867704754,-0.008522929769131472,0.24415145316090714,0.15875760884686194,0.23271531470277962,0.15597813984397071,0.12872787362159763,-0.026343084508266147,-0.0375002653086444,0.2115330755786003,-0.07112219481448687,0.47106781560710265,-0.03581328186039061,-0.1540520616934413,-0.28659814733881883,0.021587938626332563,0.04644479163824243,0.17509505248766133,0.19206766680085152,0.11529786448191122,-0.25744332670770875,-0.17788161807418068,0.11159533419989014,-0.25953879490892456,0.006709271205001626,0.06204500191607156,-0.1674226279713119,0.024085315657603565,0.1902609526583788,-0.12143524978498478,0.132274284673697,0.06717597414126916,0.25053682219604334,-0.07519301955140559,-0.027527514526316375,0.026217893733666127,-0.33590129426334747,0.10389119555982612,0.08331941829685957,0.12397148971219349,0.12984937448357992,-0.08748850136231141,0.01948254119625448,0.2642110836009844,0.03183457206678518,0.06633101719460575,-0.029115914058181556,-0.45891556041996867,-0.10834642824139262,-0.2283792018188213,-0.047549793709756955,-0.07942272790756756,0.2528893666792997,-0.05051388212055004,-0.1501500803890181,-0.15590436304375493,-0.08863109171275646,-0.15604519926391297,-0.12572697786978232,0.03104267049126833,-0.15798416600804863,0.02244706083380706,-0.04350857721403789,0.47279732010326475,-0.04213925965977178,-0.05306299249168621,0.134794525552274,-0.15410222663206674,0.2985437329030761,-0.17166291748364254,0.09397747414608462,0.19443864344297948,0.1831584940095939,-0.07441372400855131,0.2107935282892108,-0.2463290521102856,-0.06829866833321778,-0.15268444362648112,-0.050794290646798274,-0.16160894784616806,0.031763087115496226
2002-09-10,0.20200265649344876,-0.044769479444852774,-0.08228363750264522,0.38682257588739366,-0.09305232215678937,0.09595809584280456,0.0509872760037891,0.13993365882843087,-0.06804680077503376,0.37486162721568733,-0.02645146784054753,0.18872196834112143,-0.23714052469098928,0.009024239661107283,-0.10936014050019888,-0.3427730546464863,-0.26447680103302185,-0.06313070698441875,-0.10792602857189863,-0.017879740673429526,-0.0926294245194612,0.4122099470888329,-0.005285872938859867,0.01524011870685735,-0.03481173428495856,-0.0031308299203115283,-0.007473197741204058,-0.05858602486230621,0.017413261263550507,-0.07979001528112571,0.0443957817082599,0.07947725778329977,-0.13866415926789924,-0.15090687264907393,-0.1653958053568379,0.018236788277781323,0.32682801381874876,0.012723179473415362,-0.06675464825045874,0.042652663102985884,-0.008541356080490546,0.01874423092731288,0.3846188950709261,-0.11412568795918807,-0.28761548870832127,-0.11787677870611846,0.0482235283178494,0.1221919815378581,-0.13245258514252656,0.017981621837215394,0.01965201451138559,0.05076719266361817,-0.031957671610297854,-0.10869745277376824,-0.026232745334758185,0.004197860832904829,0.1975564563737202,0.09337062868360177,-0.15244638964219484,0.17236901540180077,-0.07803938810800296,-0.11035362756817525,0.23115438802019406,0.25487242938259247,0.009736837853633487,0.11962908050842463,-0.11625283056846829,-0.06324457225206256,-0.3396587937195394,-0.11699472926361536,-0.2970668990267079,-0.07675119094115657,-0.25569222266762376,-0.2094569675496289,-0.22196451358052866,-0.035148761508920476,0.055838993364782756,-0.07114087354334961,0.020146923904331752,-0.07156778379090921,0.18251219856757125,0.37651617969315193,0.5752994890279438,0.25586017552122164,0.012194277856408017,-0.04754628108557453,-0.03152615188194828,0.028961480948886533,0.13459819285415434,-0.17868873537847435,0.13588042880170217,0.03659190878065204,-0.2703222095774593,0.19383529655499243,-0.1881232526397786,-0.02469265500679759,0.0076288391371042074,-0.22241928547633846,-0.1632167541068046,0.10647476180870658
2002-09-11,0.26030356987521497,-0.22226221628140855,-0.026204189120436868,0.2918045606531494,-0.19822894934501323,-0.06659742118889428,0.05098727345713513,0.12026630662994317,0.02899765183677169,0.2041723070627193,0.12400689501957951,0.09897101684682737,-0.23909049685902242,0.1307569229121656,-0.21659208748327602,-0.4782536156189564,0.0678120990330693,-0.22099642779200568,-0.09441220070922009,-0.009344178705331349,0.03411479190525338,0.22745240103283942,-0.06023763104465727,0.01764579141290414,0.05694537564120472,0.07363431375156373,0.0186845304004399,-0.013083502745965493,-0.17842644826442533,-0.053352966291511345,0.11039697724028662,-0.03849657861213787,-0.1686788753502029,-0.21938568454614416,0.2607077361214657,0.2100625853403886,0.15177329039979395,-0.09927058093707267,-0.04029866133275024,-0.07007300710312714,-0.033105060287299384,0.09365918159478312,0.4501646314085427,-0.08714608754741206,-0.09536984641679389,-0.01751378856444898,0.09894019631348754,0.07304726802771483,-0.11887937774182646,0.13449397279173594,-0.07285663950733394,0.11720796443367815,0.017148931175464843,-0.28155555381747516,-0.017979636711645014,0.10270060067349239,0.1742124181481428,0.00845770947124207,0.044183075756017647,-0.015125117444403587,0.0157934611086383,0.038177522038869274,0.15723309021368145,-0.0033585645250128293,0.1156633297857949,0.1578070128976557,-0.22658382810588143,0.03420268189770713,-0.2732194561943159,-0.026350767934730235,-0.07049258904568119,-0.020928594565156482,-0.44271917015720336,-0.1774018023683376,-0.214768804423151,0.022454721393501034,0.1814623800288877,-0.0471486150102016,0.005666888651875512,-0.09229907334129661,0.011549500825668904,0.025321655310033688,0.4432953944814169,0.06783760475862782,-0.13283966986599255,-0.31104727621436135,0.12046475682252679,0.06280824658004543,0.10977106371622596,-0.020128905442611426,0.11007130193991438,-0.14562123315848885,-0.2047928532698313,0.0923434088124461,-0.11811355211797846,-0.03288590133213257,0.0135065749987965,-0.25747391078731974,-0.14675557432422207,0.28969326992344807
2002-09-12,0.2809876897654258,-0.010324362744512606,-0.017916510263675176,0.012112563410697335,-0.1512865503501793,0.00021370189111237378,0.09591377329565169,0.1202663051643638,-0.07142536062576045,0.1196897562091287,0.11872068832981501,0.15240216840322715,-0.18694850930457785,0.1088088108225288,-0.49976771388447194,-0.0690989468139774,-0.23921999539075586,-0.2136553042233659,-0.09677314566834119,0.01264028291406621,0.0803639800658477,0.2416697258483049,-0.0017645234557048912,0.2465595136613532,0.11373717674321428,0.2484110546270114,0.0081465334957101,0.1336166837846887,-0.12142557535904668,0.06336226780750115,0.22254075354216915,-0.13488335626562317,-0.1018037597253983,-0.04066276224484851,0.08768474931956004,-0.11807219074374041,0.42801040071745,-0.057785437113221656,0.02347533809441144,0.09987563577429656,-0.11262535269402517,0.14821732629630646,0.26165293978398896,-0.05046278349555382,-0.05391912072002985,0.05618047200548821,-0.09260219837736655,0.0729255160161343,-0.06749902326719383,0.1637382008505654,-0.13115621529763474,-0.08515172753099304,-0.023233092907588446,-0.15638698049618963,0.027383249165814905,-0.004783532842413182,0.015254460129364048,-0.06346471930181534,0.08272169827937864,-0.0325206145233742,-0.060983488029493126,0.015782307954867892,0.1316105354441274,0.2131671159306627,0.036603187878652674,0.08630380718196173,-0.18385460187780092,-0.007683605847105721,-0.25413943007133555,0.04727126491405892,-0.08982577623900823,0.10606223148765412,-0.349318250422796,-0.11835658163730277,-0.12787840766569192,-0.11375919983458464,0.09269197897431641,-0.007380200032976155,-0.028225840541037966,-0.23089546458298646,-0.03683553242914564,0.03365924780218664,0.23837208611257366,0.07259071189450972,-0.17868262637458932,-0.140271636168703,0.01915830350583179,0.08986376361985529,-0.032120794370747656,-0.07002352372808389,0.1161196638217858,0.11462813111762345,-0.23040109959970487,0.25429044877237894,-0.1795643722637985,-0.05875746999954473,-0.09378316775323366,-0.2108918468552097,0.07633214660206725,0.3491188303183758
2002-09-13,0.12091374054578398,0.035255540798843035,0.022688286806403953,-0.02598032151826867,-0.17537685540932785,0.14221156419317207,0.10795758830282329,0.09385912341017709,-0.03940091652115117,0.17479852958945152,0.25403656545825176,-0.017456582255806992,-0.15382636887197687,0.02605196008135036,-0.5055062482072141,-0.06909895078068742,-0.19170573957425896,-0.1701158893242287,-0.19583362986732797,0.21888745728363704,0.20788588354438836,0.26824774198463874,-0.046373358458430436,0.14890398247002695,-0.07421980554652094,0.19014354983512474,-0.014006635615068487,0.10846852431175201,-0.06332941621171735,-0.039005183135042094,0.37052807967030166,-0.12230110659787707,-0.1018038126416018,-0.22140052411540967,0.13336219746273031,-0.19481084269777077,0.11474908591578074,0.24434303123886952,0.06984145582797895,-0.04667283321887033,0.005856766836943078,0.09656030383766347,0.265126208306125,0.12478837034269358,-0.02117624043848799,-0.07199126963599482,-0.10208166158039543,-0.05053140116799065,-0.09113124558460113,0.15754845419296196,-0.16981040123058577,0.05340840770350848,-0.005968205326971693,-0.15526291371719972,0.02164202491593962,-0.09937092884697107,0.02209384311706331,-0.011848625115399362,-0.07709059794222245,-0.01316178500000325,-0.09481809268114996,-0.1562850296085835,0.019395256471649514,0.1317332347178247,-0.00019832038821945434,0.08498427861401033,0.03342813839269184,-0.2085296176695418,-0.23772834313711347,-0.14339368858803617,0.19796849726623333,0.13237022811460242,-0.22887952363014588,-0.042776871999092685,-0.43108017494194195,-0.05817786993828726,0.0900530717939644,0.1848036631738307,-0.0282258531716019,-0.15310458761132728,-0.08155906327232525,-0.11222796370616513,0.355871658111422,0.06830962646540786,0.09237193080109352,-0.016222627385277865,0.27041783351545856,0.24684528172595188,0.024212727710348488,0.07953972962629362,0.1101892691035262,-0.17312868036363982,-0.30163109992236437,0.2922009902244836,-0.23180881262091033,0.021701107568864605,-0.06986570905472488,-0.22653071526922422,0.1416400997747112,0.1452317125426718
2002-09-16,0.01790873988441164,0.0036810914678599028,-0.015541166321182125,-0.05729959075289224,0.03979646628381565,0.21180971705957485,-0.15259126522426253,0.7195623929138075,0.007806625980395118,-0.06202971927140412,0.1427097293833266,0.02918606309365292,-0.15382638066734317,0.013773161482540685,-0.08613925520151137,-0.9444294425130588,-0.08066212847065538,0.04027617723379587,-0.10348114186543336,0.17125230887775902,0.4119009813829175,0.2604197256581254,0.04251034607014308,-0.17119917403801985,-0.16956328566662424,0.2607251027241505,-0.033845469976749525,-0.04497711003618585,0.019612100258439697,-0.12256324433309403,0.26962118565787974,-0.0047985877870028535,-0.10769531848314566,-0.12092951391287828,0.11798703645054534,-0.2618025702951591,0.6516244940119723,0.11705933589393429,-0.07713844626855322,0.09077975417909219,0.04467231732770766,-0.055069711944283145,-0.46236185253031464,0.22007661672795661,-0.17131837253321475,0.011099771418364341,-0.14726043921141196,0.10146657633287079,-0.10201593391132072,0.0028584209020668543,-0.006181157192131194,0.05340840777386486,0.07038408972239091,-0.12214462310847182,0.04742857266162754,0.2032085953119208,0.04554021322365538,0.05840201343198425,-0.14276110448665597,0.1587529837422889,-0.13501866352310643,-0.029177860663940892,0.0895198533208731,0.1154419012869775,-0.07247040639210807,0.036162331834544974,-0.01283134566189032,-0.1074077832770043,0.016080875371526967,0.015657483827946475,-0.04315112859057481,0.1709117560041268,0.10094931510056768,-0.1877432921429353,-0.4560275474301897,-0.02944325935861563,0.07171914559909796,-0.05675110076917123,0.06563152339402872,-0.3116263282635723,0.10992389563020384,-0.23083370824376384,0.25408282502056057,0.06830956083973419,-0.03457278987279449,-0.12001170848626055,0.07868704277507087,0.24684527664619516,0.2291221489188805,-0.013069448545027819,0.07347829042876328,-0.28586394655287334,-0.35602903960125787,0.00882313157592513,-0.22898229910745754,0.06015385549772913,-0.05420081763364272,-0.18352500864257346,0.049627404807434404,0.09104903311954261
2002-09-17,-0.09712147726950553,-0.050805611840850605,0.032474307151064134,-0.07505625536603402,-0.0429287887893476,0.25447510778729493,-0.15259126432766984,0.028780284962562547,-0.1095827961583077,0.05485151742590514,0.27598887950358375,-0.1303819586946843,-0.10560514009130463,0.08355809831813325,-0.19217823895571182,-0.09274145318120953,-0.17844867843222523,-0.014033596965331551,0.04478871715950593,0.05183531509735467,0.2586990560123949,0.26363204898816894,-0.07968413760874252,-0.085025084673806,-0.13265591329612927,0.006337332586033898,-0.016265207145372402,0.023074839997057773,-0.09647174224247838,-0.16812007254853967,0.20939126950518383,0.0597536015515359,-0.0023761229660000443,-0.08705050155008726,0.14506150801180695,-0.26180258246711546,0.4982128647398348,0.2339072822513636,-0.10543541006418669,0.19780980754418323,0.20388172656053913,-0.029492801420480552,-0.39633450226674566,0.18903111432715156,-0.022121031512351116,0.0456535580238629,-0.09565147206150412,0.19047009359836037,-0.08946154075635282,0.0051201136692455365,0.009347668235247493,-0.12181638572601419,0.12234565569909371,-0.19567195908328958,0.005865361764856969,-0.010114173360163908,-0.12049299004747586,-0.09108094980103662,0.0679577832850802,0.21784632176976595,-0.37892405119857586,0.04338469188026873,0.10766099295924728,0.08109225686460078,0.019807410623701623,0.15749369727306553,-0.029208439794716535,-0.08877025433481059,0.030809054323529737,-0.05012272565817758,0.9463906458230459,0.004285456371792747,-0.35554439253008796,-0.1875830375249913,-0.19723874766610955,-0.02425136743467329,0.007988567055720368,-0.10317207765564591,0.022721828054681977,-0.23228059557412847,0.15127234348760682,-0.020043997254071435,0.08558803910195792,0.21162689557172615,-0.1715806733109903,-0.029873817333087953,0.020961436005061174,0.21194457668936076,0.21381635509702446,-0.05805974477408804,0.07196695840256533,-0.36701564712658075,-0.3560290497278658,-0.002586387467961955,-0.14153311414540698,0.06493208987598285,0.04073300891070317,-0.12427379735158074,0.025810821947136943,0.02543501014137675
2002-09-18,-0.18171904984076634,-0.16594490606202583,-0.06183616695532765,-0.15517090325407215,-0.14232716386946592,-0.11401148781726093,-0.21772007362270895,-0.6169134800385071,-0.30012849654528245,0.055717992255310524,0.05125568026337071,-0.11751433297192039,-0.1396804769762655,-0.03990828115450027,0.00787822612838933,0.4599595476218469,-0.1933771863768148,0.17878436407409679,-0.00932547906830944,-0.033475747837898064,0.36016556981061243,0.25539824864221217,-0.09104049743385788,0.05994376361849843,-0.1549670931493682,-0.16549397144168293,0.06412801556683548,-0.07289144744115791,-0.07201246940463601,-0.09053645271150283,0.4378792584047974,0.10068531657224106,0.06857780068823993,-0.07348873816613163,0.022353491743003946,-0.004867095585909736,0.2965640292640892,-0.05126388220894713,-0.12005252265517319,-0.07206857078025662,0.2806024486218435,0.14463333013542978,-0.09587275956356905,0.16240743906628943,0.11328195661485214,-0.06794629099169494,0.08837990141833049,0.2509346108530527,-0.06476443033777507,-0.1618169058735293,0.13271121139209963,-0.09482660556143033,0.0663841750682482,-0.17051882708228835,0.011085358851629727,0.04164502459471653,-0.16072372439629024,-0.0603851856337728,0.10321813880278408,0.22888976812956185,-0.3250497718886696,0.06551661787519976,-0.035724204170289445,-0.041979208688669015,0.09089154819088277,-0.040481365198896,0.10866001082238748,-0.010321447956520749,-0.14813726848435516,0.03426444991639798,0.7268905813817353,-0.14931723324718926,-0.3522128832247958,-0.2623339692168419,0.12820650513397902,0.01700380584306832,0.11138675658372729,-0.04887667594948283,0.030432954881284134,-0.12808571667241553,0.1469187753586757,0.054596769148063544,0.14315814755883705,0.09140682571230835,-0.04899211987439901,0.19472276870244706,-0.0656625838811116,0.05441567218929291,0.13420444853256216,-0.11377311829404659,0.14283257463445465,-0.2847639655830915,-0.18279670681128582,-0.10095828138916327,-0.2412368762339697,0.09036687967110017,0.01367395792792543,-0.005584752538041491,0.0002996575542705986,0.20819321597260987
2002-09-19,-0.17263455306660067,-0.26361086907604936,-0.11142658128597092,0.1749511677538996,-0.06762984773869037,-0.19617403579868256,-0.08662574817234509,-0.5161037046942097,-0.1156677078255826,-0.11332640501373109,-0.02618363448789829,-0.08866133735599235,-0.048159099860412086,-0.0903308793369677,0.08133345753073275,0.23956379307313946,-0.1718271346469511,-0.001351832372306116,0.07279858729569114,-0.03347574811189112,0.48253877787600397,0.15018100822651254,-0.14676267497844334,0.1694514107746082,-0.1703524519968535,0.04052230333863247,0.23681062162359384,-0.019869574822152795,-0.1384512247993174,-0.12777039543529345,0.4370446088959896,0.19412709339159612,-0.04753793307468858,-0.07348873273695847,-0.263809904040993,0.05270018632053436,0.17075193778891978,-0.2969380112537761,-0.05872278294668274,0.15334413677891537,0.18960995718549123,0.1751828027564561,-0.19257231164731176,0.3039818573339718,-0.07589234731911086,-0.01909878151689885,0.08843987354392223,-0.00806705377902482,-0.0626310070562969,-0.09782525591518229,0.2284740941214144,0.031161020122846144,-0.02929884839273592,-0.004152644568340438,0.003944185562498299,0.08142819755994818,-0.03353959190705084,0.04237366756772454,-0.09353266778751934,0.09416630318527189,-0.1948921572066378,0.04234817995708702,-0.04505133283313338,0.2617864669541394,-0.001349461572661328,0.06613573620894216,0.006839895338230969,-0.008196949871701832,-0.2892386683155598,0.0936919734467497,0.3124441344481875,0.043595268923876794,-0.19872389776429505,-0.1185833359551619,0.20311944527891876,0.1147435641153056,0.1379984110949549,-0.14884550843834715,0.03233238262917647,0.053163069663573544,0.13363954616383525,0.15662473811387861,0.09373325870690744,0.09140681324530657,-0.011080863188609253,0.006254995060613093,-0.12814903991091872,0.07699796292202812,0.04727335922341963,0.036903410879774036,0.07049342359152591,-0.20068580754358353,-0.20640552975385784,0.011663316528826684,-0.15411786844277456,-0.017735406195510384,-0.18154547536893792,-0.076699122534701,-0.0617522628485844,-0.07174375248710917
2002-09-20,-0.10248685510086525,-0.25660483770006304,-0.07617381065600118,-0.02840747152171893,-0.06926738737901908,-0.21442687129731916,0.0065741830688165834,0.3972912569801588,-0.23846298996781487,-0.0078663309372391,-0.05008043732107774,0.022317853991807843,0.04551090529426946,-0.10572902534996484,-0.01867271060345465,-0.694441706143511,-0.08018800275810546,0.18001364021637897,0.06410144052611326,-0.04413889186995647,0.3561298403398787,0.06784925713902827,0.0015072096014889216,0.14067605796643207,-0.10610232366599351,0.13283580926901456,0.19353795151163208,-0.07435144871665579,-0.28427139581812033,-0.062368460122309066,0.3538661988179742,0.11772767078202206,0.024392156760326602,-0.051641663000385585,-0.14220952452499722,-0.025601655045484603,0.15600637925721153,-0.16652729517234788,-0.06091574625505075,0.06108327988842899,0.0734869849348135,0.3147502498766623,-0.0725793470806173,0.1299257493276562,0.12882332867462498,-0.13382931518282773,-0.08089822958583512,-0.04768287087167414,-0.0907873216076354,-0.15737125185737147,0.03650834715918198,0.15101922661419934,0.02980805698316524,-0.00927708194940216,0.016258329506983783,0.31614279851348887,-0.2011294696594236,0.11462912492916585,-0.14486050899870354,0.060266131284858734,-0.20372365677781576,0.06370165737688578,-0.00021641507872595668,0.1583717791584825,-0.22081704806101257,0.2755789062019578,-0.19191760636856595,-0.20540992127405042,-0.11495102603811584,0.13035249592331255,0.21350204369547462,0.1353850583582566,-0.15916325003655363,-0.05719741841690755,0.20910601833483344,-0.01064057363516451,0.09438599949944486,-0.0792647442399057,0.038698118206849645,-0.05560882324084936,-0.035337974350151485,-0.031166260382951956,0.057801819479513,0.10094111084105653,-0.02319929698326601,0.006254993647976879,-0.10184364630517104,0.20105279301665732,0.13708689036431215,0.11706067982215132,0.06842158386330927,-0.18474960339982824,-0.14602476784320886,0.14428613957000472,-0.0703650060203873,-0.05357793245659821,-0.020140250543714176,-0.06853333754132127,0.04635670720430406,-0.13977481352343363
2002-09-23,-0.18753132383575336,-0.12222673899299402,-0.0321449993202678,-0.04310739635322674,-0.06434403764580233,-0.2692859386248373,-0.020151354879105417,0.37481370550102516,-0.05887378707094043,-0.10939048851225985,0.07151107813270985,0.1289074170793661,-0.13778440000606504,-0.14369673711290212,-0.03718191665000653,-0.6008687545476182,0.10129387286302512,0.09248675471492931,0.0457266149392199,-0.053223675989387514,-0.05955743146696348,0.07394776357719926,0.005121584668665982,-0.028206597306417478,-0.18445941254270762,0.3029089026502009,0.09909073667262557,-0.09239821279062485,-0.24250831924683555,-0.03878460237606102,0.25703259378215354,0.08694712952780619,0.13782127427261442,-0.11091932344504915,-0.16549251265300155,-0.06203102026300154,0.03219945666249805,-0.04819326630060224,-0.12133179064833964,0.06108327740183928,0.3101880157841097,0.21548989539474558,0.17939511534790253,0.0816423016218783,0.11191205617513161,-0.10591242135764224,0.03401756715436898,-0.19739852012988934,-0.1771782374456497,-0.0436898210282545,0.007490072907413402,0.23980961591922342,0.1134383443182599,0.030816518632820998,0.03203845410148076,0.15082300548791594,-0.15160447297178142,0.2540646042109491,-0.27638470854466124,0.021704552012069566,-0.1819311075755095,0.09007581683356246,0.11822544360628721,0.12498331807945959,-0.1520119186146965,0.09614764514810666,-0.02787568878612452,-0.07772504360315367,-0.04213356650550718,0.1465791725832559,0.2349319026795126,0.0851914582785961,-0.171951593089591,-0.11667037266925563,0.131659152458238,-0.003927071026121015,0.0037563294730907307,-0.06415911649996243,0.1511470555454748,-0.00616941032180839,-0.09640172957779243,-0.12151796601176415,-0.006849996354192681,0.042385608769442265,-0.015771800026393185,0.09683618537987021,-0.08320348289119503,0.19224386852480232,0.1017567706315792,0.0818840188869666,0.042587939233153495,-0.0965272861214221,-0.04980348255955889,-0.03101975435421113,-0.07264262945354343,-0.07190900629694871,0.01401177862985473,-0.07663157834270011,0.18597097572551757,-0.09144813520747128
2002-09-24,-0.18349712296621487,-0.03683317500690387,-0.029815130553382682,0.1491604606505517,-0.02762973997576434,-0.15680359445704492,-0.020811282300965104,0.16654401003704739,-0.12922592391744794,-0.04729386084545158,0.0029300449331609857,0.08021406726508942,-0.1529082590900451,-0.15309426559771927,-0.022363868764476245,-0.02317155517797045,0.022105857659005794,0.07595582831205186,0.10633186755746711,0.12861968894760206,-0.2954741750091199,-0.04228280445374992,-0.008269465300190059,0.07249991010780439,0.015288351713720548,-0.09616176284646086,0.1323395657580979,-0.013109380610567524,-0.20336436819050077,-0.08797871936231558,0.09577072695603583,-0.001156312530947143,0.16431298712582856,-0.09859440389416338,-0.08693934513906491,-0.01282309269823161,0.08494222416434291,0.05663972892781634,0.10944582502017751,0.00276621122754503,0.3125731015216185,0.06700805517505462,-0.09048571782239859,-0.16246611807901193,-0.11150006708767365,-0.05553322338685215,0.135853210098262,-0.2799146034157616,-0.13393814993860761,0.002369954656306958,0.03704797931664506,0.10623515036624503,0.19928408731804603,0.1068527772438399,0.016192477665714345,0.08226703184759415,-0.152891640577699,0.20872344710119944,-0.19048047509949437,0.09305109552958624,-0.28444317189868096,0.06742602781608603,0.013534046353821756,-0.13952016628138536,-0.013594766081838766,0.08691128259546317,0.03927500786245161,-0.12188500542525527,-0.22979082251094068,0.13633546901116506,0.16712880351490197,0.004419176030087816,0.033101360504358024,-0.13593442179246285,0.06439455617400339,0.005647622145343279,0.15474629404893692,-0.01457650592731669,0.1337642039783048,0.01790203732530326,-0.1121332719057145,0.15806596151427277,0.0871592980977442,-0.07137696723398182,0.011293586336457053,0.07053048816432388,-0.1310658222713874,0.1384008706718355,-0.11151273946988105,0.20155791603944118,0.009160766116943674,-0.11517108842209214,-0.08691250866185728,-0.07973597413291635,-0.16965347265539274,0.028576386528886426,0.02672838758327905,-0.010465696396431964,0.018655104014281495,0.17141766845317458
2002-09-25,-0.06724369103724268,-0.20278588456023286,-0.034330957398596894,0.08681540677909766,-0.2413190175542165,-0.057479323263301664,0.08804989106512925,-0.008671272527525956,0.0031954224658950633,0.10268992114631036,-0.07996347427075579,0.08021394159416285,-0.1384182873301479,-0.08515240666775993,0.09017797130605378,-0.02317155554909516,0.13031052888412814,0.012581542074001462,0.09877738530831552,0.02725895026311414,-0.18599854093196738,0.08139985653717892,0.03516279367327875,0.04381799370621126,-0.060515553427420855,-0.15895196522984223,0.10660262409442885,0.02035003421716122,-0.21021802644756424,-0.12323447634967448,0.07888483132680293,-0.013996053136199945,-0.025349690281719562,-0.0118669796827145,-0.1678306672711547,-0.06108099615536418,0.13861097585505508,0.03867589962468231,-0.09074520852081171,-0.10529140908541519,0.25080369523357804,0.23243181047494887,-0.012645339262901073,-0.13753847001855868,-0.22156807930239622,-0.04747506014547923,0.04003633770131863,-0.026022845793448317,-0.12041862106890223,0.04948123667956145,0.059134982906818,-0.014547473415395615,0.10518998775039456,-0.049925385755689444,0.04899896898033967,0.1366979194757453,-0.16102349890599377,0.25770838054001755,-0.30311460501561666,0.08645666267645755,0.019321740447012094,0.027868529394604623,0.07903225057704834,-0.11404561583638992,-0.11059935306434385,0.1670121979886465,-0.07315769220356867,-0.14272928907544452,0.00013596071297688754,0.06292843004067829,0.2163756409970245,0.05529836816364805,-0.044278593974974405,0.04596646714410993,0.06861890134068327,0.09634217120388483,0.1618178453275814,0.026024960134057543,0.14561396352455167,-0.06366222107764768,-0.09823971510638083,-0.04611263892300453,0.2040607790822834,0.06904732652998231,-0.14577561858185317,-0.07715380679414001,-0.09716205486438817,0.15841232385569148,-0.122257534441424,0.12486837621658152,0.02780312803207482,-0.11556801002329764,-0.03303415614549248,-0.04892367574967589,-0.11711631932823635,-0.0203731147774277,0.08697808222425003,-0.0745061916759033,0.06183938070082501,0.09576328709283541
2002-09-26,-0.041366122736669945,-0.14558370213824967,-0.0151258130835452,0.22060791340010966,-0.2079880141172447,-0.176231423461042,0.007813296933837746,-0.5228455363009222,0.09815521711944206,0.19622962547974027,0.054299151095498426,0.11961015369255677,-0.22223730183261553,-0.07432308477476975,0.12816750849170405,0.493856405974451,0.2905811210770042,-0.143927810526753,0.02635770381350287,0.03914544468337437,-0.0659610503512791,-0.07682415979939919,0.06175291540890574,-0.024932518924762108,-0.02337899777457855,-0.24426572937812246,0.023490603673966562,-0.01103031830447413,-0.18696473028900795,-0.02417105999208583,0.13097393488289713,-0.01245808813818818,-0.11354996106046826,-0.1695076155133263,-0.14967178859581387,0.06690638492465256,0.07450931625344501,0.00374938695214382,0.022886344632281497,-0.1113293399698933,0.1803803250209101,0.01086438795691729,0.014730311747933232,-0.04613845879504609,0.09108180872870375,-0.143335828063498,0.05987840359525183,0.10576817382310529,-0.0626515714538107,-0.11360472974683496,-0.06840049295018416,0.03493264309012493,-0.021506260974152102,-0.08307228024380478,0.012641681599481579,0.07498360868943299,-0.10562326624777661,0.14179809537289376,-0.03457460152703028,0.39539733599927235,0.22291873080757443,0.02326138118097608,0.16724439395668791,-0.05786705719767546,-0.09582074671311575,0.03576523315389265,0.06505559667723533,-0.09048812384835857,0.007849412805840705,0.08305501235698212,0.15838632869661673,0.2589352346882066,-0.18758583238039428,0.038091751946829,0.02520370914143591,-0.0026225565468790024,0.009934629523223997,0.012641890194718243,0.16409987762254824,-0.14436976811382016,-0.03218775748365732,-0.14834457850392013,0.19260911300351746,0.13854093247246624,-0.15273251025363452,-0.06811795668372088,-0.17404309432041046,0.047207423718074265,-0.1277302780052063,0.15674822440443487,-0.016187738395685436,-0.19854192892014086,0.009636530346128293,0.05296544458173158,-0.28605089503510733,-0.08112473192123935,-0.009049273191228462,-0.08780071239693044,-0.05935552214147593,0.0642920672351553
2002-09-27,0.014225131009559118,0.003979487278065827,-0.05792998392611715,0.22060808563263934,-0.21405683627711913,-0.06631871013043895,0.01693795840674687,0.46213514059352273,0.09999567630196511,0.11522742991484963,0.24425152644760592,0.018854368208047704,-0.2552989677883626,-0.19092940253915908,-0.0007866369158721792,-0.4789850058499338,0.26259770943696004,-0.008769924735146383,-0.02272520080777504,-0.23935473760968018,0.037293652938926745,-0.2513093268504414,0.09740944345522982,0.014838942637136383,0.013715748857320223,-0.28914153622260924,0.04494086932509283,0.047375017877304866,-0.030159979962391628,-0.07028481002889041,0.19346562000216194,-0.0009882845452702609,-0.036343286541805624,0.029353321721576293,-0.39453302729281825,0.010403181432111304,0.07815224896127426,-0.0886945136287902,-0.030656444911852612,-0.3051731985387739,0.05705124690603696,0.0045766411130088,-0.2490815459833041,-0.04613842666038618,0.07332555197413392,-0.20200303774376216,-0.007934275434661821,0.13647748547032515,-0.12609253603354012,0.16156404011660325,-0.11715520231595751,0.023168089023587038,0.009516393097692331,0.005400447970395253,0.0283277113849646,-0.04206235532856764,0.06942701035137216,0.1884482413613724,-0.019201026425541057,0.16638324989037198,0.10091443632969674,0.06706369677669895,0.049014285987699704,-0.21707406631359813,-0.13050107003445643,0.18172049053012373,0.1742718211830311,-0.049837990709492574,0.3001681626166731,0.09415899441472694,0.15838632839780137,0.20425951514342125,-0.1603346391946856,0.06342565188291063,-0.05721625976847467,0.05416517470047519,0.12762147413492075,-0.05695841466647274,0.21256262427167635,-0.1910755139691418,0.0027726406968254977,0.11962949895513256,0.3431734536047903,0.02621118436279216,-0.03390189673725992,-0.10041168075218325,-0.19994420815904368,0.02924889108778021,-0.14081886455254058,0.10840291237191413,-0.02461964237405311,-0.24659790812665994,-0.07596106409413977,-0.05030259138976306,-0.1258695384106228,0.08707023164681621,0.060934615817863864,0.0077725812335984615,0.061942568118370886,-0.053413166729037516
2002-09-30,-0.007134833179051304,-0.024927050275961957,-0.03368319383967118,0.4203369994728772,-0.3864028746698735,0.1413184035036313,-0.04622618408710195,-0.5709864035144228,0.21859741330116156,-0.18079372152073694,0.20936880645791847,0.015648749500062415,-0.24932014084231172,-0.17354009751790261,-0.0007866471885902377,0.35745576166451865,0.3356669175390325,-0.0025275293558561125,-0.11507436370459385,0.08980502809405067,0.016514483685876297,0.07030076654032233,0.11639980892462895,-0.14431753779869674,0.12622761710602798,-0.35739545842443315,0.015242564721975431,-0.043278617850487686,0.010502615994209994,-0.0308532251643246,0.05325465838416431,-0.04206024273571924,-0.02128664259349413,0.09544270020910593,-0.15378388121540848,0.05317054145391209,0.0845526199042825,-0.06715248100252949,-0.052957415711850045,-0.18486633729660276,0.2193192896993015,0.04761350320708796,-0.06706553045497404,0.03919777255050062,0.09055577918698997,-0.15182160708344147,0.11744269474650917,0.1546341271981568,-0.12807319930086775,0.1425110615901505,-0.07076176934063676,0.40367073362401895,-0.07725335885436782,-0.055377087682571935,0.014052222176542698,-0.1435609328026707,0.026784646942170316,0.12569299598580566,-0.018429579088043154,0.1305370337949162,0.015207914621990398,0.029605092332748367,0.1272441790681098,-0.18898956031958916,-0.1194985132779294,0.13859652819326623,0.16424684486302746,0.08406962303285452,0.1432575331480169,0.05984206147196881,0.15332169407875704,0.06203753870232867,-0.09870224766026162,0.02728397003354666,-0.03729345732894103,-0.07578801539219884,0.140723027842687,0.03636839488993466,0.09506982861235591,-0.2016771953290927,-0.10194766822812332,-0.06007699162883558,0.11499813970293536,0.14632560806640613,-0.14384746110682856,-0.13174199075849408,-0.23478848967344398,-0.08659697520876382,-0.085172451614451,0.07376222295554298,0.025279464840956178,-0.18799196649616345,-0.08404252849057507,0.01732412675469062,-0.14424222786274848,-0.033146126633461066,-0.05977994891760921,-0.018552051020095224,-0.09614855044210761,-0.02716036553290501
2002-10-01,-0.03906283518457926,0.1332332106761163,-0.02688563845630438,0.35617659811105384,-0.18182597653617896,0.021796863273185002,0.10490721718223316,-0.4388892583314232,-0.0251658939228004,-0.028165704565614718,0.08487694555588839,-0.11137055431193549,-0.1680953574861533,-0.12357687970030268,0.11411702894653399,0.18460229198554504,0.18371703623936095,0.0860180100362216,-0.08401009887180719,0.13315773956586202,-0.11267799250370496,-0.19498105677811314,0.16334839407531881,-0.29442769462620083,0.16736977741023687,-0.40019764632237437,-0.020834718207370786,-0.0647807927332227,0.08986444542427159,-0.04124021376576255,0.14273553031482375,-0.0417606053129987,0.007755647466923163,0.04457141748863762,-0.08152714876214157,0.0012305582553382565,0.19086375474868444,-0.19411514687768275,-0.11916726114140574,-0.06920126551018044,0.16129081265062292,0.09352607509067572,-0.01405938011620816,-0.12888016781667977,-0.012221591007676714,-0.07078067381273362,0.0470529128716536,0.2562024523166443,-0.06969263875077568,-0.00516940333636232,-0.007408842767498029,0.08606071729347037,-0.07930975953595096,-0.08980735493122559,0.03146885089901322,-0.20208383964303414,-0.13408471928350388,0.009567215335654133,0.10303079755599255,0.13576765079622974,0.015207912497733999,-0.026897059505715703,0.091800088955623,0.04342398368417,-0.012062786291618768,0.06995689212749394,0.24421494571432092,0.27176889884022476,-0.1510800058377265,0.0656290137197923,-0.03711631738911505,0.0970823980644863,-0.24277836221451413,0.04684448368604311,0.07884163011744244,-0.11016804528701428,0.2534030449470392,0.02384520569158896,0.020788380261449628,-0.0033408075001699422,-0.10360966662009369,0.027895743623102428,0.15126914072508638,0.3464997629074414,-0.13284790272970246,-0.07345552141223541,-0.3346561753793608,-0.13114081419629148,0.2653005452923108,-0.05476468878774918,0.005821755248058904,-0.18799196764261306,-0.09692163869983068,0.04758947143350017,-0.2881721297490299,-0.002769574963097794,-0.11060622471617686,-0.05754601163058589,-0.06064031858170494,0.0815546520958287
2002-10-02,0.05110290274967657,-0.05882079621898241,-0.07759767053218036,0.3124244561863731,-0.12317987647454781,-0.005167283314779626,-0.061234670418777885,0.7305195796460453,-0.025165903366255814,-0.16028512991199445,0.11465228926990348,-0.0882429294934311,-0.16198593419468305,-0.1235768825004471,-0.030460893248301927,-0.9571696265830129,0.1601940886056921,-0.05394249274054779,0.027340369002086563,0.06151214988383079,0.16817005107018773,-0.1567926351612031,0.17547389045347092,-0.055650749156222146,0.11824636543380966,-0.30413556641871337,-0.06235848932972367,-0.05017925728057024,-0.08270426660442425,0.11048814474173126,0.12520206470319797,-0.06321647334215658,-0.08949197369629493,0.11318775472550044,-0.10981090467023633,0.04666370354530555,0.24472645906846927,-0.057540880886468686,-0.09297712219450933,-0.22014759181651833,0.040317534390402365,-0.031120330681080055,-0.2680356008701503,-0.2321241799354609,0.08701254282457496,-0.204040854196439,0.06111845038566444,0.022558039030400604,-0.09749949069414855,-0.06306246297937143,0.1136851684863371,0.06791083060174632,-0.1212874808351801,0.05804401668621886,0.04436635807265003,-0.14227192371423686,-0.06353398974452296,0.07594641202748525,0.02899924154176484,0.16336138967372396,-0.03488403970211397,0.14631935877618452,0.016264890243224014,0.016476403876464096,-0.12739656475913402,0.13988949667769535,0.11747700815275311,0.055005176979305986,0.039009597202333365,0.07192875853675963,0.12761070745246883,0.16302875956361387,-0.07278713352648646,0.11637183283685543,0.07956463959811351,-0.06394547353563605,0.18846454219887587,0.1448477151527422,0.08189983603868552,0.020947525270808218,-0.11303617954124143,0.186600608962296,0.32496534735980276,0.4157243150039476,-0.06536320820752313,-0.24329839240243167,-0.24451241125423548,-0.04629137696004127,0.07059470408355763,-0.25013087682660184,0.058384571787490146,-0.1317427962109067,-0.08097721015187215,-0.025074055842963513,-0.09107359949271764,0.05471804966783296,-0.13865529478778818,-0.08241030946294672,0.10035425120883777,-0.18707468414242223
2002-10-03,0.042846355440505024,-0.09890262071174374,-0.04148904560234293,0.3072933029636046,-0.2927811020396617,-0.10016907070002591,-0.12456863055346268,-0.1365875510287588,-0.037052024259112214,-0.02139582017220428,0.15310631865411786,-0.189344484688238,-0.12540746241564035,-0.07036629209518593,-0.20068229355734032,0.2413900581173537,0.19951157256891444,0.016410522773874368,-0.08209239635881911,-0.13867201477026359,0.17439529553343824,-0.06254381914762452,0.1719627230620849,-0.011534977190590922,0.058366075561954486,-0.42742132784431436,-0.03667210261135976,-0.07637576955580765,-0.028920028970492357,0.1471451270856414,0.09106734552961433,-0.09825644386348738,-0.1006669469035169,0.13308093937482549,-0.02300279571650801,0.03415314539645492,0.24472645002576282,-0.09462579922678288,-0.0491491465295327,0.12441439760702222,0.028885816475033924,0.08574998283294606,-0.20473411551410492,-0.0008616224990877784,0.30453532937081673,-0.11471993458128012,-0.003983125246866416,0.022558026389249322,-0.05199334453831505,-0.05991617296635072,-0.012546013418120098,0.06399514279563023,-0.3043211539496735,0.0676416233013734,0.029981392651687314,-0.20192232291784254,-0.15000751043294414,0.07594640135748494,0.07519918237133798,0.07966414487448394,0.07498785272790241,0.03758822847774556,0.15324598556797267,0.3889683510890041,0.016891608322309806,-0.011772131989086502,-0.0023921027956385777,0.20247455500807304,0.18106795535885695,0.14718430108246236,0.008857036034381045,0.06298547367414574,0.04232300609289444,-0.18898399642806665,0.1653379602561237,-0.2977168290363781,0.10023010758750964,0.04799041957618626,-0.012215342561450411,-0.10322941567675675,-0.10146907193453224,-0.23513846989350007,0.13873635356004635,0.4567966571469696,-0.05323117430111036,-0.19139731788190517,-0.28705519820154934,0.09875823822763762,0.1678202818068551,-0.08683294692473953,0.05891942984833261,-0.15944541584571142,-0.05960786648832745,0.1132664695501723,-0.09395254707705453,0.004808527290079638,-0.09630139858886026,-0.050552757037593224,0.03162145171718767,-0.020672635945579936
2002-10-04,0.04314590644502288,0.04822671553300277,-0.05251977457153074,0.0915785402043219,-0.19647537267158866,-0.12187104643433595,-0.049731690840497285,0.0805044726698958,-0.04565764552692945,0.01112370943170361,0.19193937387050272,-0.11881248544086813,-0.038837727271261,0.00017389644787471688,-0.39558580865688575,-0.1346366074982867,0.14409178833285471,-0.15601570819389102,0.05340068344068017,0.034932056116105066,0.10532272625374879,0.09842737259615708,0.10022055026910798,-0.0543211489425344,0.058366075439234805,-0.2649597257450846,-0.05637981668710629,-0.07164423250690512,-0.14310473657647227,0.20067243770072388,0.052852146985948596,-0.12170708069057677,-0.12532132364254842,0.08959773625677643,0.08075999059023665,0.08740570878377789,0.22354905179015824,-0.05187973548728901,-0.005351252028658569,0.018742397260741107,0.10365035716919309,-0.16317461552916718,-0.0723891782267114,0.033616029090317516,0.3400674064660813,-0.10946038449640964,0.033265018186124706,-0.18521014050882204,-0.09281350061864656,-0.09772297903634694,0.00588396356412829,0.030931814267246935,-0.05933144673702334,0.11042797677261168,-0.0038976051667413258,0.09896329434837864,-0.08842299394086849,0.0012455018722159156,0.024530685702390077,0.42340227521819207,-0.11996826528205487,0.045219105092101544,0.036848707374906524,0.25504902245295114,-0.21081906600075154,0.16136885131579962,0.07105945607768185,-0.24089092219393296,0.2653250687545661,-0.009335236769964762,0.017453452271603335,0.020284680112549316,-0.041658582609972225,-0.15929905427075364,0.06363563946032635,-0.22386671128219662,0.03412826660069024,0.23081316016331777,0.08636309101675593,-0.08837312271040343,-0.04948310152877477,-0.21090386794784974,0.09520807055644709,0.2822199968206833,-0.0857377147369294,-0.1913989716963074,-0.1410220317955964,-0.006013245117397018,-0.08646087427489489,0.006444164805519311,-0.06307786875203113,0.022602607989061597,-0.2083408217003335,-0.04869199114975545,-0.07303696414680959,-0.03159431607392233,0.05766653933934572,-0.07211224442183681,0.11426383485321823,-0.04543163021404345
2002-10-07,0.01865492331028998,-0.07365736010575333,-0.05181635556499415,0.16996484896421285,-0.20786838262260435,-0.1726571023291946,-0.10365177039547044,-0.08687856620181761,0.16515288577537662,-0.09983158688823254,0.0026253757964925465,-0.07058417897888167,-0.03182053280531775,-0.1092201995689223,-0.38580468790738004,-0.020819333166872726,-0.04338823673525333,-0.2768742453870369,0.01996738406554697,0.08110801678408418,0.08528975032372732,0.28721757423692484,0.14523875674433534,-0.07567234294461947,0.05836606847043047,-0.18363193361927932,0.0021235938218362813,-0.055915759443848106,-0.04262639198406688,0.2775922281152357,0.05623857194348321,-0.07179244050081546,-0.08606939196495714,0.17080606730311804,0.10647560695472136,0.1698127703401338,0.20479026554710789,0.062453058724088205,-0.2504706318253624,-0.02502507799642984,0.12323946696513756,0.021778995629769395,-0.3116360992755704,-0.033990754717473225,0.16843990133174672,-0.08898317161453571,0.14357327256040447,-0.18986981015179197,-0.007758181720765778,-0.048027927922171275,0.04029619965525938,0.11912450147790007,-0.06265142595844161,0.12948740614502477,0.019009010423189303,-0.09331061788449753,0.03967544156127196,0.008732048790477702,-0.030194746952434653,0.327809267393043,-0.04069313056012092,0.16013938338677886,0.18013976434280454,0.1710006199051299,-0.21081906770760964,0.016904189881126075,0.06882883871930634,-0.1606181050967217,0.08775521878709944,-0.06534679558531564,-0.036655600116521206,0.06519441158104501,-0.0950303529986295,-0.0010933271361744793,0.028141449801229526,-0.16544820103367305,0.010776953809986414,0.1412362490554777,0.04864925694359286,-0.060241422725779814,-0.02374059123567345,-0.1304890350428607,-0.3145888947150345,0.3256004182200913,-0.14205077629125618,-0.20250822994024284,0.017256618333605093,0.05203009172841092,-0.17109599024983635,-0.18518682053924707,0.04077272819500405,0.22852065295311655,-0.026164252151431446,-0.08535753700090352,-0.06849330479607509,0.0255368257022842,-0.04385821430912499,-0.028912705467190877,0.11426383221951095,0.20816626644131303
2002-10-08,-0.018190248936611076,-0.14609615034495294,-0.07560016130387794,-0.06751714898773277,-0.13290829500698012,-0.05360099212637736,0.1123835909397855,-0.08687856755713845,-0.043170506281414306,-0.09983160025124346,0.10109824466385067,-0.1966278985228674,-0.004066696522865075,-0.08567445624536861,-0.28935911397685665,0.005528018338671648,-0.05103417942975424,-0.15966239870582155,0.08124842646424449,0.07271404087737428,0.1838020650750332,-0.01583622157876388,0.15475040839495324,0.11622169340453067,0.025343059986349694,-0.08975694258927337,0.019565085747884105,-0.02813276302675722,-0.032470661092073666,0.1571676166739411,-0.1400692753789989,-0.07957758168447397,-0.027524997197320617,0.1030838498673819,0.218628867333205,0.1698127526388168,0.12906994446458672,-0.031045493969892035,-0.28571185275680894,-0.12911534184858278,0.1565405837148268,-0.011222246233762506,-0.32291484263944015,-0.1306226190176185,0.15185921458344756,-0.13111366844711672,0.08494802235779698,0.03833218682276594,-0.05300383162577652,0.02809529463824199,0.06876151924411344,-0.029029902444798073,-0.017273945482825744,0.11505609796242762,0.023949539455570913,-0.05877520427710252,0.08709482302303466,-0.045139706986343724,-0.03603009796588119,0.20098570688920958,-0.027383310943970448,0.15941617924220286,0.14133105981868874,0.062211168785884535,-0.08838765565250838,0.029608184092890837,0.020194978586152025,-0.09921520388595029,0.17117792075069432,0.047902844077991176,0.026255987008404064,0.028091766014983293,-0.19963444411288822,-0.07774287707735172,0.06840742964530509,-0.11834604201461194,0.14965773825731002,0.11191483118678165,0.008727099171044401,-0.15491451568528403,-0.06948170744816069,-0.09783790334487429,-0.0663369823279792,0.03716418292655768,-0.05353514394891264,-0.13640993024355644,-0.055770931738003404,0.02236248710576115,0.02134458488988298,-0.1780263940973628,0.03106237632247789,0.026622984413813187,-0.06354700234057335,-0.02247087130220163,0.010854290170686298,0.036435744629319616,0.05079082290562922,0.014182768669875981,0.13673125834102343,0.2010046340077072
2002-10-09,-0.036883892881920136,-0.059022493376587076,-0.03356495418759543,-0.00354245934507729,-0.18381195861957153,-0.06713021216887066,0.02412598322675194,0.1779901498277309,0.07460060459601553,-0.0376661252371996,0.08088994283013307,-0.07451270990521507,-0.01918542280174265,-0.02370959054341769,-0.31326256387037565,-0.2449007820435914,0.03445391244277467,-0.14902298654250803,0.054481006028582156,0.057322994056900875,-0.06923692249621817,-0.03581730307682194,0.09809752415160697,-0.24850795490363856,-0.06171625949551204,-0.030281104291748445,0.05209110695421935,-0.02942760777647284,0.1357243938272365,0.15430739823634118,-0.09134766073754974,-0.09278707721690443,-0.023136824596530797,0.07723695709823833,0.1435094197857304,0.3108737920406572,0.08712769784222342,0.021954575341359004,-0.2857118633802575,-0.07041110315355532,0.022731017152575132,0.032220995412598576,-0.5591951331947672,-0.13264834457387126,0.24961611935562555,-0.11960469905427683,0.04346133149854438,0.05267390831535718,0.042755251807970795,0.16316286210021388,-0.020825553383674162,0.18795547782446037,0.13225980243688748,0.08756641686504409,0.006538443475080773,-0.04951623493748738,-0.01945847178912351,-0.045139717013554764,0.00558399597380899,0.04956772424589056,-0.10388273899499433,0.1443539187521743,0.08586777155339918,-0.0015806445757688293,-0.024613118016564677,0.10430136321894994,-0.013457190957174708,-0.17711714098092096,0.054149606166868314,0.0049584063730059354,0.44675764051293615,0.12610108401552633,-0.31527139102982327,0.10412980442774976,0.03384421765722497,0.018599452186704606,0.17430117017154514,0.01897347067843763,0.02709731714172322,-0.20370962628267655,-0.1490641845860219,-0.2707343526056575,-0.10632929767186668,-0.18419589589879826,-0.05353514688296471,-0.1455316371269291,0.08263657301471,-0.010387501855995697,0.01870011657776235,-0.1674345019372492,0.05904723885517205,0.11542484978671347,-0.09621135512140684,0.08661876629556946,-0.03622085632488152,0.03523588414423357,0.0752979621320763,0.09598093366066142,0.2892975252801404,0.20100462090256052
2002-10-10,-0.07330410699972723,-0.05902249926751682,-0.021967218323866878,0.035942577903733924,-0.09213225076603226,0.0575236105977619,0.024125974593777834,-0.14923322843828343,-0.04797723829583715,-0.21354956776172587,-0.03499889890041498,0.06502010923942089,-0.08184705901440043,-0.07465475664281071,-0.17345283341860918,0.23981354229563479,-0.008330481516888694,-0.08880767661515482,0.0020657168601779245,-0.0031787750744872658,-0.0964050391979493,0.021918114937721014,-0.0010437409435340166,-0.1515387727308311,-0.1290592870726086,-0.16333145611386177,-0.009504518142445417,0.01668020454223058,0.02021851179285231,0.1376296109820266,-0.05263008905789294,-0.014440983868195936,0.09403959332273695,-0.0016628508149666398,0.11511228345379013,0.35384625816594784,0.023960276900473643,0.005059538372282924,-0.2721470954622122,0.08996078089644632,0.13710787197022375,0.0923614524988934,-0.40563551433922607,-0.13000097817539813,0.09157479807584148,-0.008033445667442926,0.03390295825032017,-0.07229842195722437,0.02524891250036467,0.24087231059870406,-0.01667605807426549,-0.012674875427173007,0.11249583611642247,0.04671386757647505,0.015786092544510265,0.025417622061511727,-0.08318271098374205,-0.04803619853238048,-0.09272655312116898,0.0348453202815305,-0.24000670285696146,-0.01069442623880683,0.13250900908620739,-0.062345607989917055,-0.012367399094545064,0.0006039880327277631,0.11731528941035146,0.056543621715925765,-0.1324285201413326,-0.014490965785508717,0.3712121837038108,-0.15470956577636094,-0.2200141112371805,0.03250722908972492,-0.02340912215848238,-0.024111118524410315,0.005762215555493198,0.029089053396192294,0.012100822453767247,0.016267446153775827,0.05544808134762967,-0.14994032959278822,-0.10943851879644372,0.05730316498237863,-0.05667145458965797,-0.005252841516736096,-0.0012825025690834933,-0.005483112159016566,-0.03684834996856595,-0.06365759220422466,0.08772996063042392,0.12086511031120616,-0.06737933808564311,-0.04632144174067603,-0.023942982116568676,-0.040280258512540176,0.0035231359641180854,0.04784199454933081,0.23210655961759066,0.4994432040843096
2002-10-11,-0.0771286500120967,-0.05693861557492988,-0.04408667388470051,0.11752019082706555,-0.004731661353377889,0.08236467980302617,0.012021829065017624,0.38502508940057273,0.05193663763056386,-0.18110935720546933,0.030127890027218707,-0.022507809475067482,-0.13168176209631197,-0.09252599583893832,-0.046151107655450364,-0.23304052265048433,0.007020105722968293,0.07648873872028451,0.02538398384006099,-0.26695680797602106,-0.014048090137984252,0.030532548084229994,0.03250738975955671,-0.053221920625230096,-0.038049202452100056,-0.23756049299584542,-0.00950451968124346,-0.06896982909564939,-0.0015243932299502524,0.13762955661795195,-0.1247418892222292,0.016372271489615668,0.05992495089913918,0.058265354644262426,-0.0012553548666201235,0.2277944776280387,-0.04036369414051292,0.074069684569704,-0.17770363861253838,-0.14068087979693714,0.09160318236242707,-0.05184505019081997,-0.4724076535658533,-0.03873334167710584,-0.07287500757713003,-0.06489526620525052,0.0028495219277934352,-0.11611945803593315,-0.07036258800052639,0.24036713758007056,0.0042363132509926444,0.130040107691677,0.05694123438507454,0.14791730988670065,0.036722151892546455,-0.015302406497579123,-0.13676254975173108,0.11669124765654472,-0.028348418779166714,-0.08951831883694505,-0.20545394721451118,0.0074476786823773344,0.2847763685706534,-0.1048588251339371,-0.0164075919186961,0.023802387352675935,0.20522232477314792,0.03854005571819745,-0.0065823496000488,0.009893029597004341,0.5847369342729507,-0.18826498149294077,-0.23017787760521013,0.13172145840532437,-0.0769182047646848,-0.04533015481683137,0.08397311620527911,0.035253249419092386,0.03804949518946398,-0.07723412000122833,0.008383307075743527,-0.14125686065523943,0.01917914654043026,-0.042759697597896135,0.00375017251055565,-0.15997409298514484,-0.031395094291190424,0.06507885281093663,0.1250571233368705,-0.1094807104808388,0.09741529859819907,0.01812550644256792,0.04834081215692449,-0.08692026872851794,0.22519133981826078,-0.007166661054369357,-0.059341082710424736,0.049398668544745325,0.26147976548114465,0.10367763162413639
2002-10-14,0.0024715525540822533,-0.12145480521724264,-0.06796079568329833,0.059224503068706524,0.15079492219523058,0.037840619630961685,0.07471694972983131,0.4778634435944439,0.07912410196275031,-0.2242863084631949,0.01967221107890049,-0.0096847461777148,-0.06136708970626644,0.023978758357209307,-0.13506562860633295,-0.32145041062555857,0.05797531246591476,0.08667831122584777,0.13312288509019124,-0.16116478489656763,-0.17169652381703132,0.013244918187106382,0.18164791490595306,0.007254317892607787,0.08329308688369794,-0.27794776096743057,0.00845097585468332,-0.12896736773171028,-0.12099577853026752,0.11445359428775978,-0.16356177146158973,0.06160608762127434,0.05930424321156539,-0.0036628821896342633,-0.023126642304796233,0.19295344080759175,-0.07858990674829623,-0.004021685981801294,-0.12629826358126198,-0.316505457025232,-0.1481776889295127,-0.18188545971721018,-0.4587856954673064,0.022760669568133822,-0.04275802157619508,-0.049850081638803806,0.004276366978458278,-0.0738585836968793,-0.018204345369998806,0.16680987478028633,0.019618910178785077,0.1640745982709563,-0.03406760783734355,0.0785158981858297,0.042637315595311344,0.029387165861768372,-0.009059314055926611,0.1065834685952674,0.08208011419374125,-0.0745767931400441,-0.0808847173993235,0.1945172460430825,0.2250674045284496,-0.07878834782037823,-0.07018446552858955,0.012160658117073049,0.004393259897160428,0.22686178548305347,0.039099490619451165,0.01501945946948203,0.5135049166305315,-0.1550650982621623,-0.26471187119841827,0.034083196907627934,-0.03666296688535725,0.0026087651870148796,0.09410710224584054,-0.06377120849802669,0.08289690551695054,-0.17195632569149344,-0.06535707913852111,-0.04480470456186003,0.1307728939096083,-0.12388044144012542,-0.11163072774745045,-0.2694633389067151,0.12701650300768486,0.09281944044104334,0.10662205176396225,-0.07940234489217479,0.10577575318478243,0.11355534270016221,0.04161757879125257,0.009287505521732098,0.12181206992728205,-0.00867819009251448,-0.036805290747622746,0.08105827359787755,0.2614797554252388,0.185141713470413
2002-10-15,0.030281629281301917,-0.21602524835033163,-0.06933011420001878,0.10686195918672389,0.0281491139256574,0.14870335007006383,0.057708753267734995,-0.3728261942782673,0.06841581057935146,-0.013589707657779814,0.08843614723801636,0.027862135298155153,-0.07171021421437844,0.09396665806951536,-0.21430481330999934,0.407310864635864,0.10769569996245716,-0.010192316420895707,-0.0819973464535943,-0.10353282461828332,-0.11606360220939647,-0.05711204035458339,0.13764812300407078,0.1266502545927607,0.07585539780393259,-0.20495796665816793,-0.046691818685851184,-0.048824175233924925,-0.31035208302822453,0.191276136903445,-0.1279953402618382,0.056226397013003464,0.10019095445706469,-0.00329258452261529,-0.023126647417842018,0.1849159361162005,-0.3410628235522295,-0.0154819157215462,0.13133023458185117,-0.33705405438348046,-0.12152633094670931,-0.013146987950674314,-0.22864065121589913,0.28952707035187913,0.16929094340831546,-0.12457088925580359,0.025938903910522552,-0.10555713039894961,-0.0899237191228298,0.1026660337839282,0.0038896107793954583,0.028764564136917335,-0.07022259195226466,0.03271476375276308,0.0225877480884528,-0.1329895787153036,-0.05307742233402303,-0.06677141455174564,0.1645128661569639,-0.010501691196002588,-0.14378453405351252,0.23064633345105828,0.15485633379822272,0.04681731824488537,-0.12619295189284369,0.012160654633983803,0.03608979772250556,0.014997184447138613,-0.09611937848127877,0.03802706374785578,0.5491714855105618,-0.18079530287017076,-0.30256413948124294,0.056958345282281234,0.01865536384116012,-0.029880907975435623,0.11984075214632244,0.04533430853201627,0.023950047380803818,-0.09035929937920337,-0.04500270768190383,-0.09064338988034118,0.13007081945837964,-0.04366673270752566,-0.04777737036361595,-0.18211613352398637,0.14922198017656957,0.11094039411768765,0.2036936644214798,-0.08627140040944793,0.08669101848772055,0.04814880086217791,0.05783299358999135,0.047088655482897555,0.007258434905295586,0.031253082781500144,0.10260509610617895,-0.04531432808611234,0.18424612103087534,0.30513694679380465
2002-10-16,0.0955253901743457,-0.2613772914526975,-0.07392008887687243,0.06943896448828557,-0.034808383138041736,0.12457914943009576,-0.009619638243199611,0.04385038978936137,0.026142099847612763,-0.047246570209161315,-0.1332923026448326,-0.036131153034508985,-0.038305811849127534,0.08565361249070651,-0.09385538132160576,-0.09470821476295645,-0.09502525732208851,0.19781164103607393,-0.14373462669311643,-0.012913989405898569,-0.19811863018556727,-0.10642350635674298,0.15643100892152526,0.013233495844131263,0.15116542337223354,-0.396934484298784,-0.029880201385474873,-0.005760349183718756,-0.2049164047835571,0.20849595677172245,0.22466540276148053,0.025792166370463818,0.08975299936099651,-0.10205230747502814,-0.09120742699806525,0.24039307467720503,-0.15289307637229155,-0.1359650108399811,0.007367013877961812,-0.34685057457176194,-0.15507192259424996,0.03488118728461239,-0.12706662618580075,0.19946262717250016,0.1404944981560827,-0.15991082397524636,0.06580485248765094,-0.15533272745151588,-0.031164561483833494,0.23523394715436063,-0.12714790328159462,0.011980936566215471,-0.09552481314551511,0.114411063522832,0.05782756419009917,0.028955492834570853,0.20584165937156804,-0.09657716279822653,0.14948542171342108,0.0428582111787641,0.10160397873894353,0.14220350779600976,0.11112283078249129,-0.07683031355077781,-0.21727614496612063,0.06043043424403575,0.07663752082859322,0.11663868060728132,-0.09611937851162619,0.07895611670055921,-0.13756726923723087,0.03755043304535035,-0.16811729756493224,0.009127014091604109,0.11494523446834085,-0.017262102550867606,0.12770181906663944,0.032689019904687304,0.05679106098488545,0.15900734338670536,0.03370103799299032,-0.379585917638438,0.05899330528108904,-0.17419509609033765,-0.16802809217599948,-0.2015153367615667,0.024434728246743007,0.1521631684473991,0.18600959910903098,0.08194861878528069,0.14740370436597175,0.017960761335573578,0.046677658220831565,0.04852666121953234,-0.02367700038067862,-0.010938438371555979,0.12660903478909286,0.0033589666081745343,0.07328467799318589,0.5073895820647003
2002-10-17,0.06293752288425135,-0.147918195384573,-0.07178675280407357,0.06461659196060003,-0.091311364032255,0.042298768911860324,-0.18208729502593415,0.14409486438030084,-0.13145748145796832,0.09502441316129814,-0.08865510922376278,-0.017655597435504097,0.03118574864951941,0.2558281110264608,-0.08445588288326122,-0.068166888061024,-0.12278234268557842,0.4192909137115159,-0.10331607625243322,-0.1491260759368749,-0.165645662474502,-0.03269186121547388,0.19119947370573973,-0.08325028818851679,0.26163362541707536,-0.3785812528053753,-0.02764452838666176,0.016931977027907028,-0.19240304588472235,0.15364494110460192,-0.0427907472246575,-0.02170708165049765,0.07615519203784539,-0.12758729019295673,-0.03911471143853289,-0.004473975733450292,0.007784910654883802,-0.13795177393468627,-0.029794934890741486,-0.02805180776187545,-0.05749437946695552,-0.015588615814913985,-0.026987380004697248,-0.007330689477002332,0.11572047875902043,-0.14950162901760533,-0.005021201650227176,-0.05913350897755252,-0.08203851793149469,0.193871846181709,-0.06203230263952943,0.07019574724773289,-0.1136230451255531,0.11978362179809741,0.0883903104054992,-0.0486738412523256,0.12934487815465226,-0.3050504532529482,0.06032654602835522,0.01124383782167821,0.09330136645157536,0.1420836289736075,0.050930812790669064,0.05289638137815269,-0.17643031765928127,0.01237495270383873,0.14128892679424387,0.042677828954422424,-0.010801945555064406,0.009086554056299132,-0.206833549582507,-0.03399403422852222,-0.18568775849483676,0.09966214822677125,0.031351150521270486,-0.004517281789505749,0.021384264631203874,-0.02900371047485552,0.09749021429864399,0.1396797956762447,-0.07269770778219077,-0.011972578953363221,0.13684125691726146,-0.10609918685591664,-0.2246833344922754,-0.10925861993453798,0.06382445029988518,0.09948490346419947,-0.03443901372526183,0.023340533721356038,0.02727971084391575,0.06237785564398661,-0.10622622656757168,0.0608405551686873,0.02122310856941347,-0.013930006759809866,0.14698691371129902,0.16183488283738173,-0.0028945219011927066,0.4925708560740248
2002-10-18,0.12871365743326468,0.23500793250021584,-0.011944056219484632,-0.03472428980418798,-0.03246576668461107,0.11968369921825889,-0.09547949895004328,0.18910120619972917,-0.06663848045529815,0.07519107042667365,0.04957441310948106,0.003909434009879092,-0.04679781345883818,0.12047042973535756,-0.1026073859395835,-0.14882274150605332,-0.12189049631109501,0.5391905444262813,-0.06929941012175532,-0.17464530484037274,-0.19579233815755478,-0.03269186893218038,0.1443434456007736,-0.20893853632731926,0.3619026421278769,-0.412096810791714,-0.2168960386726491,-0.03233159486810954,-0.1555507596908503,0.13860782452843565,-0.04170242790243641,0.0029867990658152006,0.1621001126708373,0.09615547724135912,-0.048309510514705514,-0.38380680645295623,0.010593802237536818,0.06873896087126677,0.13530008534427532,-0.022405314471048245,0.027926231651269822,-0.09221458034614466,-0.15189472471008808,0.09739481097576301,0.1400633037039472,-0.020768272923744998,-0.11714615433312074,0.2604817930428762,-0.12986996512780613,0.30377367060194754,-0.10613739226935184,-0.09313197447285596,-0.15305948999497668,0.05062646071699912,0.03826697555030092,0.07168960147983586,0.2713942574722815,-0.29564182500773917,0.035653523238270646,0.15836020813256507,-0.07100373295735256,0.17556480457253493,0.37395387214548415,-0.49088023949910087,-0.31149312222776293,-0.024690816087363586,0.00902276645404156,-0.11254660414643584,0.41575956099883316,-0.01241218543110197,0.05766543609903344,0.0017664479092293847,0.04694190352522868,-0.043743924629654804,0.09707322510079887,-0.24095767387081626,-0.006287871241928618,0.028595142025203572,0.009901329313785734,0.07650057752256331,0.19335108393399336,-0.12266593792106831,0.05929583202429491,-0.17329467664024684,-0.2526362242037233,0.09338631896898113,0.008442313841503455,-0.026263120426055754,0.05811242571546342,0.12499438275622168,0.10543498012092317,-0.0138010166365941,-0.18165784194699253,0.07195279147372081,0.16684059151233663,-0.06027171369266309,0.20528062558617075,0.019477654018180125,-0.04490468619932448,0.1966142737814365
2002-10-21,0.08704630988642233,-0.07638527426738566,-0.012134280326187956,0.13676687480231875,0.007307089074088862,0.0804030951179712,-0.2194703695758315,-0.21060685034071785,0.017490414927446952,0.008789307055337195,-0.2076373395895815,-0.17522502718893218,-0.10097431886354062,0.17511988548205162,0.05970812658956877,0.1525687877061711,-0.11580801527149946,0.2174216291253093,-0.008363297939366044,-0.2007343511708713,-0.30742919754592996,-0.07756089386332658,0.14341912601431722,-0.17114651047917462,0.3631367312810914,-0.32495602078094304,-0.03460431315990684,-0.03252893734602358,-0.008021482338190732,0.05663405874390125,0.06719441499425118,0.028276784035814816,0.008108636116761584,0.10784665526341677,-0.1799519010225603,-0.3270606478782989,0.004126716958732832,0.21406453960111266,0.12189842056756721,-0.026221938015561212,0.013015147879734738,-0.25174033123963824,-0.22330634274018077,-0.03669311501063833,-0.0576569638933815,-0.027366152223799164,0.08967511046686397,0.27758620244690674,-0.06894819341208434,0.2849278108125904,0.09700616211629656,-0.011766502282487762,-0.15305949217906045,0.06700947875576073,0.010077525088605743,-0.25421295043445663,0.46011302996580394,-0.2693905948948429,0.14795865233155905,0.1902066073528952,0.0053724658382441086,0.17556471918306804,0.2207462065941231,-0.21285649434846116,0.004352401373654958,-0.11514397886606734,0.07848448800326432,0.12154054205734793,0.20747353197075244,-0.0012038553197842427,0.19459578372219274,0.07974118752751277,-0.026704988665656234,-0.0749833275887491,0.010602076080349227,-0.07704335057693872,-0.04921059541637344,0.09540886979532506,-0.01506614482816247,-0.012111809815153798,0.2645053804048962,-0.1372007612388685,-0.011091764872441632,-0.16337016063090104,-0.2348512476085034,0.12259493269410988,0.007753552586105834,-0.05425655517167091,-0.11731693116178821,0.0999037925110846,0.07527406274151158,0.08109487220255238,-0.02961664780916452,-0.05265663254998682,0.02031724554722283,-0.02001671579503094,-0.0030680426483563647,0.01730087922704768,0.0518389606474045,0.20544829311252574
2002-10-22,0.22461722279906884,0.010874918880138756,-0.03784691921132293,0.024317905405399517,-0.08442267386417074,0.186430421503722,-0.19637642470713595,-0.38539799812643505,0.06747118368942759,0.21135306861827807,-0.12906619259275023,-0.11501639908964709,0.031884569097897025,0.17446564222181882,-0.10974213881097913,0.5132227416857468,0.08725353743002953,0.04643882174002245,-0.030150251463346465,0.10267280078191438,0.015612354759615999,0.06048358059233,0.09363296152183118,-0.2157067809872363,0.39834381955324183,-0.49159157290954725,-0.10263129497206429,-0.09759956813554985,0.03717616006848873,0.05663404982235501,0.03333304996426824,-0.036751055965903084,-0.07603364654169589,0.17436183690757412,-0.11348606706246694,-0.3270606557132882,0.09321184862629883,-0.06912490334587852,0.03893297058591291,0.03708879831378806,-0.11784270366822444,-0.1680659406274678,-0.29941154089005473,0.036590296798082664,-0.013818854618975713,-0.06900696202244308,0.14063539439908787,0.26459577003266693,0.006437573782688788,0.10746700996293813,0.10886040238550343,-0.22430558453071883,-0.17944809633990022,0.049761352340199315,0.0013240211474657626,0.12337136742367712,0.21246209403307417,-0.244553779184259,-0.09401506491190885,0.06740339914470923,0.021725491058823453,0.1309910700739173,0.20855233019204925,0.14079361552434314,-0.0021719795051526637,-0.044640825758958926,0.011802078549391951,-0.03593838900629803,0.24290937175309918,0.022839633754117017,0.252974201421434,-0.12237764939154411,-0.01585325364490583,0.04245394053159361,0.010602072322003924,-0.12708744332651362,0.05461731066801818,0.16351541414447845,-0.005182927605215344,-0.19248032760973086,0.01214503887212473,-0.028029643534531513,0.21508191164833726,-0.17800094577633135,-0.06590051123629727,-0.05290428488996671,-0.20260896365905673,0.009486132953712681,-0.1285545019201459,0.012509393113928425,-0.06324061801361221,-0.022628052268011914,-0.06821418663404506,-0.24210951326915603,-0.021879296625796345,-0.04444344985148524,0.2093872173064996,-0.062162787461341205,0.22674149603375438,0.2922669936279189
2002-10-23,0.16991273820938507,0.022751862599040603,-0.04344774487236404,-0.0592874482148695,-0.08879556234506364,-0.005136153657272543,-0.07172808692675271,-0.1527427965068292,-0.03818962889528848,0.10364244307402974,-0.20304499849253416,0.046797244093878074,0.04002156201470353,0.06830292456053894,-0.10974214022611303,0.057020248009418545,-0.037316001437906816,-0.09221098182207248,-0.051000283280105,0.14303903248138025,0.27791318642072255,0.22840252037797848,0.005429092824757201,-0.2810017313219836,0.1156113603268358,-0.17065615706379422,-0.15270467538263008,-0.10813194899392785,0.12869483496662754,0.07430775506846758,-0.028898368543753064,-0.02844019928351812,-0.14397329148131896,0.2321935321040628,-0.1112478891285287,-0.1861475359358899,-0.015140261706026547,-0.06912491278108002,-0.1529910380330929,0.18804093374419628,0.21261818936749524,-0.07889737854101003,-0.016927375375324048,0.10960879737545903,0.0354246187606116,0.01030685092707258,0.06479474148177194,0.005054675579877521,-0.03729600179045054,0.13171318643027147,0.04224948212037599,-0.18174012440136184,-0.31384156639694,0.07359417478741513,0.014376175189089315,0.04624051705136549,0.2765253543506406,-0.27179870174680154,-0.1140481367021661,0.272737695079233,-0.07912048606478052,0.03720974660360621,0.2446408580704284,-0.19283815098228183,-0.08040138955736496,0.050147547222410535,-0.06025177656693344,0.18810522310499508,0.21281683910841143,-0.11890256311274737,0.019785165374964494,0.00249325242744536,0.005727926454647646,-0.08457852305464947,0.1024784660558067,-0.08087734763240022,-0.0926843778468081,0.28048812029943415,-0.07229416338511409,-0.07808413024079343,0.11610606222575937,-0.10115604032567622,0.009511771641032524,-0.13492640937526654,-0.09634427741083375,-0.05094508656859354,0.001981625497790883,-0.02845082854461595,0.13918060063614607,0.07614309460672482,0.009256699686487029,0.10738180336826254,-0.15267691351141616,-0.15432352812499267,-0.1179098283571097,-0.21172475161225013,0.2074141375013493,-0.09235082575321862,0.6818219788913289,0.16598824874198775
2002-10-24,0.18061928818737513,0.09898208618806185,-0.02551313204320268,0.09204663019290964,0.20977047578075406,-0.09374899592647382,-0.1743798255534651,-0.0821377483657474,-0.1196714333466523,-0.07978919755015931,0.03203157501353101,-0.13805359986426696,-0.0787587918324168,-0.09380848983423189,-0.2489457615267985,0.2953924279605894,-0.0625460584794333,0.09562721958644226,-0.17835827367863996,0.26703413493785455,0.2984488227391555,0.09536967576826386,0.09478018571118127,-0.10954337838874266,0.12351877130616443,-0.1624607043009677,-0.03811931555892213,-0.062430576462001355,0.04981092978976312,0.03914180165765573,-0.03612215849599911,-0.018325242531091992,0.027840737189419762,-0.006141058212191707,-0.07699633373172243,-0.0178444432001789,-0.03665421095036488,0.08581721233591144,0.3848671365173195,0.1853679853858761,0.1462658157155378,-0.13612072316306995,-0.2354909910750901,0.13365892600057303,0.07803122959457445,-0.009971600977869711,0.1493935557253297,-0.04774192450144667,-0.053258268285235326,0.055254873495393986,-0.045721261683176626,-0.0878248126309052,-0.27930627110560574,0.21638423492555478,-0.02945858791915436,-0.009750930593439913,0.30404662791512943,-0.36013288568414953,-0.06343866835565305,0.23604565408894257,-0.36956327131742717,0.26672984741484607,0.264098281739232,-0.19283816286710817,-0.11154321042416512,0.03595734283351897,-0.09060335676980541,0.15406620603405868,-0.015179487294592082,-0.10774393765817646,-0.13962532738116823,0.048082958000570115,0.1233343338778304,-0.24617147505571974,0.08535485949060861,-0.22501310359795182,-0.1827755408318286,0.15137286499609884,-0.06158401832570348,-0.10730946632273052,0.29399521330495865,0.044871903168855164,-0.1398867415214809,-0.13965372892549535,-0.04635123281883852,0.03264363195880134,-0.031322473661621025,0.07300939635702328,-0.015652647802112115,0.3326966777518019,-0.022914194446308895,0.03197258360769149,-0.18549737995801593,-0.10287053757636919,-0.22185751777582122,-0.11288135999904263,0.21000462429198255,-0.010235007473699894,0.2585201145228116,0.10893031370722506
2002-10-25,0.09353065343250906,0.15380877881191082,-0.020598202243588416,-0.0626763418172237,-0.05777466664428541,-0.1434336482632036,0.1596174536503551,0.7038812598084441,0.11610690035309977,-0.020355675076864855,-0.04062663646016068,-0.04596178821117963,-0.01302021421756434,-0.014574421166439519,-0.2352537577503714,-0.6772349239910338,-0.18561324615351382,0.1343662586458082,-0.06455865658898371,0.025990238017569684,0.07491680866886019,0.11714186652836946,-0.003739605808324705,-0.33000637992496634,0.1284060715510945,-0.1148900975491093,0.02245087498358284,-0.1274966503375314,0.028319396365040408,-0.04419146439412343,0.044986758344000184,0.043489356586287574,-0.010260831712248349,0.07865133630853452,-0.008873205986426507,-0.01784446731831831,-0.08199846042384645,0.02090356336214901,0.3516409365534572,0.050393489660739754,0.17976989388018874,0.11724406273556563,-0.35299559968832617,0.1113202669791295,0.040078269976144866,0.09347637211890897,0.17933589470217082,-0.05389885530534105,-0.09654817231770992,0.2178716679630456,0.011291921095047884,-0.09129688557287226,-0.24474463587124723,0.0927686855448536,-0.0775119856675967,-0.07957967999055053,0.10914047858347964,-0.174594269937056,-0.1364498496157245,-0.11593952960280937,-0.32338346761472325,0.14629314626956264,0.2127737399116072,-0.2609637828861912,-0.10393596942275647,0.2579454241691458,-0.007638835289609585,0.1410488572858435,0.20969087722576468,0.00970293221279474,-0.13008950217583995,-0.018310783567300665,0.18945578246096936,-0.37152293681332066,0.0263445598272705,-0.2919473974389486,0.0063989769585596915,0.0795127462813634,-0.19613215361988232,-0.18300990884142312,0.2468923468394044,-0.07677978670130277,-0.0006038412367756848,-0.1488193642926309,0.04498570447952694,0.09129014246890016,-0.02285799222831282,0.01597215214942362,0.07049220556994747,0.4686283637002948,0.037642535844611386,-0.24854314191724572,-0.18549738523101753,-0.0033468509623059677,-0.0687051978868449,-0.07528141809067837,0.23476575056808943,0.05033188744206962,0.37245187821686065,0.1270009614929876
2002-10-28,-0.0727965999442086,-0.10771887023178195,0.030710990881155777,0.035729662145871616,0.03482230416811997,0.039240711375844395,0.11218932045467807,-0.3891504490399225,0.05633034547987661,-0.0030812995855430693,-0.09499210157816561,-0.17189596531406634,-0.038730824744097475,0.015925830024042274,-0.08003000786199849,0.3437614660053327,-0.13889236598622903,0.11756251909256085,-0.12175675879520936,0.10177404305608458,-0.07009497404918105,0.062434108739680964,-0.008293977423934984,-0.22321179804559177,-0.03980718583673887,0.16715665359201726,0.0494092458815966,-0.021677945061162517,0.012078221440938215,-0.02147234390981037,0.015333618102314085,0.027291958109947306,-0.0526003467176548,0.02334549327180023,0.1605931829481036,-0.059834004266303836,-0.10276950276678994,0.046919935260707674,0.2467694718730105,0.07599491656291398,0.12113874980666252,0.16140680783162598,-0.28732042197640045,0.07601692136694599,0.16231157706115665,-0.0033704814946834195,0.16838279845691406,-0.13918904694095516,-0.028275209754514547,-0.02257712966374236,-0.010893478158887002,-0.0016750239757661986,-0.3080068535151158,-0.004015912578819041,-0.10383204432665483,-0.05225869328230322,-0.2178718195075116,-0.11567122238532151,-0.2046221866962458,-0.044837379215277286,-0.17459123515581082,0.10744263907393575,0.5084096016868649,0.012104838427823816,-0.08913223365652813,0.14907417111686833,-0.24927014340861078,-0.0787936797089182,0.16609870154636913,0.02039013195052449,0.015435664543500826,0.04627756757773804,0.13001624364238426,-0.17928603979367616,0.2018088351108222,-0.253241194684972,0.051987418691183146,0.06741255523927565,-0.20611398448887738,0.029713896019116087,0.05349980226716137,0.09006245412840067,-0.0168291513991209,-0.08381902668564936,-0.05625917546489381,-0.002216478342514818,-0.09148224533371871,-0.15276457902405055,-0.11245882831623336,0.22844890376996715,0.08911099766066538,-0.22647805238778518,0.07471492629448578,0.1008981746776786,0.2656200752262577,-0.18734300004563778,0.0990006200320341,-0.08183117557085404,0.19235839067750862,-0.08761968145708163
2002-10-29,-0.06903117616048421,-0.032329127235660234,0.0001256668089434777,-0.07266844396629839,0.25370207163090747,-0.01855799063293266,0.09468831565043329,0.5690645600838428,0.01383330826716137,0.14724659964474934,-0.16570859130168716,-0.2619454828637943,0.0642156681710524,0.015927916053833212,-0.134991114883048,-0.3907163352426788,-0.19845078568950233,0.15935782747147922,-0.1637704372727864,-0.10314246161333979,-0.012808047978689688,-0.13774241670214982,0.21006514599498946,-0.12973323361590713,0.08157041876602873,0.11212034104832558,0.06896062369718951,-0.009306119275894078,0.060269872628553225,0.11179698620513488,0.1279274687046141,0.04624243536949728,-0.0157699625369394,-0.0012221644058658053,0.12378318104347664,-0.1292453534389,-0.07323760986719664,0.01252679178419897,0.14246572383881348,0.021067094225832503,-0.06635796190270286,-0.01991404328514727,-0.1814174740415641,-0.005579803659379283,0.12831521090698153,-0.03146592744190474,-0.037998133129701864,-0.19607880570891056,-0.0004485889645248838,-0.017582676742948784,0.05468363805276587,-0.21136337475771133,-0.07187070015365112,0.02753520210283483,-0.07883237401819557,0.06313658367125145,-0.05036135585139275,0.06017343033259664,-0.23356335553795676,0.17599094744016458,-0.14460337704916573,0.1059334346009146,0.3626822170225943,-0.1192693046620365,-0.05335084187191336,0.110250088453646,-0.24851907167319567,-0.16133798147292577,0.031127326933146324,-0.015699199384471087,-0.029314466581879486,0.18072159940577956,-0.06950604041083235,-0.1916113857154525,0.03356410214904199,-0.1421313102412802,0.0754976460720015,0.019023449977852082,-0.05024809494262314,0.005787220812657188,0.022979410727731325,0.22774787162170718,-0.04413816398677642,-0.1632202408742135,-0.18110021341339533,-0.14573720465550463,-0.04849093217200589,0.062050310193401986,0.03287975634811762,0.23638896993157704,0.03549766186212469,-0.08741309310551748,0.09119848444401488,0.1202297722422232,0.17254806563624417,-0.02006606994713822,-0.06579009557980836,-0.006541567746309304,0.2845556182563542,-0.10033403789330651
2002-10-30,-0.038700729452374315,-0.1597667804455932,0.019533484662521167,0.10364276432190221,0.21982937178497966,-0.13887538510318737,-0.027404033152238532,0.569064548319533,-0.06425401489872799,0.11573534341266817,-0.019311090676052613,-0.1376563492712836,0.14854884814308617,0.04835415992124603,-0.27979920840546746,-0.36295892024830134,-0.03642657927564846,-0.06896010923345222,-0.1692224156075285,0.09478565984624793,0.04375819917085096,0.08809324635045354,0.17316982173295778,-0.05186667371721317,0.03827978956539334,-0.03394692171635303,0.026817051862235,-0.05705450653297399,0.05761719271918071,0.0507083234398615,0.11009711846600749,0.04505999829453158,-0.046180146861517495,0.032821064501238686,0.045540378327175716,-0.06477581069975948,-0.06024344444903415,0.05498543465349376,0.14915131748232435,0.02072070002432552,-0.08225710797771782,-0.15857912894015408,-0.22959919326995892,0.026717760463256215,0.1345718034564113,-0.003269869923145483,-0.17159129375980273,-0.19832034334145374,0.03288869591903746,0.08784611651303885,0.026638166696137174,-0.0609957940765501,0.0966249023601355,0.03655448693420098,-0.10773268248608879,0.020491945845824987,0.1538897692384049,-0.008973755416736746,-0.08117597447837295,0.20184423534375875,0.012706781701463835,0.2210671223199235,0.2979985521924119,-0.0629174799544561,-0.09372541878626434,0.04020263205341231,-0.25879567550825483,-0.14767290679522282,0.08022247102483201,-0.015877682798090743,-0.012192195007831908,0.17325453860385526,-0.004109393095683282,-0.1417477846762861,-0.07439770170452253,-0.08738591417432834,-0.08874472866024194,0.009941465861483149,-0.00103537459474759,0.003293303718757862,-0.010232038763308126,0.13106706997588832,-0.04222366113783191,-0.1983157408201023,-0.07151001406306472,0.17276748058133204,0.14531843832095337,-0.37191964857260335,-0.3526236672202517,0.19827236383506464,-0.03922968183697398,0.015097265630034662,0.06336651693043875,0.048836349639073656,0.10057251730310113,0.07262542307007894,-0.06233915604652717,0.09201359647748564,0.16624573026140677,-0.1232112317907054
2002-10-31,-0.11027483105726162,-0.1414713529592956,0.018734895489304827,0.08496497779979387,0.08841901674631424,0.21038729414075968,-0.019764703486201365,-0.1752447097555361,-0.11283675761754254,0.10633536215974555,-0.16657962187200073,-0.07964845141090043,0.11928431090336451,0.05719767027011267,-0.14507786508345305,0.26749900158289663,0.02728647183218631,0.05670410062870088,-0.2910279345013728,0.23906135168035564,-0.07317358852858288,0.07970681174504801,0.131938904258453,-0.1196668591908912,0.06504246014449441,-0.030979046977576273,0.039694058920420966,-0.07909434164155865,0.14458212547382318,-0.06136200440881605,0.11009710442852745,0.018263928626999028,0.11755177476335878,0.03506428033733136,0.1329163917969226,-0.1411561469582017,0.0008790514802422634,-0.08852938044353262,0.0924670165882336,0.13963704612272296,-0.06402772283970395,-0.11556891865012854,0.042477426628018525,0.20049633827876526,-0.01679370569817581,-0.05966279267872543,-0.14318753787006572,-0.15384305933379155,0.0429085701422471,0.1825148132800741,-0.08944771962770343,0.10019482160570636,0.13756984891303875,0.0016837255124183524,-0.09158491298894146,0.11969048583178064,0.03369627921489907,-0.011049068008156256,-0.009749110608708377,0.12578733378691126,-0.09972368896402772,0.18493143291799324,0.3003856084456554,-0.056607116162781246,-0.084169858796947,0.1143814695996791,-0.21249334959382923,-0.1644703345605567,0.03206606772713891,-0.005970053060660584,-0.0802196724758419,0.03504910694889073,-0.08461034443044772,-0.10555390873304761,-0.03727854267120063,-0.14391849948148225,-0.010796388718549299,-0.01966781391201944,0.06683442098113349,-0.08485020504106129,-0.020486941342735383,-0.1271337354125411,-0.2525049031393924,-0.32099943150041244,-0.10542799265598088,0.1578155768435571,0.06299488506124247,-0.27307250395181415,-0.20794761229930928,0.3902736943223009,-0.10519143350539702,0.06909302763122063,0.03839440825434774,0.04883634888167067,0.036748451554627026,-0.047875793328125,0.11010167866674922,0.06731887774130224,0.06252030830867372,-0.027972908921099864
2002-11-01,-0.09296267445905333,-0.11386156939362925,-0.005503680250901813,0.1135031749529532,0.18855803007134636,0.26670457317110957,-0.0263114952977655,0.42080470501173894,-0.1643275798206822,-0.1396822072252867,-0.14878095039876016,0.06790769371804735,0.046768191483887084,-0.06389576972122533,-0.047573078452467485,-0.48146778027178766,0.003352549837304388,0.08027149704013906,-0.2309496178204687,0.5592267442034368,-0.03587596862776745,0.03725970116048548,-0.023988584454797547,-0.036372362044863764,0.10388736532689022,-0.10615916749643274,-0.038551399976592175,-0.053652926771535124,0.06288571491274135,-0.12498659487517373,0.20006240287467533,-0.006189869655027851,0.27486331134719477,0.07380275160429053,0.09099923564948882,-0.14115615385559274,0.024973832748069923,-0.05869194733038943,0.09482150369140832,0.09183287823120029,0.05538622170595382,-0.09785260988519096,-0.05065984776335752,0.05407592505163015,-0.11097322580740891,-0.13152188591607594,-0.1443907137265272,-0.2944889430897021,0.04483549887951901,0.17658725400637307,-0.05917506423888543,0.1087907501541826,0.19168363906023092,0.08976675715563491,-0.07102943945489593,-0.01344976658039269,0.009086836029341079,0.048480003532089935,0.036588443176058985,0.015604276207369898,-0.2845976111066814,0.21156767350484504,0.19447050116270584,-0.07106717421140457,-0.1706042820359171,0.18337922758756786,-0.11697146522231346,-0.1940012810107923,0.005256633759330475,-0.09252406642915714,-0.10032740608534395,-0.044774598987596934,0.0414953727067127,0.24358981041320948,-0.11170715006604824,0.006058250680284566,-0.002311211330251854,0.1133396905833916,0.0957259938898753,0.1313232380076863,0.04014421965177102,0.18732132447951946,-0.10740423342058043,-0.407716668443537,0.013525604177176295,-0.00015689178563051774,0.10791011357951666,-0.3030389447275695,-0.17372553932626703,0.004738800424021495,-0.022602432021824024,0.011531946207224291,0.03175207110197823,-0.12065743778635422,0.036749429661291286,0.03343057962344088,0.21693974181254772,0.07805490958859149,0.0192637629462207,-0.036140033315785774
2002-11-04,-0.012255048899598279,-0.01028334916244657,0.0029825865977437653,0.16189514250412382,0.16996382165280882,0.11702552089870509,-0.0010340359940645748,0.11933784506902732,-0.032225955717675836,-0.1957592701018281,-0.1074788905282254,-0.003928335766124227,-0.0008517159940322087,-0.11315088823625617,0.037772600525083265,-0.05850088139383262,0.04477512210287402,0.12924786717572706,-0.13248688490065702,0.39196986245766124,0.01707165910267156,-0.07232930195377897,0.020854485196137074,-0.18151077908718596,0.07201240684229036,-0.03714203301733307,0.015654616765714252,-0.010074244689018413,0.11624111401091604,-0.09446134701490214,0.11655058070397249,-0.04400462677093668,0.24511027489872197,0.09802897982735244,0.047282059451617266,-0.04359653833479163,0.041117340045914545,-0.06849044560377196,0.024940534113377173,0.06457560218595892,0.00025789103908274247,0.12677260761118048,-0.14265362617206523,0.04162473094586575,-0.07775262672576415,0.018743428414260025,-0.07961842565744383,-0.08782789900378114,0.030078063366454473,0.08473580190025871,-0.0770463573896004,-0.0344386804229082,0.004111520915285641,0.06890761058239907,-0.017570067923423173,-0.20329577728992126,-0.0015108719823433462,-0.05148669014854679,0.04713217018261968,-0.16419851549269268,-0.14949244013913812,0.16153917735827275,0.2963678642840111,-0.3151740081410454,0.10784608154355542,-0.0006589522431302295,-0.19825740654209634,0.19273487526731628,-0.09781687837906333,-0.036833274319960085,-0.07271288135160509,0.06670886775813466,0.09497923268977236,0.12074202750016146,-0.019370723121325466,-0.06767613060424704,0.010779434509849256,-9.367706594725676e-05,0.052816793362660035,0.12899044985729863,0.010501245316672252,0.09813965426223947,-0.08489516469843882,-0.3716774407274227,-0.041460229269534715,0.12804473434340577,0.03126270178964576,-0.03756640664814562,-0.009528158162170444,0.11142955875316757,-0.029374888110311106,-0.030304262912942904,0.02907877688487207,-0.03269910246031881,-0.09981453685347781,-0.0069495710356674125,0.028176635373320574,0.06727378040427497,0.015058975373398044,-0.01890526596194465
2002-11-05,-0.0007412777489379126,-0.17225017825308442,0.011921885066021433,0.09946015565727619,0.07889475111715134,0.15046961660573396,0.05006717522233007,0.11933783824838907,-0.13102498874159016,-0.01688664663546762,-0.09645544381849713,-0.11601427254176085,-0.13809512877102753,-0.014328178602476436,0.1079039226845113,-0.019743079968492127,0.25394962874427046,0.25576673615077017,-0.047877838420761654,0.3239691315642938,0.02310997231967347,0.013213631116416632,-0.04133989698248244,-0.20556374338776917,-0.06992049529374234,0.038771722131665,-0.029798923249665234,-0.06931701070465156,0.035992221497986455,-0.04133197377014223,0.022851429954758782,0.003695949612278452,0.1916873677871202,0.05448376966463177,0.017424994361259372,-0.13664329671004172,-0.08105811971276959,-0.021045075869948957,0.07136378228025037,0.0437132301952051,0.03855140347241465,0.03630802206632568,-0.007369646125372682,0.19280535718673256,0.24027874696441712,0.07258365580165439,-0.15487032517745325,0.0340404097550428,0.04281553685934174,0.16844425887405368,-0.052098865293144114,-0.06365989979806093,0.05168417952377505,-0.0717290507876783,0.004888043470173655,-0.029511493088185837,-0.20511719563153624,0.010524667260886935,0.07593309511090504,-0.13657196308627342,-0.14422423331042428,0.06306055571677256,0.4591814314138392,-0.3082470718817068,0.1325813337602482,-0.10883416508067079,-0.10731003309916888,-0.00890400477462358,-0.0684589269927721,0.019279832087372356,-0.027626972165527185,-0.09105618072497354,0.15217086427252915,-0.042148940532521446,-0.034092746348484554,-0.10598718548215293,0.036651976676300914,0.036167202223703114,0.06000087400167253,0.13976137826254337,-0.02467338702745666,-0.2578815964800021,-0.04952476882535796,-0.5274291011736612,-0.078097306032314,0.26645923811909744,-0.04915627583713804,0.002091186901833065,0.2712126091935532,0.27017756964507345,0.008556279752023882,-0.10100300896555935,-0.02720324035489091,0.08458606487724438,-0.011709924780543434,-0.028162530984710138,-0.0521408603109895,-0.03638822640604547,0.09374574838834002,-0.0622401662215705
2002-11-06,-0.02641158568645947,0.009348107056253314,0.050161338815987666,0.1924918969757601,0.013193229512002053,0.10750950129107324,-0.13782569000371706,0.04429808629695065,-0.04100490071278203,-0.12694260653069891,-0.07356604595025669,0.004335092981430586,-0.23005240116020026,0.021086225883295794,0.043687373359758766,0.11138336573725978,0.1473565808201096,0.1689040314800676,-0.060085192751812094,0.2706379640875204,0.023107751062073148,0.016664931927391564,-0.155446618013627,-0.19368614897797046,-0.11828105835699029,-0.08717411353875924,-0.01105018437738717,-0.04085337626837914,-0.0676000014737909,-0.011083749626166683,0.024186670752012703,-0.02095887388626044,0.09623373891547884,0.0574958604729856,0.026650066246611502,-0.10045733271099691,-0.02362597036067114,0.04193199867253884,0.17618018227374677,0.06906437906439504,0.09379456246160796,0.09164209898278726,0.10225887636880024,0.2638922293073932,0.11694817757815301,0.1462679110824905,-0.05476376841659208,-0.07249994617657347,0.04472290062918042,0.11055098074527724,-0.07730778260525539,0.006448561643193429,0.024007048137816456,-0.01674084103373892,-0.021695649904974593,0.0484506776864145,-0.18849092964482578,0.05320140813066315,-0.06137442858711236,-0.09186460988067763,-0.0657325262565398,-0.004463391116747731,0.3936007340869789,-0.24210792663993508,0.23305119087100304,-0.03393174768222714,-0.06316542199151742,-0.05197235105621551,-0.1335082575886005,-0.07512598582063068,-0.034354556914943865,-0.06156141342825436,0.19934979343571183,0.014248074829363822,-0.06757045043533971,-0.12299952343133858,-0.04941071616777612,0.03276327025119801,0.05027675751197357,0.13940571396765084,0.1061899181091634,-0.2566295360683765,-0.05665356637485023,-0.2775961913280155,-0.08873101813676627,0.08204249462011137,0.018330948092285703,-0.0748721606993617,0.1642318672244412,0.32381724200046375,0.0122305974564748,-0.02193511702646032,-0.010296096247848288,-0.04495893531624419,0.044081621968512404,-0.04032079194423235,-0.02369412474458983,-0.06754506933242195,0.036867967354658866,-0.052935023638809385
2002-11-07,-0.020134477514669066,-0.0002263272371159999,-0.0014564582477314715,0.14335441151839698,-0.005412245933337937,0.09282362603062487,-0.10422844282526764,-0.3676973633812892,-0.18727531427211339,-0.1868756775216465,-0.008376370689681797,-0.10832375224709065,-0.14075304169550484,-0.015089139534751357,0.0008773642827332961,0.5357666387635417,0.07541156189490698,0.24299406444066188,0.03453745883195913,0.15205498131881798,0.20608857598446925,-0.040785476328311185,-0.11564242490065435,0.23824761939246045,-0.04510406438685668,-0.12734355244570408,-0.0349539665130115,-0.016349806457280625,-0.24096021082071084,-0.07287210817939367,0.016073072916451443,0.033504665794983665,0.25964324384684917,-0.034408534395703655,0.09920252601037775,-0.1720938741400044,-0.09045087551914155,0.026747706467624265,0.05581619687159285,0.043408844993704176,0.18200192139013063,0.011807595408752416,0.06782118938303294,0.3215317603002757,-0.0213523351397639,0.11445525825568084,-0.0547637812279499,-0.08341260017518747,-0.007935742485564438,0.13974063335787423,-0.015241751180481893,-0.050018758131086465,-0.09179410082925006,-0.024962846881942228,0.040662304812828065,-0.15861535847774919,-0.24077407329091458,0.052199118465307906,0.04229087652610582,-0.0029044168016464115,-0.0077629507389582715,0.11981852690568588,0.4212504109040415,0.06363130446652754,0.05893391906315631,-0.1270386397371002,-0.07324656370337362,0.10552570855191988,0.020901590447258298,-0.10564459286610452,-0.22532379064801522,-0.14942384980153434,0.28499933304396335,-0.04849491926896503,-0.02434823079562465,-0.06399163306194793,-0.0965211291612797,0.0551934038683269,0.007134786417155734,0.2622299835394223,0.11846543715433373,-0.14669524491662592,-0.05665357374103689,-0.1998764500348151,-0.15501586160513792,-0.020096120480580723,-0.03500361268985809,-0.03241425654798787,0.25205745678177827,0.2308869068392465,0.03428406107868079,-0.06149336953481118,0.024802147324332377,-0.14223435422654424,0.08050565888539836,-0.07342149001004465,-0.04480207755111231,-0.021447123796342164,0.04245116565526575,-0.04510092745976018
2002-11-08,0.05931203839690159,-0.012065050257345708,-0.025524986864350726,0.09605474308235036,-0.02140185352504843,0.05980602421546675,-0.1632327567182978,-0.14992534226169796,-0.11137125629961851,0.018621569495711258,0.006800245987928683,-0.1394743564911228,-0.08758079111247423,-0.08003910546270461,0.06140346778843176,0.2044218357725503,0.09153859854209807,0.26212907043537836,-0.0026802447347405753,0.28575112682321363,0.27526615576322067,-0.12706911885127847,0.03719650167460581,0.19145561707154943,0.009694056733474976,-0.11762797357353272,-0.046660697514723064,-0.09056099833022471,-0.19445997754903757,-0.0377549573005858,-0.177262923359867,0.005896866510390273,0.1829346884263306,-0.021017002549879638,0.08685440029981584,-0.19529054046243136,-0.06376203585268564,0.012149530471934306,0.16686520246664527,-0.1099310124061987,0.1685416554567958,-0.05020266709161844,0.05695180954152803,0.24558225755822483,-0.006481876488060006,-0.012512671547638346,0.027953894077497612,0.03445580617004947,-0.06383184006229935,-0.006642929722326146,-0.002202437588221707,0.048372040943645,-0.12001642162914748,0.0591145616053589,0.018101286573738627,-0.07635183206296274,-0.03107882793725638,0.05219473077114725,0.04229148187787283,0.004206678373573537,-0.025029066021447628,0.23840964218969127,0.30165365642109343,0.17917156185400174,-0.029001484955107404,0.0461201157825093,-0.0736521252311192,-0.16582461885444771,0.0713624656162073,-0.04656299832374773,-0.236815344019537,0.06695491819096674,0.16747866642393094,-0.005284963061835009,-0.06430172699429344,-0.0871611514621916,-0.034763215658479465,0.03503722990858668,0.06367921551662473,0.03543168149637739,0.05487743354689081,-0.08544944412712292,0.015342988993616562,-0.2813197261156601,-0.09083625989522355,0.052421387992631,-0.16935958470959733,-0.04332337471583682,0.285203912408871,0.16158282751486078,0.006733251241666747,-0.03233693392434664,-0.03276423917083474,-0.049006368618970605,0.08050574564539989,-0.025452441137034296,0.03041952616542682,0.008063625849190575,-0.02390719705974849,-0.2795488468368207
2002-11-11,-0.008056068218122258,0.01842417806636775,-0.017726991342929443,-0.04755274435849452,-0.07062673393355197,-0.059594239130777035,-0.11482568569259204,-0.07504995440012298,-0.18286112162869522,-0.01741650906836436,0.05325789734843747,0.018022595712659694,-0.017123073987010212,-0.03315888215210073,-0.06442593750995104,-0.08246855151908498,0.11845726481941271,0.1626058567501343,-0.03964755626832429,0.36565079606435097,0.3240191552671545,-0.23686046966527985,-0.0013979988129266929,-0.06231980718117996,-0.13487568263093935,-0.18113992762589148,-0.017726521232332627,-0.05899988132184095,-0.1523267564310872,-0.08325737734032096,0.08982404663535294,0.03825796336915661,0.3254230518127529,-0.12634451563903917,0.222753959171388,0.0031074498569150836,-0.10927065508987854,-0.07843183816824174,-0.10138167075565298,0.054955670762657845,0.2084926237016279,-0.024785023042385033,0.1864796325500089,0.2485031511466125,0.06643183748579476,0.0023433348491355777,0.015364782842807229,0.0066560187416908655,0.06931738831977916,0.10166123067445515,0.008264517026320485,-0.05731627413676277,0.02798569530955669,0.018686603344884343,0.004576863789921053,-0.13531848706769944,-0.0918737068702481,-0.08146846179276886,-0.0017650792030295666,0.1523715277453704,0.044644596970806485,0.19762210563433505,0.19721860026924556,0.16959031615891768,-0.08448514723722152,-0.038875071308775544,-0.26594987864758163,-0.10887700917741452,0.08928739498698546,-0.1746501995791801,-0.49654951377070594,0.12330691109832129,0.2092542485145616,-0.14305026428726203,-0.12330298661452298,-0.023337347539444723,-0.10491098863802442,0.043995734273113075,0.05187177318906461,0.2742864461979219,0.13134928194043619,-0.06176991728053222,-0.10334050338942226,-0.2835146778279812,-0.1704000653854736,0.16081027894913025,-0.12248550232665821,-0.09626776688055734,0.22191904420973033,0.28555214837123555,-0.010958700720688445,-0.048349674912755825,-0.025957130570694806,-0.13791209568361038,-0.08925404473854319,0.005032679989260844,0.14416533342739574,0.11506063504423963,-0.1034457164983468,-0.013714407458259423
2002-11-12,-0.044896858695872364,-0.03300405124077632,-0.020464780620881598,-0.08005588805827651,-0.18901064985368693,-0.0595942523506123,-0.07221371366803468,-0.10620189225770375,-0.029659702896601647,0.028554014384738948,-0.07990418161672372,0.05739010189796466,-0.17802142311091396,-0.1345907710234544,0.09261618147549515,0.1000086738665618,-0.059585333671541445,0.1422576142481156,-0.05552863531982354,0.22013322526305834,0.08548512384903728,-0.31883451301801524,-0.05706811874632996,-0.10167194842634912,-0.0796829653905368,-0.13667283138659805,-0.046760318824227626,-0.0017821300425300878,0.09579028912570839,-0.03633201393975988,0.22185960370539218,0.026437432840927078,0.262182022933183,-0.043978071836327036,0.1562333857274823,-0.13325866187125981,0.0421806789110572,0.007807272628393814,-0.10138167585307559,0.2879867213274709,0.35782551902713733,-0.02455873351120467,0.22651716888294218,0.1724577464283567,0.19548800775650013,-0.03923272376542197,0.057518960327662925,-0.09130262701043891,0.1067535726082736,0.25221161969836037,0.06357524736345817,-0.19894717212370336,0.027985690361211932,0.13162650465327552,0.0507364689843176,-0.07333174686330525,-0.10682094951892407,-0.03611788409221199,-0.06304164542988418,0.11015377939793333,-0.0852295770837733,0.07007113110305938,0.15414623684408935,0.06684521121085772,-0.10847897646953278,-0.07945799831568663,-0.07144239992644746,-0.3474267447678247,0.05571290939064418,-0.08194587634479293,-0.6012851962120019,0.36805354847721294,0.0682786578823963,0.012013454535011837,0.009036443264651285,-0.08247546893959974,-0.05039250822752278,0.05417726434041573,0.06965447960538185,0.1926522206284177,0.19180215927552471,-0.08006164763126256,-0.17097888868021555,-0.09387395993861113,-0.11095261815226055,0.07317983228473733,-0.16263369526268812,-0.17915082740477367,0.11317916253447063,0.4030343973192053,-0.027945258293361544,-0.0740396209758764,-0.02595711267391046,-0.2177200788726325,-0.03143849705253429,0.06281041964137687,0.05406963994301404,0.04877617344649582,-0.0808180457019311,-0.1550188269755609
2002-11-13,-0.023485263560653804,0.13535007167470245,0.04302622232437607,-0.09490443901994233,-0.3346168035883617,-0.14586620418991375,-0.13823273929366592,0.8371020790286325,0.028832429118488292,-0.09920916188306253,0.22579457066893366,-0.17822872867812528,0.029453816749064943,-0.08826758541660884,-0.20607948942206403,-0.866802466386369,-0.08049177150772847,0.05318724403132132,0.0853815103431007,0.1384437069051512,-0.10552543948117345,-0.08558073508608734,-0.15295085396563537,0.027165449334398555,-0.03394896818903625,-0.09851483816105065,0.0835779585732348,-0.031094541929513712,0.1104017547603899,-0.03947045848581107,0.2685053730849039,-0.06288588264337391,0.12595196252597723,-0.08616801988913735,0.09234815465167755,-0.24487081558762083,0.01508513661096661,0.00835852100367013,-0.16848904539302406,0.11328952936268268,0.2635486878664932,-0.2710739480891785,0.2142197242242748,-0.1325359461868004,-0.05740188713742589,0.04735387899235268,0.13373841701410563,-0.14725656821011557,0.09294462827504865,0.3280659168167577,-0.03880243308646815,0.26166111611626336,-0.08057992447353529,0.20732626413567337,0.07021449103915242,-0.07115115548315964,-0.11985389530330572,-0.08203881362854759,-0.01896309793846636,0.06094871342359514,-0.03973508356735922,-0.058010834226460174,0.19390058632856202,0.024970078607433784,0.03463184509918292,-0.06515167199748893,-0.004660035156101949,-0.009891701936146961,0.10449100508502147,-0.15107870000157023,-0.26638056125144993,0.15659399172966465,0.359541239826405,0.13410677254270567,-0.09814481365452898,0.005448444811370883,-0.12072776902539994,0.09325043694159621,0.06403283190883934,0.1339017800523932,0.16532606893789237,-0.11814442823329309,-0.10790771415480013,-0.12387005232698596,-0.06135248345702075,-0.10197044531383977,-0.11300219527078244,-0.1354248673814839,-0.008884941276808337,0.5603180076798214,-0.025183119795313874,-0.04713177275021452,0.06105731525634705,-0.15760163593459298,0.18656783734106205,0.021915560336394618,-0.020563943624835414,0.11054240132190352,0.10095358992641011,-0.3842157786930835
2002-11-14,-0.039394596985125915,0.011183091938174263,-0.016387929788488454,-0.09817763805397346,-0.18572295105353498,-0.3126178454531702,0.04655115783134469,-0.013877689984791648,0.022868282275939435,0.08741692650889277,0.3325838913533733,-0.027716782420559496,-0.022758987962789475,-0.06734344616259572,-0.2585401218617229,0.038889552786514195,0.09176532037492494,0.0014693015523708282,0.0853810904344136,0.02832446947626253,0.04689814665301927,0.06051514426904755,-0.16451350758120575,-0.053016477289762214,0.014608308981335862,0.3387532111147487,-0.033643734338297884,-0.09699596171268292,0.0602737614707782,-0.011425912489404024,0.14489742205211922,-0.06288589391696482,0.1682220813879596,-0.029835122255189642,0.1873278066646241,-0.27534814413238035,-0.036767859150445684,-0.009056660987797888,-0.020928957944117955,0.20438190264478565,0.22341514554497308,-0.20720525196146922,0.24314520215645624,-0.16540605198298441,-0.008408623364652758,0.03141753874340687,0.002643681806240394,-0.042174192745733495,0.03652452171513943,0.2135313413344124,0.06700619127477586,0.16991378053992762,-0.021204593841042355,0.03238770539799051,0.04127464044185275,-0.22309002089191798,-0.19547183970085738,-0.17371268140460966,-0.020637757203654093,0.023914370661273478,-0.23979452536633153,0.029292587060518595,0.14743925805881578,-0.2695484994726997,-0.012004600359736202,-0.16047796280290288,0.033217975929469026,-0.07065005430707036,0.08545503901048115,-0.03972128336030776,-0.1705029334928512,0.007449886726659906,0.2447801641999251,0.13529827593384827,0.05220131558860626,-0.10561332736813181,-0.09128707806358521,0.10677728526920888,0.13766835886198042,-0.027616466317078647,0.21469464760570023,-0.0774225139515473,-0.007226287809853818,-0.06871913319362717,0.0384689480443086,0.046720856540686105,0.0032310202910201787,-0.15446687667036593,-0.19516464924386515,0.2744123158673694,-0.04686283599661909,-0.04713177844800505,0.1076178924970929,-0.02573109388486996,0.16077512522631368,0.0794655122323559,-0.07623001745809978,0.09281246886864881,0.03700597655400242,-0.4332180355926401
2002-11-15,0.0683785487551052,0.03941819910407611,0.008889765047512472,-0.02745620507923151,0.0035530477981370605,-0.008713840315798468,0.11555849358931869,0.34215048510075974,0.25343745238602866,0.03572712375501029,0.22112278195672988,-0.051273665826378254,0.010723368971197144,-0.216348258170821,-0.13368255494867523,-0.3413459653803895,0.05460721335461171,-0.2562444169329523,-0.012110441284525682,0.08305029004833527,-0.15959455109292162,-0.07683690651259642,-0.18291685400992982,-0.072476659782639,-0.06939769345024323,0.26259197860825123,-0.11607182241128236,-0.060209008905783706,0.06027375621578526,0.1580851928236134,0.06670442001730376,-0.0013469054432019368,0.018006522772555027,0.15075185799902777,0.13253030216479317,-0.14011373437531452,0.12230177729579872,-0.00019821896065920003,-0.042781140871478066,0.08088109243281486,0.12027151941625587,-0.027092590797282157,0.009733151700908585,-0.042240352281903946,0.031028305530600753,0.04362243910540274,-0.01571385718312658,-0.12003187690824828,0.022171501996345808,0.20967216142431072,-0.07657397782514687,-0.04402112398538544,0.05389650120686244,-0.022159536639131932,0.03141500041185496,-0.014431364330633056,0.03449067838949422,-0.18421298660306587,0.13240965549847764,0.04576409632410731,-0.11496704387224824,0.035774420060520604,0.29995849139755576,-0.3929174397395607,-0.05466507975978067,-0.060140762828522216,0.03118153886539985,-0.07065006053025139,0.1919979857802368,0.11747443711635944,-0.19149038457366932,0.1397956492993809,0.2980492058631636,0.11142162010033319,-0.15226477130837607,-0.09035172185767788,-0.02480364849560472,-0.16581767814974474,0.04094762606898507,-0.1447124685742511,0.2371493121403779,-0.24998769504326587,-0.007226301346374675,0.043736898326916664,0.08982140028353769,-0.14481651140687485,0.11208067324131307,0.03677058029138603,0.20163059723800655,0.14201039437903595,0.015378515529529022,-0.07019477249643831,0.043325461759324335,0.08074830270943592,-0.0002834936144912064,0.08910551582534824,-0.11461967059399278,-0.11311155316255676,0.005402402679841664,-0.36558128536240864
2002-11-18,0.04141144476937334,-0.10288589959023024,-0.025938898547802677,-0.008228944270115389,0.06709585879125894,-0.0967346799012461,0.08512454588876686,0.4130192993070628,0.05671950599921532,0.03194828641595476,0.028663533298881654,-0.07176798497936171,0.02425864780524385,-0.14735770265631098,-0.10533333059818623,-0.3413459655691356,0.03433363762836708,-0.3263739467019703,-0.16571741759614853,0.19649664230764488,-0.03905341835388586,0.031869531804127375,-0.12895777835693933,-0.20062329341353444,-0.14186173795310922,0.23888060454949622,-0.07823930821266105,-0.07665770528066529,0.03524932516235847,0.17346224797664286,0.03400653747214908,-0.03408628556644819,-0.0336554447470329,-0.08212632310748126,0.21651837836325,0.07098861827275667,0.051349782966582436,-0.0029874656696435775,-0.056398693999466,-0.04943795546227559,0.15251539342528442,0.04901521966910582,0.10019883660297849,-0.019011363869238258,0.12121775887605332,0.10070122984314392,0.023471920739407126,-0.12003188929502429,-0.02935094157798835,0.2887371257064753,-0.07657397785135354,0.05016135013196705,-0.04986512959810063,0.06970085599178276,0.07510182739246118,-0.12029883554755806,-0.07305477119014445,-0.4160187221588123,0.23853558011867437,-0.13979882049115702,-0.0328039351017465,0.03037200233732637,0.3307050015754441,-0.12337751176339161,0.1269246790481845,0.07735288062418791,0.1490073739201521,-0.04414073686264703,-0.20685012443430395,0.12753847661799325,-0.3442975793236162,0.15474831572964867,0.18813108128875322,0.12020141920755226,-0.17542789419906035,-0.037628484582713624,-0.03212069862473906,-0.20266687217192203,0.07817265767675785,-0.08695978113231476,-0.045873438725412205,-0.35521988876883126,0.10672033957303813,0.0989894085061418,0.1281506855086069,-0.08612869708110078,0.21042607252442708,0.0020027212010209775,0.13282308938922296,0.23213374561776354,-0.026983587207023232,-0.03014630867786882,0.07283299151123315,-0.024066541530010515,0.028174126365116674,0.05097307009512499,-0.039828619689536805,-0.019656062956980122,0.10256235462510366,-0.25124329913961685
2002-11-19,0.020209110960310712,0.13151110590460255,-0.03033762264208426,-0.008015144853001368,0.07520297602405103,-0.13091617777745349,0.11218198696525512,0.597366004733505,0.04465762117481728,-0.10313988399274485,0.17085846649425807,0.045612796261209045,-0.07838055813880881,-0.1657593766438136,-0.20525430342142356,-0.5939685069003174,0.02546312997675931,-0.2398835311553566,-0.23883078883301836,0.19649664202594697,-0.06082517507613495,0.029741131950203056,-0.16739578210431097,-0.01875251953222022,-0.12453230754648303,0.227322405086214,-0.0908025692549449,0.010025745603075509,0.04043298060118491,0.13279442240678765,0.013349980922054382,-0.048744271628780124,0.08266389909007235,-0.09215352285999712,0.23380967308901,0.12895005912864682,0.053926338143722226,-0.06865801971205246,-0.0815824058779818,0.10827251462502456,0.024258117924920858,0.2408236126374056,0.06951805576274141,0.1053642314936278,0.12718212535865306,0.05007845048318192,-0.08618638151324241,-0.08329765263990899,-0.00678896848386939,0.22564387019227455,-0.13175904943059982,0.008272107184327707,0.03926827882019367,0.11599495559176146,0.05693073772263527,-0.19818158954600626,-0.10712711263451627,-0.12475392436650835,0.005437194531348274,-0.21472900471893439,-0.05856591638110792,0.07382510029092347,0.1623792330285554,0.0739809577380768,-0.032529485777852016,0.031348458748360404,0.03946440151649968,-0.2217220138420231,0.015729496637524782,0.07468553932651667,-0.2719990544867532,0.11688285300861279,0.10537846136664553,0.18682729553421443,-0.04404866100239966,-0.10007422626135264,0.06678642887612422,-0.26795454209129,0.09253947966131239,-0.013029338417379419,0.030122057771061972,-0.002383332315042156,0.13546303699130077,0.09847835306088797,0.24663450334842418,-0.1877376099181038,0.0161442090523335,-0.04503268355706766,0.1037221085237835,0.028021698293344444,-0.03956772168935006,-0.19542438706593956,-0.036375506078927755,-0.1235285192065788,-0.010017650925122716,0.005200156523195323,0.09825464415818337,0.10775113438112452,0.10256234894156656,-0.2885708005127126
2002-11-20,0.005066408406178939,-0.03915170078927266,-0.036747358103262566,0.07442372821692989,0.21727482277989263,0.044882774417403,0.06019861707667479,0.0937808773128403,-0.20602151056045426,-0.15951677322205413,0.09011875564384808,0.08551943136414217,-0.04681825965117229,-0.26814306944842564,-0.07353771446701862,-0.17380566266890343,0.20490011322427343,-0.011625830044789759,-0.29377058180571985,0.144619899661338,0.2545209173243782,3.2221225565290704e-05,-0.20099171372020425,0.057430546152242495,-0.09522849286270164,0.12204458980348004,-0.1071087638128287,0.03586885482940571,-0.04713999670705152,0.04419004905216935,0.07604052542197581,-0.06783740311471328,0.1951138774382356,-0.17010276568941793,0.345532945557751,0.25152523654019104,0.049627173881023605,0.07969974577169947,-0.1217950911819905,-0.004119828268730337,0.03216003280441759,0.15558438985905756,0.05097429564220922,0.1991783526748786,0.06643857389721895,-0.04544193617183792,-0.2447249560606909,-0.19433185626422766,0.10948552796168523,0.3127577440724592,-0.13175904956926812,0.07217739907058267,-0.24008552573008202,0.140801766161166,0.008647834654383247,-0.3291897426477692,0.1194659483358813,-0.18627918655752482,0.14371375829536018,-0.03371366487616279,-0.3769038430334411,0.12013395884704624,0.0008523805709986815,-0.23565557143670549,-0.10848745212846475,0.35442992983130106,0.04534381718591014,-0.23067211479574512,-0.01882110190192668,-0.01012749628776407,-0.3727926868570992,0.12870494734541202,0.3365360160195725,0.30318938149013613,-0.2874480333414913,-0.14126986269020528,0.037419926711254436,-0.14626583795701048,0.0416607895705417,0.055099294591113845,0.11575948075432933,0.05246386152533696,0.019315417489036778,0.08239439029879582,0.15469637306604084,-0.10283116771855375,-0.06794118216998625,-0.1350781210805632,0.07447221968019359,0.009841276099399675,0.17478151108602316,-0.09056650232510456,0.05870344114372343,-0.11272325336349776,0.12097840330401016,0.05850829900159815,0.2157440810068381,0.1402163615670506,-0.1674711398817418,-0.28881517431327597
2002-11-21,0.11805043887918495,-0.12841853811709533,-0.04842726400257672,-0.20312999305252663,0.13326951025457007,-0.03109430362073319,0.12421440790335786,0.3223618723803581,-0.19685737703359607,0.1636277011943433,0.08185478466993223,0.06777436499134327,-0.020081862870955196,-0.10453765020051521,-0.013820462610820637,-0.16951329667352527,0.29410855750920545,0.0959746975204151,-0.1346013619740467,-0.012777968944467177,0.37391990471319275,-0.032446035360232224,-0.08568816637468235,0.17500961365341353,0.08250386077880305,0.07360829907021348,0.013473913716624545,0.007326208275491652,-0.08844430344740466,0.005438539106753992,0.17816904563465133,-0.07172200569710482,0.19665289455989923,-0.13155292591007853,0.2046552249333812,0.08495381967143323,0.1639103166403927,-0.02646353736908422,-0.059580306125407455,0.04940873357134319,-0.21606029592712023,0.06832491613245255,-0.23325390673026175,0.23939903743301716,0.02609601457563723,-0.18627016773132876,-0.2244578898440025,-0.06074450933562349,0.1143457714651127,0.24675147005295764,-0.019505960877369687,0.08997021423123742,-0.12265610161868927,0.06836332492242958,0.027622365393693043,-0.2782952431952334,-0.02383718262642105,-0.1158085618069593,0.1395195706183503,-0.2597850704568745,-0.20005965332260708,0.13484414390714408,-0.02809541298212897,-0.21417352526289982,0.01891521367965765,0.028226401571828014,0.07492661999963136,-0.23536396125489686,0.026160182443326126,0.08808074012676387,-0.1195468021777341,0.03585430613130517,0.3264054968866144,0.19263281419739747,-0.26115400804052624,-0.1614162741281459,0.0013588888617950307,-0.19610108551514913,0.027147379061875494,0.023041437840514545,0.04322996005427947,-0.08881380047744133,0.08446203745973832,0.08512003054269451,0.1212531236609452,-0.18910888447959073,-0.1264771532434368,-0.026366767823733334,-0.06015920201897347,0.09801059583357583,0.12825423936933067,0.014308569044645083,0.06265463812227327,0.07426943165107959,0.0791654148422018,0.08430045509596339,0.160267715298373,0.1728955184434795,-0.6096244710907504,-0.1907797233830731
2002-11-22,0.04335946602645293,-0.021526520665628233,0.02949150454568617,-0.14212423145070274,0.1296249381316755,0.10940406025089065,0.06958216369513429,0.537007811028586,-0.04758382005348911,0.1585038566920057,-0.01973435402901207,0.20790518429795507,0.0274100168744277,-0.07414409578756598,-0.07917841877026183,-0.41120940480298546,0.22463051323243005,0.008693273639757195,-0.04492832424978351,0.045964545252103806,0.13417249897607336,-0.01563091967188434,-0.15602346680997317,0.02330112352232278,0.051454412517338524,0.02948605611089815,-0.09393425168074025,-0.08583655854252671,-0.045745421917110035,0.154573219441254,0.12863482283733413,-0.06122144504086858,0.12522753310153054,0.047889442137061936,0.256353109137199,-0.04643908768525311,0.07962199364993279,-0.0002883688252512629,-0.38158520208703417,0.13454515597512912,-0.07255392752969296,0.016327304036783574,-0.1041871085604405,-0.04314868352403136,0.0871468484526241,-0.01989724797509231,-0.09580641462382772,-0.1670286502500341,0.08366629004419708,0.07683892347585843,0.08653235453628427,0.07771343549852915,-0.17380932074758784,-0.08366259959225174,0.01306518251713758,-0.2282375300740211,-0.24888330828295266,0.07222945618096795,0.2979377442822232,-0.2818131604206432,-0.21507678206714326,-0.15147990207681195,0.12341602335944198,-0.1396476339862657,0.17601216167023698,-0.0248037894601306,0.06637789488057284,-0.2588996503051541,0.08153640344921742,0.04788760245638061,0.03990637965793934,-0.11163854398817472,0.12489136223052047,0.19221815843184573,-0.29025878678919187,-0.06229880116389289,0.03918709135984084,-0.038507219546379104,0.004011244877500117,0.18343053925372413,-0.1710277889492109,0.006177132415802317,0.07343226526368292,0.08556557088703853,0.18000918963822995,-0.24579785412089603,-0.10624523094124216,-0.11835099925467968,0.24570222257051275,0.023186756179337027,0.1115044826382199,-0.1217458987136195,0.12871322955465303,-0.10897590381774117,0.18812781251864524,0.06374901872943341,-0.02353971976946646,-0.008198460632971315,-0.164987717605564,0.0011130022012292159
2002-11-25,0.05138162528387685,-0.17337324457449815,-0.012089672312502958,-0.07588973275544256,0.18401969427852757,0.1451796599776571,-0.13625246529902107,0.126527128602511,-0.0728593975435967,0.1465441336111285,-0.031553728363908407,0.0040628341721929175,0.004078898752147302,-0.06596428161390377,-0.017245562627667296,0.060371596312325186,0.14504901326820233,-0.00564222885730647,-0.1269103835168969,0.08055722465113342,0.09006475112370774,0.08319012799122501,0.008066586468385085,0.07205773202052997,-0.14524023115448167,-0.04568903838975336,-0.08163757868730237,-0.026049983532919686,0.058286875690326964,0.15759722186349054,0.016797854875904822,-0.07320479883106629,0.11409772555335503,0.18791757473318757,0.14874605367640545,0.0018723976922729708,0.2262428756148676,0.04197749812035436,-0.4290326819341452,0.25995402553601954,-0.0019147105480573376,-0.04220525674639177,-0.03892920409721565,-0.06217913630199327,0.0986372120546172,-0.06438258067211704,-0.15927227343829145,-0.09771687705127838,0.007554829204860193,0.013591105197070687,0.0813273448603398,0.1143375429442327,-0.06591623956276849,0.027995226760710964,0.06068058040844324,-0.08856595655785028,-0.21296833663169412,-0.08285496033415839,0.22352754110385137,-0.13648337534143337,-0.13938634395622787,-0.10241684243879559,0.14637686664869518,0.08085963969988272,0.12871480640091962,-0.0765165964592557,-0.028442010124530907,-0.2267398382479586,0.022760026480396718,-0.05477717228755219,-0.030825618016224583,-0.16665641771596368,0.08540672343040173,0.1269497605302108,-0.1629716768515377,0.07092460032141712,-0.05951601910105921,-0.03850721916504967,0.07317524591828282,0.11534715977001939,-0.16033641353989384,0.05370871020126167,-0.016484202398612823,0.04044692888159053,0.06091520685895037,-0.2612382849822254,0.020048581781761474,-0.048970444075691705,0.23051673391267224,-0.05381564626544518,0.02876574670028095,-0.02379888207843733,0.1287132172222294,-0.14896382300690592,0.2669819048636823,0.11612548045114078,-0.03676473773893151,0.020595195054547488,-0.2574033001399053,0.02871988204048335
2002-11-26,0.15505975795330762,-0.03174586793667542,-0.027187471866316777,0.02301459928416399,0.22248527781395425,0.0026737743904987486,-0.08432430035208474,0.9306681810539372,-0.09856730940403076,0.11329055777589393,-0.04735450894243016,0.3658576411590035,0.03564200353874632,0.03555766107729626,-0.10096210981265964,-0.6868447718428503,0.18694369074866451,-0.04624321707426702,-0.25199419156541775,0.08055722159799185,0.19929655530067633,0.13764038114336533,-0.001443403580301111,-0.07243356334445683,0.12665494593192766,-0.09580385983430943,-0.19090069853180033,-0.12467804737528992,0.015092726290916451,0.1936686866207307,0.11365782423527024,-0.09667800647688475,0.1580539719626241,0.05112840155746809,0.10179090968424344,0.0018723861329024217,0.2438035844384835,-0.02762302646137995,-0.4166991542785214,0.15660013481658866,-0.010967465035719666,-0.18101879900303905,-0.01877854980185977,-0.03808014289048014,0.005971426563667435,-0.07038745931766872,-0.2099837122578079,-0.12219527805888084,-0.029310393647142097,0.1472181632073194,0.04621521491199507,0.025820337745509094,0.10501139130629197,0.1221334785376371,0.09121643735374549,-0.10246206476114318,0.08585863866596173,-0.1722083128909963,0.2071099953454606,-0.1375622239063849,-0.24616878380588308,-0.06575600114721612,-0.2919492593804349,-0.3987601904078804,0.26339381884695384,-0.0776958286197298,-0.029198578600772757,-0.07744038755262594,0.037170248050143566,-0.058599646569715495,-0.08151787433185692,-0.0353294549293399,-0.048577729955058664,0.07215726676674426,-0.1721973103518711,-0.011132744989765828,-0.1917358743506717,0.11673548952901935,0.11854194991353818,0.21628946329342172,-0.1288504742301834,-0.08942972362779042,-0.08266109061035454,0.038639725639453344,0.07860294483914337,-0.2622581131711251,0.035936265215172146,-0.09518972451834343,0.400469270752413,0.25723559376142596,-0.07779733809614821,-0.0835170879866084,0.09769842088893729,-0.1585292886809899,0.029712027411402244,0.1243897899645666,-0.04220294814201196,0.03345919242785094,-0.11257350188788719,0.05692546346473567
2002-11-27,0.236203480807375,-0.03673125659638191,-0.021588220448702778,0.021100633141462242,0.2655434544146095,-0.05216202937802303,-0.11135772005999646,0.7736185488935686,-0.1725039923704739,-0.16778140124539836,0.0617897043585462,0.19647882195900426,-0.11513002587165079,0.0024059065661193647,-0.06536044614292358,-0.6520211007912797,0.24202742561952986,-0.13912598948104432,-0.1738579663463673,0.2491515274497151,0.33803583239592633,-0.050642327626737586,-0.22089001465505947,-0.17167465870748788,-0.08148743359951481,-0.05415435895633518,-0.1336362532265877,-0.06437621388868443,-0.158744600587829,0.052365344332810926,0.09651232415988245,-0.09731056667982538,0.09830708015553204,0.05575264907201332,0.2009757018871331,0.04792888270737358,0.16150563862068423,-0.04039397749504803,-0.1260871730119004,0.10595847226147696,0.03052093623903908,-0.10855585537551271,-0.12196084674373375,0.02156684020375239,-0.05788589308644866,-0.05960855014760922,-0.10254485625833792,-0.012554325188465427,-0.024998251861427675,0.03572887507640978,-0.03352337353500847,-0.007105774830658062,0.06566734019141739,0.13857556969025275,0.06588536323155748,-0.13560231599525893,-0.0016059400605331808,-0.27793785774607627,0.23441127801775363,-0.17712205469006415,-0.153187331080724,-0.06694230866276023,-0.16701240458177227,-0.14928631665296044,0.17225376040330354,-0.09354537128686286,0.053837880566887306,0.10091579349779034,0.06427496976319737,-0.03530236964800319,0.0007544171281554508,-0.10403995809226241,-0.011547526569222187,0.27608077785487434,-0.3140158327982114,-0.03253905412065345,-0.11108851472457043,0.14332019084065903,0.16359470659596587,0.21628945063857388,-0.13561629565196548,-0.13101074497099785,0.058690164903971435,0.18587179463236342,0.17970471565072943,0.01795694470252787,-0.03472579509366512,-0.15526221490379355,0.2966272873947083,0.13734140408464002,-0.13748882436098744,0.005728185740128658,0.09581311151666254,-0.27670703920666195,-0.0015705523119891986,0.08656033688163615,0.16951087772623263,-0.06296496725290511,0.03358872283150693,0.1561174784426079
2002-11-29,0.18546982369637247,0.054576274548345814,-0.0032232533896276575,-0.08511092847105385,0.08112376214313073,0.07239132824725271,-0.016051184747236966,0.28822303607256355,0.12842668266361362,-0.20626667382743366,-0.012006757159862845,0.14669858726614438,-0.09236354378657556,-0.005179489825057994,-0.05193404085580571,-0.23885179744492022,0.17350560222051467,-0.033505598038983904,-0.13739574620659842,0.18107190730423184,0.10897840124664046,0.05350427830433346,-0.17350642108881348,-0.13400022908110265,-0.061241517772859626,0.05529108220243331,-0.05484684697668444,0.0058551888695335935,-0.05219024640610925,0.0489035671722941,0.12732184723995066,-0.06897639663505653,0.10804484927183337,-0.001161416674836144,0.09964828691637963,0.01858656852779587,0.18259134172234437,-0.015675470352786443,-0.2850346473338198,-0.049328882171037966,-0.07226769468414965,-0.010988886322900165,0.02974191408408008,0.16227075697716753,-0.0570593706114607,-0.10394838452331044,0.06732103205447036,-0.12555279159803848,-0.0028523050408295874,-0.0315988988783826,-0.10184333185063987,0.09168941495755663,-0.15359826041712632,0.1626183471979296,0.07725340130111075,-0.020220858505147554,-0.022956238623146847,-0.1798259292591014,0.03532389037632222,-0.20422113040151868,-0.08795348054649661,-0.07324548225441345,-0.20926596102891326,-0.03774632181197489,0.15327239636918635,-0.02939951725794159,-0.1389401702612946,0.01938304034224242,0.15428316682131307,-0.013979347505228544,0.04954822298681019,-0.024008815269329534,0.07520295926717716,0.10800631808222155,-0.1959929909911768,-0.11166836423439214,-0.1394128577563023,0.09782928053502654,0.16996574221060323,0.05757702557244375,0.05594718072691096,-0.2616377091794659,-0.011839454682467818,0.15124182570561923,0.025903307746773404,-0.12467108307403812,-0.10559391325448837,0.33502348211944266,0.3339932773101429,0.16170396510328403,-0.09608430222702992,-0.01651646333320392,0.07974584548670104,-0.11864350926966738,0.0341891647908098,-0.03451729007399004,0.20798443843249986,-0.07605736692035381,0.03358870967953893,0.0009719127662238738
2002-12-02,0.1755460964930112,0.07409769938597777,-0.011874155129120927,-0.10081025630878898,0.08852575975341682,-0.2069934467953342,0.13739782356829197,0.0594813115711191,-0.030191894836614934,-0.20248896275777742,0.1283952284583151,0.1069897513219705,-0.08591580812364855,0.01694974424218819,-0.10043412722118056,-0.16939109339780517,0.11791477733759968,0.06763486595151258,-0.09620504001148983,0.12943434941827156,0.26472588504019645,0.11173992387430154,-0.14516381162280265,-0.17230778813619765,-0.03132653094598639,0.04091760574811818,-0.11656719596252696,-0.007059224776649727,-0.1119177618312854,0.13596524100539756,0.09221679836440867,-0.047099427320829314,0.04526404898317637,0.030495020359952284,0.016100673293101903,0.18346199263524673,-0.0038811511697137945,0.025124805705470783,-0.19652856830598617,-0.04077818032237966,-0.025834882579887922,0.046559920862705474,-0.11577039814897581,0.15658793778363597,0.11340497369340638,0.06809068834668679,-0.0006489026692933987,0.022832244897168178,-0.044346307205273106,-0.10762483752977438,-0.08044058049423729,-0.014775827386524363,-0.0715138114441667,0.14786773880208415,0.09440065553330726,-0.06875773765934982,-0.08050037273668938,-0.2856750197724815,0.019046306405775242,-0.15077798254408067,0.018222239937213083,-0.10850926115231423,-0.17525714070999882,-0.1295837567172086,0.1397749411767977,-0.17701968961093925,-0.03665352665751765,0.23810295026947506,0.09671500885262013,0.003532431393512777,0.0461639114522024,0.03817045873839149,0.09380459371877517,0.1445844151740283,-0.19599300518090007,-0.08145004306132338,-0.14977884895472882,0.06214379473457353,0.12356332278751997,0.2297696690765512,-0.00039354317595527503,-0.13389115483817668,0.176887748976531,0.11165708848907405,0.10089648942697253,-0.031408697010473864,-0.01747230489979775,0.1589377690714506,0.16983650650692297,-0.09101330416151532,-0.12445616344640058,-0.11414516810553241,-0.0009607070215678024,-0.12007427960895285,-0.06847110670889611,0.03378661422708455,0.109416328741814,-0.029085732397649083,0.045055561996959065,0.018082172543979105
2002-12-03,0.1951263557487692,0.11524357012780977,-0.02120989765481909,-0.14118118108681355,0.28476030584764456,-0.14301324746142277,0.2220312348180494,0.30719071338718595,0.12127553451461781,-0.10917895149274925,0.03919625187090604,0.13103378383937914,-0.04829893477615555,-0.022964918857806552,0.00023451074205348065,-0.34355909192414885,0.059775138392296166,0.017989345628798635,-0.09080129008486612,-0.20381100539470073,0.20943266797654675,0.0197637952730555,-0.0633063982683778,-0.2310520570591702,-0.03590149300893802,0.07377869788656484,-0.08574143527140608,-0.007059230113144911,-0.010128933180925536,0.21090721262504294,0.027801753279777724,-0.03431803563616476,-0.02872557347307067,-0.0989957559649514,0.09679743773585703,0.07628382872706582,0.014836348667592448,0.023586346847335904,-0.2836891391141094,-0.27125967333128453,0.0029361708804272416,0.034374245871119063,-0.08419521141303228,0.05211427751877813,0.047168603413606396,0.0715978303230786,0.0173629951039754,0.02283224328315289,-0.05721540099003721,-0.10889600163319973,0.06160854078963271,-0.035620452617743284,-0.13612923375648928,0.139887459228859,0.08753963921009097,0.043269859059383506,-0.06037609482100278,-0.1862020804456744,-0.06870356737596942,-0.13561305068975993,0.06841590901326533,-0.06992452423963048,-0.0998551372419447,-0.1929346853832899,0.12673217466882397,-0.31055088128086444,-0.05315512550305191,0.23701928922562912,0.22326662937022534,0.03424757282705137,0.14083193419680723,0.09791085981944958,0.06578506902583002,-0.019429297628301638,-0.28804187075003806,-0.08802080525799434,-0.1567480505309593,-0.01194930424212701,0.17643494826149483,0.08443185531929161,0.019095108671749572,-0.27196412480270266,0.14390809502408394,0.043618004712487356,0.0423060548193676,0.11588883706827571,0.010341211885635228,0.16260326646828224,0.12974733655990564,0.13255244440984776,-0.11050618299987901,-0.050790203906897584,0.09426436299290565,-0.05938451181593914,-0.07208740374682494,0.029859534447744012,0.10941631848128382,-0.09870738371947889,0.07756481122390632,-0.0440052677946359
2002-12-04,0.14447636882638484,-0.10495223414841616,-0.045045464417213125,-0.04194803579330246,0.22234997522773084,-0.14918746134892147,-0.06325315920983653,0.006055003691092665,-0.010844507216407206,-0.11530647977415116,0.2624044868388161,0.10385015540203747,-0.06286256075848942,0.048747890940495246,-0.1303661850222538,0.025812537359085078,0.09021848188345252,0.22211524927135468,-0.15497016941600755,-0.1066928443249193,0.23333303714446868,0.23500256169272643,-0.04853464708225334,-0.24450973572239154,-0.23313424766794813,0.06424805498713261,-0.1114182637699268,-0.019492901719499797,-0.012757425869389868,0.19348445209123524,0.011499507124097027,0.0007132071187325398,0.00258369924265994,-0.023031986770880294,0.007860121918080337,0.10268140309245478,-0.03069541130210276,-0.11306305557449232,-0.2046862736206844,-0.17006397096353063,0.03921733947494107,0.021925268839965154,-0.05768899562440357,-0.009422047729943489,0.2116684846464195,0.14271989018223,-0.11769466343788644,0.06412240849805498,-0.11314312448679023,-0.06384370025894448,0.11670050718550955,-0.0011440156260224647,0.10578217558827913,0.005805483553470525,0.09520891556841421,0.11549666741860061,-0.25763993754484177,-0.027387634698394545,-0.16729385827923335,-0.2380185934670535,0.15752966432357332,-0.12056960870557715,-0.07590880042481112,0.13581428672995188,0.1628470525170002,-0.4061725817944061,-0.00988806803338273,-0.07360854796515023,0.1113182533450954,0.08680226844551198,0.15123756663530913,-0.23937644420404688,0.060712708524859764,-0.07451832096149415,-0.16246895094315714,-0.10608782565160758,-0.15699203618809235,-0.08498842788002281,0.21604752664721327,0.057425786556967486,0.04863275625319698,-0.30962814626498664,0.06802380557366879,0.039537717256283675,0.06115001310179753,0.0509293448617855,0.07389715807024307,0.07707477843838355,0.1351117594732551,0.08937515871456023,-0.10157814884596714,-0.15213116019565823,0.24259141246726118,0.011282633026311063,0.046330227362980494,0.09027438112159371,0.09475146340557858,-0.049821479440725805,0.006951454759090214,0.059330653292543736
2002-12-05,0.14005215507468244,0.1742561127955135,-0.08881292334185363,-0.3097605876823982,0.30374408859551755,-0.24796127512078647,0.10663474723283113,0.9002018895750549,0.08917394248211655,0.04376113374469667,0.2667008673191938,0.12119630008987636,0.04056795275256125,-0.18928413972798486,-0.1179949874745649,-0.6114079187241074,-0.10104634788661207,0.018794373161944742,-0.22464605652251657,-0.3625534774188168,0.23239089519650138,0.04496797232206407,-0.04456573545006187,-0.41225214598199683,-0.2729163069204359,-0.343005611678239,-0.06906631598797616,0.09112304228310347,-0.18424368078378153,0.20298301243228262,0.013098856976228338,0.08393758213092314,0.1901878042735622,-0.09942855793052247,0.27790866425994193,-0.058044812518062795,0.09657950495434264,-0.16596279394298205,-0.28660144305478763,0.005510496531857496,0.046942568468973815,-0.09185868330543974,0.2952811569813812,-0.09920988510016247,-0.2609708958257249,0.20202236278364144,0.08596567503512255,0.1869952635863408,-0.1670014145977848,-0.004688059078438771,0.051464884548891775,-0.10859970855007142,-0.09127221213634035,0.15105020365644048,0.06327035564179195,0.08800968969521876,-0.038174932663954116,-0.16620775437468824,0.31060146469066674,-0.2590516583290791,0.11013494403853515,-0.235937377166632,0.031057121574678655,0.6782793746292787,0.019347813481527545,-0.03188988117885566,0.1514865620315947,-0.07778788872543785,0.04821637099418491,-0.043108696150227714,-0.04953965711235665,-0.051157584042508385,0.09133151365492793,0.18997718750591988,-0.4312354304579217,-0.04711567588050524,0.04186657660765675,-0.2009832594903011,0.2706612043589303,-0.005023777892793002,0.07204273307939019,-0.11238382793697957,0.18176155638758312,0.06292258163119273,0.21399843373004282,0.05092933129433544,0.008971975721618333,-0.014442761797725282,-0.03678932764298142,-0.11654950891896657,-0.19617662306863143,-0.10101501410550867,0.2905791007800021,-0.06719498274143879,0.10472526872471692,-0.014760033538430068,0.2900552480830015,-0.024260396344342045,0.013889552283964041,0.053646366569344996
2002-12-06,0.2386995235294152,0.06724577707115549,-0.050041288937907574,-0.01887357599505652,0.30474883869964836,-0.10524044723580868,0.2208718993066843,0.2186579949760433,-0.0004861359339841885,0.09642407193001741,0.0516316744469758,-0.1061444885216283,0.25809201065336745,-0.04547628335248351,0.042517630772294375,-0.11710198316931991,0.07321981960197439,0.06673517098759714,-0.22253670027763744,-0.042537609155409155,-0.037228315116113304,0.03645826283858091,0.04647878065973764,-0.27658269445621164,0.07200779865181742,-0.07257572483056286,-0.09331259073945596,0.038019839786684134,0.050314477829639194,0.09476070418706581,0.028388187280803768,0.020745832398683484,0.09296578610144038,-0.15877587013924271,0.08697091287300052,-0.00371006971085519,0.07915725006013904,-0.14769700296671184,-0.22496851024311104,-0.0006737229360971996,-0.2474952266373377,-0.16146230190055824,0.004298823483955725,-0.1252519542480709,-0.06030784594200703,0.11854652601495705,-0.18082252278718466,0.002474626880267006,-0.05561170229190699,0.02765539085035212,0.10126115641832782,-0.05952141418593936,-0.18127097771120634,0.025483295767778216,0.030054923978016967,0.09302187991472426,-0.22021872415897364,-0.14099065137918762,0.3346597412301264,-0.063965163452571,-0.08515899446077835,-0.0601393424497279,-0.16151304227340224,0.3065205636780481,-0.19512478245453757,-0.1862835874467828,0.20300057446800593,-0.23438440665760651,0.06601008057073605,0.11651663334224202,0.01593785114088207,-0.00882848000281672,-0.10574364675337479,0.0709516215999247,-0.34978965480211743,-0.014465633398847785,0.13826422409218125,-0.12400466067014339,0.26967142004661687,-0.06139525094921592,-0.10367414737020725,-0.02357994282333288,0.12539760630944868,0.15274121191409115,0.08867160720270102,0.04827029254575345,-0.005035817947976053,-0.049305379140968754,0.09205809790338394,-0.09859864999506752,-0.20068128699606388,-0.15363325275731163,0.05758630681748424,0.025066331543689608,0.03176616987163871,0.14014852742555423,0.1638881538322858,-0.06834213158350971,0.42636600635051985,0.0235524323702369
2002-12-09,0.07640464608571293,0.10799097974733132,0.006767191806412977,-0.2569261055522711,0.5585507555249479,-0.03052633288808567,0.09898281119496687,1.140719890597617,-0.05314663477511835,-0.14555148706097434,0.0825216031243948,0.19009108828433083,0.12281790316215452,0.07275428769417383,-0.13682060179440647,-1.050899304520697,0.0844395174838189,-0.059819215540282245,-0.05326783212205746,0.13905183931343065,0.09007220159699417,0.036458254645402324,0.002508575492710541,-0.3518062972187037,0.11115068718996418,0.03650399191213861,-0.11584940763263188,-0.10996141446858569,0.025102568416223693,0.029656356125365997,0.2466395357932447,0.019289063337938058,-0.1927926910314951,-0.026148033253286126,0.2729878838954234,-0.0011931225969729789,0.15930820907975776,-0.25311203971142293,0.12214231917317292,-0.08808871318814143,-0.2642897862415812,-0.029437506651107788,0.0877418283603149,-0.1438970876337074,0.04524431131062408,0.05483428108054816,-0.0665537247339937,0.07531299362923397,-0.043977326319354186,-0.0815493223032114,0.08100618598155883,-0.11349225384900281,0.12648305066625445,-0.049478103521667774,-0.007980076610252759,0.2289372539716892,0.09694827008785681,-0.11848719409260604,0.4120297658966835,-0.1960795034727375,0.10887272841579779,-0.2540697830182533,-0.11026827369789344,-0.42562314498458387,-0.008367541568990985,-0.07052558069775898,0.10596383138460956,-0.049874557570345715,0.05329870152276439,0.15247437615727372,-0.26158832829775813,-0.0269472868120588,-0.0032419110828497454,0.038989997806365743,-0.2666493036364156,-0.18343037344713975,0.14413586587486432,-0.16744707197484363,0.26076919128684195,-0.2126166825798071,-0.1085168211979627,-0.272174043865651,0.10585091398238973,0.09063853009390405,0.17105942924092032,0.07712217000101296,0.034723861537241676,-0.04796539128868772,-0.1900657379198135,0.10731919057964702,-0.13510939789037824,-0.10954644490722076,0.20144298943582994,-0.09290653025811965,-0.10614915928395473,0.10458034544051821,0.12052243079940968,0.01601197336877192,0.4156424701906019,0.15318092924995386
2002-12-10,-0.06189093372466399,0.06239099499078332,0.048775413887923905,-0.0613484452989963,0.34934553021558845,-0.02090146287895095,-0.08768485778218152,0.09990919636878172,0.08130361525142876,-0.07231211874205645,0.10082899054533646,0.3688550809249556,0.018915765224375554,0.0978504641977442,-0.09109493561571452,-0.025935605279667474,-0.1142320743140397,0.023461772020680068,-0.24316938555033568,-0.012080446331349028,0.04084833732753697,-0.017124445094620716,-0.09442201572849032,-0.13771373491655858,-0.001280375988276996,0.21981684421119227,-0.12606654043886767,0.005405556875421198,0.32344282689873133,0.0495232163436031,0.4326881088569856,-0.07434262153393725,-0.06392072546768515,0.12879052022386764,-0.020451716831845587,-0.1036567352956513,0.24626612559567443,-0.04287657976703492,-0.0751191139788469,-0.10315450459345916,-0.23175314462399196,-0.029407446884361397,-0.3893247476621934,-0.24300522172126174,0.12073068849976089,-0.031996691422932426,-0.1792201337994905,-0.03288443184066569,0.0111122961943669,-0.019481862526144648,0.2181070604385098,0.014113230410036265,-0.10700695284475564,-0.07552901880338654,-0.039787756016008986,0.0724428341547438,-0.2905155712043716,-0.1064337855797986,0.2446493123171957,-0.030876297004950728,0.20448896196279737,-0.14278823861567694,-0.2714324376073543,-0.5039649537888521,-0.0941480807191311,-0.24113897849817095,0.14836666427106254,-0.04315610479125643,0.17958663959589766,0.14863430776671577,-0.17165113888387593,0.1583585461594125,-0.26520599888066804,0.036316190924989486,0.08513496598833357,-0.1481559805237198,0.062140714828713244,-0.07134219131239403,0.19051852808030056,-0.18830376523978112,-0.12299879177360562,-0.17335990636493234,-0.04123979222354149,0.03138398377265827,0.26353741096178407,-0.00211504725299041,0.2775082946712707,-0.05198037147823915,-0.23682217365940314,-0.1512066520116532,-0.054948955455739884,-0.11784759298040091,0.30793044084655447,0.01941580895214532,0.01323120689670124,0.21061695316354417,0.21263146119454324,0.019176462443929145,0.5487635979525568,0.12371534908457212
2002-12-11,-0.005978980626985082,-0.030618210420991446,0.08647706400154183,0.002146517585538443,0.2652312094064937,0.06431647115710817,-0.12264714353421886,2.0877921732276437,0.04946902941798932,-0.11671759301901642,0.21940091054271846,0.020054423943662084,0.013305470630984223,0.14151375061553684,-0.013755018863434559,-1.929267153233129,-0.1666062184701079,-0.21423402437665234,-0.19473878291638166,0.0831477971131781,-0.23433641707890898,-0.12910699913748186,-0.007719598761193122,-0.030521893529655727,0.23235351434935228,0.21980203100110163,-0.12783032287762006,0.053620670269251276,0.3313090521495032,0.07477469677949215,0.24072959143285266,-0.285041048582088,-0.12160950633325922,-0.019699652378553516,0.42034460319888167,-0.05023745740515325,0.13273796814804933,0.030979202246037774,0.0900728505650195,0.06806814711079348,-0.04188714661243688,0.10218280523542168,-0.2301654203134039,-0.5183375384027514,0.13005540006212263,-0.08943915547749702,-0.03922547599253616,0.03410293146959965,-0.1094481675012178,-0.25070799908879365,0.047610070562739346,0.009932836072222912,0.020235899928052595,0.05561741945789932,0.016122417661167815,0.005501515986024573,-0.08400953635550308,-0.16910237800310984,0.26267959044326145,-0.22785992639318886,-0.1321450896006284,0.018424847037095047,-0.29809619130990495,-0.48311994980239537,0.17343066473556315,0.03725660535636715,0.13246313389460107,0.13310447412905238,0.1813570525475223,0.14451740994449017,0.01511589350746996,0.1503933132144314,-0.35413586573253514,0.05562383053818044,-0.14193103120130426,-0.18937520942797426,-0.08849610733215707,-0.19346130734264444,0.19051852419189724,-0.21813429375171156,-0.09895805142742428,0.1890270920135051,-0.06366519098783707,0.25952975727726546,0.21945040532571608,-0.1702431091774432,0.47186125009973895,-0.21174331302783242,-0.16932762208105703,0.03254620827598348,-0.11041022982440124,-0.07087900061550914,0.07862782173309131,0.13543273064299843,-0.09159313140483974,0.13083938647051577,0.3085992246083295,-0.01823053376100701,0.2803239750277728,-0.05315067818902059
2002-12-12,-0.11432451473655994,-0.0757502382362009,0.050344370643126135,0.08232886852733332,0.06516683263210553,0.13564176968705735,-0.1505132741394609,-0.8176386061314639,-0.19696266593101117,-0.1549891960277325,0.2939380138535641,-0.025462270003249653,0.17996586964040415,0.15994613352108783,-0.13126064695621054,0.9434240977239552,-0.004766294633415754,-0.1870451385093554,-0.18815727324497802,0.17628322182715375,0.26014252013827066,0.1575757268075048,0.05764857750753846,0.20803878747701418,0.03480404366448179,0.17932430533126087,-0.22356327615380214,0.015138777852695932,0.12532533498535783,0.021253176804000424,0.04367167569294325,-0.18021457675514416,-0.0368438956931735,-0.24718465333822065,0.364082972703058,0.04989692709989807,0.008852763809381116,0.06013478156467605,0.17730671795946548,-0.27047992025736195,0.0019064808994731376,0.21838657620778448,-0.039379386599752576,-0.3603746557686058,0.13608279296427286,0.003519514404934769,-0.17483729894835504,0.15790392883005017,-0.13988628039925294,-0.3512263772352708,0.015561452297376464,0.010201479397041571,-0.09213114277224184,-0.07715643086695742,-0.03196389343738595,0.14645405017095114,-0.13929931054886316,-0.18072056649243762,0.30979446536592864,-0.09667242557936341,-0.05233970437839092,0.013672153455012027,-0.1836400885514504,-0.3758888104066339,0.14102540684391493,-0.11832512243339598,0.057306856678980375,0.21910407992461375,0.051038068622395245,0.06912427377797793,-0.09064252806931435,-0.2670417611147273,-0.09160282647159314,-0.06262089355277334,-0.09272178553852847,-0.11800251636873371,-0.2903703487400587,-0.1759748937551428,0.17621080403449665,-0.03416260891566765,0.07418829738366148,-0.09286175925115449,0.030859331277851357,-0.029222468593205483,0.06176138536334384,0.17149734092970234,0.39101075973041477,-0.17165986808299225,-0.03531231855183306,-0.2988804729566034,-0.0818621934174025,-0.018391729876068446,0.11715780052060208,0.10621771830177518,-0.03572641311260132,0.16618697243127273,0.42560914332178584,0.03432516734613241,0.24949058142948125,0.2597030795880649
2002-12-13,-0.05013729137094337,-0.15442091224212123,-0.04618656137201896,-0.02292765109974392,0.3516210304889178,0.04943258819071806,0.025154481249708562,-0.7410525866779532,-0.21737287637831898,-0.07497421889206907,-0.06688004935273949,0.20729738413000096,-0.0448090157017502,0.17535841066967126,-0.02177941228879889,0.8546879106975953,-0.16088558960474392,0.10663614326189709,-0.12421940498240114,0.09686072905603868,0.3518042727577339,-0.010654671761413435,0.004683343295716903,-0.1353406188263453,0.03666468145658188,0.12361164254197755,-0.28540882891813224,0.08453875925593929,0.1338839162869587,0.16993895946292686,-0.1238515650114239,-0.1203717012849373,-0.1950992965430087,0.06709124132766864,0.16249714086461692,-0.011448673514491164,0.0345322224935225,0.1296867074497985,0.1920761941848288,-0.016040625419028304,-0.13920907385844183,0.4051078298134232,-0.08050187795345065,-0.27737047037004076,0.08902959030945928,0.029009814089827304,-0.1581567335066306,0.2842133408198758,-0.02389580368526165,-0.26330070420738433,0.012572463083891044,-0.4349582963667478,0.2561597953330454,-0.07389007309189566,0.05321976909829128,-0.007598153640573415,-0.0377050701911659,-0.09092815008146353,0.2128358860469648,-0.12412420653295791,-0.06413453326123016,-0.07669923802390441,-0.012474414949112752,-0.20297538315153948,0.043790742067721336,-0.18266994052304322,-0.17100541353196996,0.05157846320446643,-0.16910001589421428,0.2708976780256203,-0.31611138927371546,0.06589902707003978,-0.6898649783467942,-0.05859991683806729,0.21072961689632874,-0.1567050280223142,0.029918552571731673,-0.1945210639284402,0.08892063039675122,0.0023274349307111073,0.020897004996254496,-0.035846811857179604,0.08919472247636197,0.22190216409714347,0.17704487944279632,0.29816225639849986,0.15838426890874358,-0.04286320423573699,0.15771538923182019,-0.32349391624975726,-0.06820391616876073,-0.0669633718949968,0.0628117143380848,-0.02346949510688957,-0.37493992178174546,0.0572237617929184,0.1413915856417096,-0.06882850647281019,0.21547039011097935,0.3645928494060526
2002-12-16,-0.025356237348603598,0.2243836462860219,-0.021812754571843822,0.0405052106532203,0.32962108763420733,0.22293144733058792,0.07787707420072679,0.06512591099971526,-0.18915659337627025,-0.373352356398143,-0.18790657504223,0.1659608109741915,0.023587846271092214,0.09166154044949106,-0.11066869842331288,0.04000152331967434,-0.07740937225524593,-0.006123342528252749,-0.2809735010821487,0.19926386637925148,0.24104421541896517,0.047394937646597864,0.07579093076258217,0.19305208571855376,0.07177332077429273,-0.20229007639872773,-0.13000336596562642,0.041484345061505674,0.1784781775666753,0.09022517586003706,-0.12385175997523455,-0.08843655179828283,-0.21155038192296302,0.20043726281595556,0.08164447812862118,-0.015336686298750657,0.1335939148234547,0.11918557163859951,-0.007825492831559176,-0.29074526642485143,-0.035115104475355256,0.24963480795212373,-0.2591929209343787,-0.049295572831117324,0.12702069702609323,-0.023298350795830754,-0.018023167564037868,0.15056098465926082,-0.005339270936851627,-0.05723341988833364,0.06998311289420052,-0.1302903586200694,0.19919662078485892,0.05816653860750782,0.029095413041596307,-0.04290227940046547,0.026260759375501635,-0.05879274757558966,0.31632801665113863,-0.11879424973760339,0.14915559378327614,-0.196967869151201,0.03174697492828851,-0.2945280522264913,0.1457556037837084,-0.24679322084641658,-0.23714376611258275,-0.06517234588832284,-0.05085258572711707,0.14469225885689915,-0.40112174212989066,0.06589902631534356,-0.382035101932777,-0.15405484407498912,-0.012144663177190772,-0.14075006444866006,0.02991854997049644,-0.2031672333267059,-0.044848905985517364,-0.1160750025102458,-0.09401482541973523,0.008731856269337541,-0.0021397337681034797,0.053418489594295376,0.12804560314989608,0.266319809564133,0.12181126387536181,-0.0759424346902855,0.26261805505446945,-0.0688958238269345,-0.06345762294977121,0.043304173984783256,0.022917482753335085,-0.0847418182854467,-0.3112454106621919,0.0071022914650635816,0.11433053230587313,0.04733103101164533,0.07730306590278958,0.3488957406133154
2002-12-17,0.08363307125582756,0.1233585228451959,0.002944885555908148,0.09567256021548459,0.27605791885998177,0.041045637205449716,-0.03137071581108544,0.4564983927438645,-0.025557058007336278,-0.2943966303063467,-0.2422542265891037,0.14279801905925668,-0.005007819458235876,-0.026765034155319993,-0.04092300364014079,-0.33674669102464655,-0.0655905699184448,-0.07426146294965531,-0.2435015444177411,0.20780830412060078,0.2658705182415693,0.17460598741180478,0.16892877075319426,0.060292959301106785,0.1027013357986111,-0.1864293166881983,-0.11803135102903071,-0.014762863544153813,0.11587802315436349,0.035602388860033245,-0.007068160304668768,-0.10775751888925099,-0.07713822132338284,-0.009272916610714842,0.2762550225000601,-0.08553207114944991,-0.14620134512642685,0.053219800164379355,-0.008580561206353301,-0.33247192813314064,0.0030717012524596205,0.11817192557777569,-0.06424948541791961,-0.09393608173534786,-0.0830622326890391,-0.027454702663641164,0.17008786459657002,0.29535098958445577,-0.03604433060780749,-0.1074499777956617,0.18452516270439973,-0.054698987498123325,-0.07917538317064848,0.11784120413545893,0.018662725165406336,-0.07673115949617713,-0.06613173341668246,-0.05879275375289452,0.20897676656872938,-0.28974903405145463,-0.05660252527787277,-0.06846292303948097,-0.09535006301216314,0.27348780081327195,0.2870072024178295,-0.1679858655316648,-0.31767505546752905,-0.16549576722851028,-0.33138167793511825,-0.003055199831293395,-0.04346988205954997,-0.04925094775189425,-0.5279400136569652,-0.11999306092493259,0.2633654899133523,-0.1898030391886496,-0.04729047682210943,-0.00813927473706703,0.057187761330755614,-0.1272722719572839,-0.14393311669551445,-0.040282512519936656,-0.2024756644680728,0.2642132465402415,0.09775062203519334,0.3436520277827023,-0.01428558011697982,-0.20056409402714712,0.21380378985241666,-0.020594522326656983,-0.03347481678518534,0.12230094979171492,0.27336357578044934,-0.1515169404309651,0.007552852294365959,0.011502787421752134,0.16595109074393977,-0.05399958768359033,0.25023910292566726,0.2241616621534907
2002-12-18,-0.1012991920313491,-0.074478230016205,0.08917996319129289,-0.10356126762492027,0.21965870704357363,0.028954102805776795,-0.12434015116546458,-0.4616758246561539,-0.06761224983233374,-0.14837944060394725,-0.16709382346978646,0.2106869066196389,-0.16666188462542553,-0.014104884997899903,0.12666150684333952,0.2625313632378542,0.04100364804601544,0.09262238957642623,-0.219391657365009,0.04269379985930291,0.22820728722641,0.29652906032713966,0.11789726330406684,0.14386360276061608,-0.005713318954666094,-0.04851658146967262,-0.0761940316084173,-0.013034198852383154,0.29947743944175415,0.08941205383568873,0.27563461066145195,-0.054535776173302734,-0.04672484220214643,0.0607014292653844,0.2619152263719189,-0.0855320851829285,0.027127962417559128,0.14822597517590688,-0.07956023902973319,-0.2085129506079765,-0.12047749847617652,0.06477733922204369,0.027324859280557282,-0.33916066800481554,0.0029172362761753566,-0.25351556681136356,0.1595770935259072,0.1721801467355087,0.013460324038752377,-0.3178409328122183,0.11532337507540753,-0.09903985197912658,-0.06209973704009794,0.14310221389785777,-0.013921418464171454,0.3431665885142005,0.048469363350085976,0.28304321824719014,-0.004746326992936651,0.10032763922771326,-0.14822068053159196,-0.1990850004450241,-0.066157851891036,0.041373615924825774,0.18563721898055527,-0.27197886093048323,-0.3154136639134789,-0.3176394940819829,-0.22048776952038646,-0.07095481961271721,0.10093715297443842,-0.19857065730937581,-0.15616114000646444,0.0015423415848703327,0.21135813926557812,-0.19620310876047617,-0.14375611294758245,0.10167354219883376,0.0775649891440851,-0.04943761335279999,0.06465868407940979,-0.010820489293814612,-0.34819119897611833,-0.16602126870466621,0.16157046947005613,0.26971448481875515,-0.1524892565767224,-0.06258236019206553,0.046022359220570755,0.045914446688453736,-0.09620887387925096,0.028628744662822704,0.3222385042433771,-0.14979973990313541,-0.11968632277349114,0.022268208561148816,0.11348077882265563,0.0013734060807459667,0.14975800107587933,0.16501173526194854
2002-12-19,-0.10614691991736876,-0.015239809057383065,0.03247028264172559,-0.08159485229192932,0.28310080860154163,0.21787440338823044,-0.09238155880341273,-0.021474942986560778,0.09885211859260995,-0.031237963443289236,-0.03768123177754099,0.2601918183854984,0.08524477977125995,-0.00484266524570111,-0.033949220377509574,0.16312291348031302,0.07882036216601483,0.1501885344931875,0.07966166405093959,-0.015441542010858456,0.33148742027533074,0.23589415601925728,0.19131904144116793,-0.07765240211321038,-0.007507508775557583,-0.3033716948552636,-0.13168901680396516,-0.09011297184704652,0.1959150004258126,0.0459487073095943,0.14047365473890253,-0.018762423550511532,-0.1733884667216891,-0.08376209677868336,0.24240578415288874,-0.06174005154761423,-0.10107694832627998,0.14028048385311795,0.00401123308135986,-0.2409580700938143,0.10726413157989949,-0.20644863098804433,0.20497048768030443,-0.1249055810099344,0.014237598804666293,-0.1959304920937369,0.13980022564016967,-0.07064287808847042,0.00984178512530555,-0.27148220792457883,0.1966857999087119,-0.15525315876563903,-0.013580936705253434,0.06262981397459194,0.026216124071688253,0.46565763219659567,0.0337291956552524,0.024506944128564436,-0.04457548370587928,0.12964249025999292,-0.09297636773010066,-0.10524881462481916,-0.05664301809065035,-0.4744066114695566,0.07623740017588262,-0.12847367143783225,-0.14412653827851335,0.029619238514590775,-0.006407384496398744,-0.0709548244914835,-0.010633742604588853,-0.11114553850104322,-0.2576726203253948,-0.10228248337197764,-0.12343583186326361,-0.15214691790996818,-0.23926304154148517,-0.009750507584411202,0.21316608091785957,-0.05068340837263288,-0.2704724399828749,-0.03387045093776994,-0.33881906668312894,-0.04535810148139005,-0.10569216102297238,0.2782166281522316,0.0830998241922474,0.028699653941650995,0.041834402270508324,0.07194672797630329,-0.003675885536055671,0.30022960551771366,0.3081881546158586,-0.0706590279329649,0.04061458730722506,0.05813008262862385,0.1022305455982613,-0.06758461171746051,-0.02632990708815748,0.055625467351257424
2002-12-20,-0.12684488589537507,-0.10223256110251619,0.006094780388598287,0.10246387559922826,0.052939931955537416,-0.08694662823709325,-0.02981853744691753,0.942066554180102,0.38487219336311057,-0.0019187941009843777,-0.2207369127369646,-0.02981455846632171,0.09803996598726776,-0.019288420152733098,0.02073558925382694,-0.7612259605166228,-0.2723622728180529,0.0616982133613543,0.3956867585538272,0.13779992819041567,-0.21034349433805705,0.0260943840175245,0.1913190416385488,0.009407693319851805,-0.11213481773565562,-0.2352485640633249,-0.09105953741482363,-0.05767001199395191,0.18681466647804248,0.060949526630813836,0.18568439139385942,0.07230855851827397,-0.17880562183740126,-0.10402583518365201,0.02759762021791026,0.0942312422807032,-0.019851866754302207,0.05964333836532486,0.0162671369738464,-0.20477582730583527,0.13672115647520963,-0.2423923988881469,0.2631183483642745,-0.3768189720370181,-0.10235166578131097,0.13924859496114048,0.20550091717762203,0.010737164493031809,-0.015603290716055457,-0.16843016916346548,0.15832596127096862,-0.2007093723285439,0.08945126143072263,0.04435420613714628,0.10453389185274581,0.19258989460121284,-0.17969974278683568,-0.06549257854331995,0.4445286090104388,-0.06932871198188875,0.2520683636903259,-0.19099679615868168,0.07010456920160325,-0.26496311614387247,0.2306749068808483,-0.5398577182870345,-0.0955159819471047,-0.14732046701082305,-0.10896366844685465,0.019216782230260077,-0.07329736035873854,-0.05999484044605534,-0.3367958335482071,-0.03409435033139595,0.1644831110253378,-0.12323571790991424,-0.13844021945629992,-0.1613499847650361,0.20338059577968254,0.12881558914036,0.0425031056114072,0.052252477892733046,-0.12439495125925723,0.06237282143949446,-0.056234167376765634,-0.03943306218441976,0.4024661734487441,-0.08707068919931371,0.14837692910745667,0.14297922398611823,-0.1316125708626942,0.06480222403231245,0.17265732319854157,-0.13300089167216966,-0.011388118292578908,0.03975315961867494,-0.20217685834569427,-0.08654714784981882,0.16879278546981372,0.08114701346777667
2002-12-23,-0.09724560895337926,0.08294402020988406,0.04128966722238035,0.06820471026683537,0.1330843815505631,0.1311909940995196,-0.17818741317321235,-0.2980263091030808,0.1583291185418787,-0.15317526306370133,-0.10332502983294141,0.02498796383927942,0.05796776032701478,-0.01625961280428447,-0.10557339001928877,0.2914159445813666,-0.15917377483618694,0.07667327743635889,0.13218555196843157,0.28649746925107156,-0.20812930395999796,-0.0615663424747509,0.09888613330640485,-0.13638773035359744,-0.14133123188735647,-0.06648815195045908,-0.04702721287608704,-0.07375182846297079,0.3699617070965078,0.0711583157239609,0.22448358199166601,0.041116627085669176,-0.17880610037182063,-0.2733640165172952,0.03617043846447909,0.20196432798402095,0.06268596420833215,-0.1725779300262214,-0.05509506368818651,-0.11171419669177486,0.14550555060272533,-0.0565677074269273,0.4071957707530957,-0.46437668374019125,-0.02120947546588287,0.2668138477240851,0.21027926249479742,-0.15481157705847595,0.021762393328822075,-0.1376411665859214,0.17107558250992158,-0.13108008394524298,-0.09636744798666869,-0.07587994634669645,0.07239637820024288,0.12261836925547213,-0.021680643610288274,0.19579961452486447,0.28018583988698037,-0.09745078193030526,0.17022647723330928,-0.005372387805636583,0.05240672111857428,0.4270214162809648,0.20545944357995688,-0.3738292554375567,-0.05835740208250134,-0.09146416158198864,0.01796953667623507,0.06733373788005194,-0.176520432659711,-0.06329754741843766,-0.35042448757905,-0.06613371705261624,0.13339137165891823,-0.020802568571561313,-0.10237695263002428,-0.2184666598891365,0.14308374492119935,0.1288155632628924,0.037950519166140846,0.085307458060274,-0.08464324673165621,0.02577901496371505,0.007693794837867727,0.01537969048244333,0.18777624561970763,-0.061014040870625494,0.027917396572659584,-0.0329944162950989,-0.1417637645611669,0.08530290985699324,-0.04662143902749498,-0.3400238944503911,-0.04214769651604862,-0.013206104727532817,-0.20912074780723736,-0.0794604164626249,-0.021792292789799335,0.08571120023919797
2002-12-24,-0.111950360141492,-0.010657738804350685,-0.07591492502097578,-0.03657266084225975,0.13723250778922222,0.10567487921009529,-0.16465619933717268,0.21542497446984382,0.16954842892352434,-0.1531752754827896,-0.17318697893482626,-0.2975465773411407,-0.02755972742718683,0.06819929438796185,0.10285423554009522,-0.15426115264627294,-0.280354217558121,-0.05893877059155761,0.1931081055841858,0.14121987767162952,0.06591570031880346,-0.26553883909866344,0.1486922811502919,-0.24123353097699998,-0.13669869696606937,-0.027898044674181353,-0.04182484798304185,-0.04260216101967249,0.36735751866680644,0.05249250908919409,0.2687160290206107,-0.010817875766866823,-0.05649145045619717,-0.1933825432876844,0.09034635275826428,0.26390131046440524,0.2722244168248654,-0.35501556913299337,-0.2738133124044171,-0.0806589267212121,0.15357597532171383,-0.11996223168569639,0.10183695826112207,-0.19193203948017679,-0.37303775760069824,0.16498705507799286,0.11471184605378958,0.0842074672213721,-0.0815357104116354,0.16858760424470448,0.024540506534546463,-0.24252840459143662,0.024755686043991487,0.2112109529690767,0.062085369378702425,0.1607546562858592,0.19997116823255895,-0.10946889345827567,0.2960771820492178,-0.008581447980429287,0.23926888407841335,0.07907612224914311,-0.005074392762462761,0.13266310001757553,0.34715394216238743,-0.15174161023100374,0.04591409378895404,0.05953978736924897,-0.0499287211668969,0.08147998148905401,-0.14361406553827033,0.06607407971541794,-0.05075642005488728,-0.3327864918266461,0.3436381975090323,0.04937247209335779,-0.18018383265600968,-0.32091079064476014,0.09850443032772646,-0.08800906245651452,0.1335535057332735,-0.12772999536253848,-0.02428015759095405,-0.09794548492531045,-0.0019501762168251339,0.019657183855384907,0.14523296121281917,-0.18322908203136407,0.0034538767717435647,-0.040650774718482316,-0.20253861704432383,0.3367026783834283,-0.06296305178347568,-0.087160170478693,-0.10534085565826352,-0.024521064659135908,-0.05045008564670721,0.05212628655016277,-0.11892425025845867,-0.05529363134168796
2002-12-26,-0.09400904783966178,0.011297678285349968,-0.0035367666950276446,0.021903823286497842,-0.05418633944802952,0.09651451500084647,-0.012681953503427419,-0.14018252600178047,0.14227431754112102,-0.14899437507271227,-0.02018292956969733,-0.13052944251494686,0.06648777658478167,0.07848862247581818,-0.05696175992540154,-0.043719153948146176,-0.18455953665594624,0.0645374404216196,0.1197455068737864,0.041071246687267374,0.009115538992729884,-0.2574541544166622,0.017839377589743136,-0.2832936966388964,0.12014765999735126,0.1750931768258094,-0.0778398704369595,0.002115189039205871,0.21902179974477703,0.12495626698315908,0.3181702596569908,-0.007582946894148413,-0.04253108267481113,-0.40247456374032126,0.09667326102034172,0.028854062954068994,0.1333483694435224,-0.22914309286339613,-0.05331760439258422,-0.15319365742446536,0.062107292662770056,-0.0606250829048725,0.21113455266719508,-0.24801503218254503,-0.3135157121106007,0.15938504524515842,0.21013815124060362,-0.06433509164358746,0.052443039678699545,0.11520155544313268,0.04900621688879547,-0.3319811419032402,-0.09218147168309315,0.14481700159718325,0.03154693118822166,0.0638654741778437,0.09144114889011261,-0.057070543502283126,0.2578485092344244,-0.0662603718684284,-0.020380015773674546,0.04895031301347351,-0.021845720646924836,0.14363200944859236,0.19535038968905646,-0.11633833227289148,0.09712781485100974,0.0990779526262293,-0.04700868636586383,0.08147996773829791,-0.07322491121350148,0.05206549037423601,0.027263229523625945,0.05598014886097003,0.23640354794681226,0.016174963901772105,-0.13288746125755943,-0.15680531051591262,0.055424917982223924,0.005577940091354239,0.11991330414457453,-0.13363310755056254,-0.14449527597502473,-0.07250100043359782,-0.04152333504793416,0.16158165001644853,0.0529517942529501,-0.12185409734961038,-0.0532454140745462,-0.17553698527226597,-0.050987564914684806,0.2673914317961531,0.014788651921500704,-0.09711979828718637,-0.20367586091377882,0.06548547846582656,-0.06306839592760823,-0.16778847285917547,0.11780969256585361,-0.03736380611173158
2002-12-27,-0.09477115830033818,-0.1378505486432537,0.0852906637290772,0.002274027742979307,0.09295675361141442,0.0017836317495360354,-0.012681954360815926,-0.11929732559034911,0.00844987488397534,-0.10127154885576546,-0.02520787769500654,-0.26868839284454865,-0.05251671954514382,0.02615763075326772,-0.039302968823115715,-0.152948674664086,-0.0528320182751224,0.1327771784706685,0.07913475705522724,0.2554375277861713,0.09626807637495123,0.05022762723570347,0.008276447205212957,-0.18355836581457458,-0.1333528646328889,0.17509316920868126,0.011614478621000377,0.06431227473551429,0.26835908417171167,-0.0074218372591303705,0.18704563324627527,0.004051715775914426,-0.050488382056851376,-0.2616474435012359,0.24516432553305129,0.17384301138099886,0.05904021769152991,-0.07133816204884288,0.025601229391404884,-0.032074267255813166,0.12752023871787568,-0.012291372952845858,0.13608207223566202,-0.2472182647684985,-0.14188133380587337,0.12446328631991836,0.02345609165396069,0.032268908368621646,0.04646727224160974,0.11520153674453092,0.15616626403536793,-0.14009222213261097,-0.15895507651324417,0.11019821429865352,0.01800012636727844,0.034702247363353984,0.05809557448581559,-0.0562087603101928,0.03890792287336856,-0.22270495777200078,-0.16610849867535818,0.12012344251017612,-0.07712916019254872,0.297373509968269,0.10066696801721019,-0.12325250263935138,-0.009317334578423578,-0.044776839413395046,-0.19981262893820656,0.09902672154879381,-0.13402233510710368,-0.06584296568505246,0.07038649928505177,-0.009719400780307565,0.0027369378787219832,0.0009123346519735572,-0.014719128693985015,-0.22528056260114654,0.11445737593053189,-0.15671237376402422,0.21545735642710354,-0.352184901910199,-0.04568891763311701,-0.06593119811247257,-0.12171280186880877,0.16158164795251553,0.14525649829393458,-0.13677966387092175,-0.06423302416085702,-0.13906864077002348,0.07559764489340096,0.12284779876092337,-0.1243319874704765,0.14183458640621188,-0.13920411186052242,0.010361260822534595,0.09887293365114347,-0.010913261072535487,0.17736791923534978,0.10473724501310615
2002-12-30,-0.09477277563910695,-0.16035911684047352,0.15399854532006657,0.012141967945185177,-0.006809401595811467,0.03404980617979592,-0.11138382779676442,-0.447744230184461,-0.016716380467657176,0.0750812008362781,0.02997800360092321,0.04890553469769811,-0.011046474998249097,0.12000664757415604,-0.09804944807239795,0.23878807706913097,-0.05571830482507957,0.07459887344917872,0.05196072049351529,0.07102485423639966,-0.13118281215528463,0.20754113486167047,0.008276536011248134,0.04902793048808402,0.024138025357767545,0.1162003432200344,-0.057451928310439986,0.01715460540104353,0.26835908381228546,0.002290301104711394,0.16998219455097566,0.021534830012134226,0.029622304210157706,-0.19540279218050483,0.053895569539754974,0.01306246501768856,0.1561699986240278,0.037778271309983576,-0.16757975501075772,-0.04531056623839845,0.06272613242939887,0.08184113007108439,0.03652790008554978,-0.25599490516602114,-0.11324080660143095,0.044418597271444725,-0.07984065755244077,-0.05676801536161322,-0.013352604067869945,0.11940508298344257,0.15286705893301641,-0.07639079564031791,-0.009883449398814756,0.10247466650489516,0.03646593314069959,-0.035457527737278983,0.09432164144056185,0.021991467289242766,0.08834640232353361,-0.313593527590192,-0.14832653442479643,0.21329875552692212,-0.16463808861595305,0.3115773780007185,0.04044819664876543,-0.07818563289738899,-0.18059880910936327,-0.032019658359151375,-0.05023470370476091,0.12498667988475887,-0.0768033850574588,-0.002871551961637036,0.08570106491242739,-0.09198803520933382,0.13665398893376177,0.03890027245670225,-0.16349008956189762,-0.22528061335239713,0.0838199495377273,-0.06070915218525477,0.31104344637255865,-0.3312784947892927,-0.08510595992456639,-0.06593106655974837,-0.08231549618785693,0.06471006193230969,0.1796545125409255,-0.08086895984902508,-0.15389796769319575,-0.11268337576826801,0.06992993603029692,-0.10798727967884922,-0.045953611863880015,0.21728589403550982,-0.14723399257017342,0.012094773847297454,0.10637842348724293,0.09556890866636153,0.10047633687428754,-0.0026146801945290538
2002-12-31,-0.05070395930435763,-0.06571394939393055,0.09438704279358723,-0.027822348443329696,0.07617162815112456,-0.10857560949484207,-0.17677506779097407,-0.012033033714151233,-0.0017902168913429377,0.16469874757509217,-0.030204629996118722,-0.0012678746269352795,-0.08503178862878465,0.05695919859456057,-0.0008098277090492393,-0.18810572079689786,0.012381635019100947,0.11371540457628392,0.006853665038420641,-0.134894217919965,-0.08004849282440776,-0.071679474259221,-0.07064225609017026,-0.006140977313429198,0.0160788219090055,0.14209443580128453,-0.08897118531517262,-0.008613682023712783,0.12368299895717653,0.06168650125118826,0.07996020338158792,0.04830871878148243,0.038419658029340054,-0.09741340739038465,0.11218747637440785,-0.05732116072184958,-0.009496195110718319,-0.06274936789712857,0.03242990776505247,0.11601904095101002,0.13087646557032226,0.065826778818836,-0.0664160057205378,-0.2812042369663513,0.0426085263484173,0.14752077842827302,0.0860928305013643,-0.07518459530438192,-0.027852178890150684,0.18896987739362084,0.12340160650787596,-0.12553974774304774,0.0363689140883136,0.04814731037610768,0.012579742469491955,-0.013707446073960593,-0.02443119028424224,0.03618165956151849,0.162663258687641,-0.16438175785223552,-0.21046088612901334,0.07677130552296665,-0.04920024538350118,0.21811771747853922,0.010026657701924784,-0.15765584754714343,0.04355487628501136,-0.12926885434025226,-0.14001722599121408,0.024168121803470454,-0.15373366768411648,-0.07663009994285173,-0.05713502550640413,-0.057092086158868696,-0.008201832051057378,0.12614300461464584,-0.004241052584246528,-0.2272372619170541,0.06585582830236546,-0.02795252139434967,0.115320524536167,0.060558339169974156,0.0064922908999207034,-0.06446134024341268,0.03169811406998211,-0.029777839705057565,0.18467842061835973,-0.08386555183240428,-0.06746774348652189,-0.1426578856796329,0.06900342752568045,-0.036101514389855455,-0.11008056247926333,-0.04715221164803885,-0.12038501997615543,0.13944068360672893,0.09789200930799832,0.051836094157165113,0.1129898167614746,0.1140086777387787
2003-01-02,-0.04468020898721211,0.05845500304190939,0.10932337751521395,-0.04047791225065106,0.1455842081551266,-0.11949455243468735,-0.2880541429163039,0.1836140761673316,0.09071734073719923,0.04325751701317618,-0.10086906180634751,0.05692297533311429,-0.13381907392054712,0.10307366527140324,0.10037289238895036,-0.2518593069967141,0.03659203614668675,-0.04691057166008104,-0.04252225459833403,-0.08627710639074981,-0.13514885673195698,-0.032279416886655574,-0.14593696592792552,0.037008462616450716,-0.019749613193012446,0.10220669234266194,-0.028966358371018994,-0.009427550573074445,-0.03297645476943204,0.05338313977379994,-0.026703947927991373,0.04287563664198661,0.04973108259022055,-0.17021518376816713,0.24787101927455807,-0.13287351260283609,0.011674602927996717,-0.07054425745256873,0.02487992144094766,-0.004542230152359098,0.1308764608465672,-0.03829283021308044,-0.015405332889161644,-0.31983302638428174,-0.09405384803731444,0.10492462547533175,0.1238056419243241,-0.06776743735454908,-0.06290271741646135,0.21694694239764303,0.09727382018993443,-0.02201874621841483,-0.009317867204555135,0.05107080065243227,-0.013715919796819138,0.025049624136360155,0.06919361114957186,0.0719730696484108,0.1769987512398715,-0.16094002256819562,-0.22728026332203682,0.036775141974706264,0.003493007364529663,0.25073052306978577,0.016594598349920983,-0.12574607724679124,0.02417772244792488,-0.08216380819893841,-0.077353111612461,-0.020101856434887287,-0.10232421186059835,-0.1830595457126576,-0.09401599729235084,-0.05287308167897629,-0.11223036495609097,0.07720547680635508,-0.013484634315386138,-0.21589743554987434,0.05290870063457531,-0.08592761665809195,0.15623090614259758,0.08073237356109679,-0.03528289948293179,0.0494159797762157,0.0402917231285563,-0.013449355852502159,0.15032074153248987,-0.016397592566109717,-0.030131588391397495,0.03154078074384127,0.09850833657335731,0.02617023135578842,-0.06179688664133259,-0.06063062562476953,-0.028902158445889736,0.10335140418805633,0.11107667621140295,0.03958373049727962,0.10902493517575698,0.1489359424992077
2003-01-03,-0.03342573480776513,-0.006953694644612968,0.10863333161487528,-0.14957888627040208,0.04515812722068354,-0.08025846625254839,-0.30450209271339324,0.18361406761836965,-0.2686828421218402,0.010242287511778074,-0.20972682001686482,-0.2490972242191268,-0.17377546210756067,0.07442881090852886,0.054490370137867845,-0.04797347270539125,0.0732482123763111,0.00565417971037144,0.09151785708890135,-0.0521496690969559,-0.23435459865435126,-0.057369095251204066,-0.14868613719795556,0.1692708569476597,-0.04240314725062039,0.14374902931763545,0.020258542909608237,-0.0028807447420442175,-0.08078697579457127,-0.022105002826135502,0.010619992901390474,0.04250320460668302,0.11487447063582035,-0.1144928667361935,0.2551585124518893,-0.05879163915383842,-0.011092350459333433,-0.014811318189647893,-0.03210218456310606,0.17455943335582924,-0.017862072746870346,-0.025289993477981807,0.11551629624105686,-0.08802625766219292,-0.09450637505392083,0.1515603450245884,0.10908865889809312,-0.05149523769475686,0.023730499657541582,0.24655236674980374,0.10083897828927134,0.15545380497849068,0.2749221878262196,-0.10364214350712224,-0.018942493916982685,-0.02367101708676319,0.10896113261375814,-0.0742425389308279,0.27478437583351406,-0.25588618501553,-0.17356127362937349,0.00323395882136304,0.01226220836319623,0.20226670534683744,0.04485664414362773,0.017125808007376866,0.08924702928158648,-0.03805029334268565,-0.29755840935226824,0.10164720443758571,-0.11821874849866511,-0.12214004289644874,-0.3546794628754952,0.007417851539098482,-0.003269011613607099,0.10527840359289707,0.05935393110554078,-0.24047370062370074,0.08584501830781427,-0.23033989509140368,0.10513042383721752,0.030951328910113207,-0.12164385544690971,0.0741731479040965,-0.00015627261679344704,-0.21472921678491655,0.0063731900479353475,-0.1113460753860621,-0.1162807549969619,0.3637693505690801,0.05720023668705573,0.06722777832935424,-0.1484495462903694,-0.10307298518501493,-0.009921785280551834,0.02719707485579728,0.09048527610864932,0.09351037215347367,0.4811024003065608,0.19386518350499313
2003-01-06,-0.1591546644726841,0.022894259454321678,0.11442864097376763,-0.39180909661033925,-0.05220536196445068,0.18584523140108883,0.03208346248418322,0.12378837815991565,-0.07243003333837193,0.20933626139585365,-0.411633507166533,-0.01773596863095595,-0.22071363086664483,0.23643372854943623,0.24202304542169387,-0.2438201483078517,0.22228372775371716,-0.11827211992661059,0.1565626548305476,-0.09420001479787513,-0.019155159760332167,-0.22004253168780974,-0.12503617228237995,0.07085389312600754,0.161752406365486,0.18484138767270347,-0.10898270471219293,-0.049068750263890716,-0.09931107811626225,-0.040856169402496596,0.02020925899939045,0.06358292872938189,0.005181148838265671,-0.0929714435628168,0.2831225728863499,-0.1858190031610051,0.08972218293042847,0.0866213989607607,-0.11664935547509393,0.017715664524553292,-0.06521613597661155,-0.11182635452948242,0.1460981144600374,0.014564807027807544,-0.2475930485127598,0.09447757906840158,0.2903866388610041,-0.19667041653089096,0.12027388666677967,0.16871496234114788,0.02079738126204015,0.11006673053846168,-0.03789654730483626,0.013285069653694316,-0.011420217581630351,0.24769009920926555,0.18758484827099933,-0.18876333495229228,0.25363748309900885,-0.10348226428830515,-0.1447383828605974,0.014706620528704134,0.06462269572726526,0.38436690138889185,-0.11432384309809611,0.42861069014696257,0.0033807225071258783,0.12227483369035563,-0.3335042876225154,0.16236612360766134,-0.06885634805206979,0.12707796005934657,-0.2949730189729734,0.08899004260002147,-0.03977231530745284,0.06705723405802876,-0.03938314479452313,-0.2566457313834771,0.13252793939512106,-0.14954998411918458,-0.051907222993695996,0.06541263204765893,0.06291173835486258,0.0739958412177042,-0.07090707483067561,0.07578030319770789,-0.0333466344676861,-0.077287798783112,-0.5651069813663233,0.042553476478723665,-0.06612554671449122,0.20959379687766494,-0.13826019762521405,-0.27126063728177674,-0.04246096057652583,-0.09216260109484865,0.13738749097159056,0.03005461149593777,0.35361730957066867,0.05862316367013667
2003-01-07,-0.0021642496918344964,0.2094247543156494,0.06073263725363555,-0.3510651080327797,-0.012366018302650675,0.15664661012212558,-0.02975264677963637,-0.3323546716517036,-0.057201342045344675,0.007642037446412741,-0.27883883831120915,0.10049699172740088,-0.25341921726594785,0.33198296966537705,-0.06713048868002916,0.3852444869138348,0.11090173882983874,0.002136727169206217,0.20692007673519003,0.0625589743910417,-0.06818739988095371,-0.09194525416351645,0.0025514950919248674,0.2788224354118742,0.16338610239464182,0.3432180423776945,-0.11407588418460968,-0.06370558646797345,0.0042093224113658465,-0.07771441579803808,0.00658802183113006,-0.06606387280364641,-0.07689283237410116,-0.03488332905095116,-0.14697427329380183,-0.07124446942252634,0.07661410406002231,0.059310518772889405,-0.15312180785301588,-0.06501500563161722,-0.08279934777049583,-0.10843270358841255,-0.03825918328837705,0.1882029185747946,-0.16675393232559396,0.008213551959482906,0.03992999275885464,-0.1966704293851218,0.03317783406894354,0.1300872518185369,-0.04838643301224266,0.1563519340434128,-0.31094635522813113,0.16826562923984778,0.0727191918805683,0.3240125375339246,0.011584052334309803,0.010325926091790684,-0.15117427970206052,-0.13030252844878396,0.054591234813665436,0.042456434647605776,-0.006383764883675316,0.4283353633075864,0.12074351633048014,0.3074088500739042,-0.08272100019658199,0.07502075892759183,-0.2762905711949645,0.08830048122393176,-0.009192944926215292,0.08545865140799501,-0.3433000430243331,0.035793953798121794,0.21468075298240918,0.16415802934325982,-0.22686848218555558,-0.2478531727032578,0.16716719766957538,-0.3656180185905911,-0.15036437431856953,0.10537162734729173,0.06172187361492091,0.027185838264937732,-0.2628634016861415,-0.16332814542782095,0.02102874969153002,-0.028857544345765797,-0.2260456572768381,0.10831569923468556,0.012349632636366004,0.2870088346054598,-0.17869630843068898,-0.10935324117852135,0.0941164713757946,-0.028025285717443175,0.21957162670517563,0.11698065217664638,0.24898142254443378,-0.05501813896805849
2003-01-08,-0.13708958525230433,0.11028157415067043,-0.010232570723842194,-0.46761295500460043,0.029346474523702554,0.05320306892086684,0.022771111689105093,-0.2790125290046515,0.09965760762396259,0.24692970132491127,-0.06571075686901705,0.35278960801231046,-0.028941528515883174,0.1118763710638737,-0.19675397117904128,0.3507960808695441,0.11090173560305663,-0.09746073622133132,0.23974004729498705,-0.012375506528417075,0.042318777738151125,-0.010134040862147886,0.08363632975599229,0.3192465906859174,0.08268890461718388,0.34902820376504823,-0.2481305617808038,-0.19296029566842862,0.0759820831606944,-0.053871753826339505,0.21680806434115096,0.05285948896375377,0.014672638483974746,0.13827076994274837,-0.243431811838133,0.023966784686522982,0.0037790653490620907,-0.17636014701595598,-0.0739954254441796,-0.022052712406358883,0.16470191586955552,-0.13998987141339275,0.35369765952219323,0.05119305731533057,0.1345574511858816,0.08966317766451555,-0.007519307661744089,-0.15692532667877898,0.09490966258277438,-0.11560163465139284,-0.048386435491330586,-0.23875996922713666,-0.18612489725498974,0.023157036935660055,0.06946296395614132,0.09554744860756058,0.10044657695799404,-0.10909623475314673,-0.04061944278139645,-0.10263951097431162,-0.029684206731906814,-0.10679328624613424,-0.006789699338821151,0.14949852882695824,0.10906140153045316,0.2770619402280293,-0.07001860181519165,0.4470163234902426,-0.31503479766821824,0.038788516286531655,-0.09477064214376141,-0.1470290701808791,0.02267496025916972,0.052432613153136305,0.3303909191785895,0.013877510599217815,-0.13952433878624781,-0.2749743075722001,0.17031780243221373,-0.14723457033767887,-0.11437461912707013,0.3234637996964846,0.07098300182036464,-0.01818567204944515,-0.27563193219208626,-0.06126306799718576,0.18711037912003103,-0.10439896088195413,-0.40827872042815544,-0.08052408056898448,0.13900714698456815,0.08657229909910027,-0.025512714993444992,-0.14358199629850055,-0.04072781961241745,-0.16585144687472272,0.17486711802867078,0.1886667884714102,-0.2740854253880795,-0.09512283556224703
2003-01-09,0.14274357857619796,-0.12579716607787791,0.006960819682223586,-0.088191209108296,-0.05943384283687006,0.15921111128155557,-0.013283884290031267,-0.6522461581868645,0.3015095971261978,-0.013746673469128829,-0.18381710930254158,0.14356801431444444,-0.22722358059046005,-0.0702321978100901,0.1663123540277755,0.37768400045563577,0.15785763762137986,0.1770197039677689,-0.16473810133751668,0.09081068640779572,-0.11581229236194358,0.1477547129274199,-0.08222632194561719,0.10307300314222585,-0.0823438884404276,0.14551909851971032,-0.1809423638041392,-0.062421105630139626,0.0967749326278494,0.18687485970636114,-0.027734549118450753,0.10086124020334442,0.12617189443668064,0.0477996239890971,-0.2942731093555603,0.010087721575508841,0.003779055781254137,-0.26324859861687766,-0.28867885731139237,0.03997278962658634,0.19547218018459697,-0.24220917040755954,0.02751194533184264,-0.1634510392508152,0.22599182399899415,0.06444790239904284,0.20740343811459006,-0.27694367491307786,0.1205799932424546,0.04135612749838494,0.2339308202023755,-0.04721186627052911,-0.3360067897503029,-0.0915983851170367,-0.024265863674100083,0.2824311824322567,0.2168196124047407,-0.18571053711290003,0.018452019928562238,0.0004718554155348737,-0.31640628092103706,-0.1550727462002618,-0.032794819376819946,-0.029145936497411297,-0.005039390375904765,0.2428585858241457,0.15957583995197144,0.26322794018288936,-0.1744352531006094,0.20279806556972588,-0.0688432169870716,-0.2054905990281624,-0.09580067595723205,0.0868474933577647,0.21000311885496828,-0.10002888621492577,-0.17494923709759616,-0.08022815333038612,0.09136124641532511,-0.20835409990598464,0.03094651492805091,0.5083399817182962,-0.20772015615665526,0.10268345470793862,-0.20420552671739947,-0.010120096201198824,-0.0051827403510900745,-0.025998884523486965,-0.262130974481346,0.1234874893944893,0.13031997584106828,0.10642172892894805,-0.09137070582838047,0.06372170066693143,0.19397413712342157,0.033698297738276865,0.07394227631264434,-0.20756813116739814,-0.2566259444925218,0.0657466652121634
2003-01-10,0.10666628636520495,0.010844080587424072,-0.02597142645890826,-0.21256333188941948,-0.042927298538063374,-0.00833025244845614,0.24730808525661627,-0.16726863134466008,0.05149182972407569,-0.07850370594913911,-0.16795716602385444,0.018943318096189873,-0.04551070617772221,0.001265294448354134,0.1373657899124886,-0.09771421459665128,0.2312278621456155,0.04295597168613333,0.04928999144290728,-0.012038569727553744,0.037946567158793,0.276802547031905,0.04467194483477387,-0.013402301173468358,0.038560765474528,0.1568650554256224,-0.18348805212239627,-0.11468131667877837,0.006284429080310991,-0.0016458441819683777,-0.03492645367041925,0.16880869000537785,-0.08320108176605805,0.11876567652744772,-0.3007364226167036,-0.14884401279968107,-0.2526249175016132,-0.2828023477834721,-0.06824873284283858,0.12922574035228426,0.1592216537431923,-0.23387517362914997,0.2146757101313528,-0.024856513966176226,0.21906010332221146,0.1969707729159293,0.09834626418512528,0.004084960371182815,0.031408403936749894,0.10004985473551951,0.03200110121180686,-0.2694141544440202,-0.19187872829279148,-0.116865097531449,0.04256166630744864,0.06853793146451209,0.3103175502206296,-0.1485279384490317,0.09012804848856387,-0.1007596791156773,-0.22888005659561006,-0.1600842815983331,0.014592521239934682,0.009020710901666128,0.10241710087808109,0.29831417842091296,0.034248357211072465,0.5062836815469264,-0.27696251194565186,-0.10023020355804194,-0.05781990324071937,-0.2965323732141538,0.15315400946061436,-0.1636917280699254,0.04281054859982575,-0.04346125903242995,0.003928911691919958,-0.2470142442586025,0.20724254404773515,0.1447226849463786,-0.021773447674096457,0.2878881802081956,-0.2546442358373412,0.370376686879412,-0.33038526421621184,-0.03460624836356919,0.20900534062824033,-0.015808523096153382,-0.16813018740437424,0.10448556500622469,0.10690797634610831,0.1018798593225001,-0.09843156700721381,0.18763965653773323,0.03931617975504533,-0.12255457457670577,0.17494007637748363,-0.15403854944162482,-0.16436382738300814,-0.015647848439723038
2003-01-13,0.10850572006694566,-0.031806538160925275,-0.00666336369738933,-0.060967656030009185,-0.17254690227109457,0.10379490550545999,0.16734624168212614,-1.8850563643452183,-0.14302749821090877,-0.012679712905980339,-0.08731470055326558,-0.06551918301928365,-0.026568515377241742,0.05120612827927848,0.06535547149267922,2.0387703439919487,0.20933304949543302,0.04295596205950681,-0.08055864748041756,0.22797872967575528,0.1380124681850063,0.3255672444398716,0.006841734293104976,0.2071243230710392,-0.0941940977728898,-0.01952083540842654,-0.17502368140272753,-0.09030207035904478,-0.03833276115350917,-0.11095116042591795,-0.2622704664118102,0.13490547024216828,-0.20077684878130506,0.018262163176153885,-0.5228172691694851,-0.051186566997405834,-0.04104052298426058,-0.28687602782242344,0.14165507268038052,-0.05381636699045331,0.016843708599568255,-0.18336250235429277,0.1721473074718115,0.12125527313618947,-0.07905624243774416,0.16229093049677365,0.019195939329512107,-0.14132031734142506,0.09795033103873106,0.14916508334776235,0.10108985047534631,-0.2154817551305781,-0.4464336992547479,-0.050670383211820345,0.01836861804368536,0.3381218304278811,0.08689267606379457,-0.07555440830341802,-0.21578574180497506,-0.16869041395679255,-0.13722472545837358,-0.03875120425873096,-0.008878831299499441,0.38874169726401503,0.16111845686883094,-0.08922691286647841,0.006050031481474092,0.4952229971339936,-0.21653699563523177,0.07412051706148737,0.02951498591874987,-0.3173841533005454,0.16395342047424963,-0.04300510628752595,0.31361169092485053,-0.03346857702590789,-0.03552500829397555,-0.09834648207805825,0.15913618797447154,0.1274904687413824,0.11409747558670325,-0.12204303071635701,-0.20501348753796964,0.27255390270368884,-0.2933786186716087,-0.056910818924729906,-0.10306797669333836,0.07153986484063203,-0.20692715700728712,0.12406753777144831,0.0976337247950551,0.10180362744266949,0.05478689598946761,0.09327096879107337,0.14291793853161455,0.024802123261842276,-0.017530340898241962,-0.33606619053137055,0.1464382689651626,0.12381347093245282
2003-01-14,0.21405094738395133,-0.05349607142807916,-0.03210958109928478,-0.17140090571698935,0.2373052980980133,-0.07436438818978862,-0.029753519009628134,0.013304653354111103,-0.17515761397294458,0.056299617166888846,-0.1954060032012345,0.26254995131375564,-0.33315846745618477,0.009514096984446864,0.08958725659026127,-0.04262598271314721,0.19803214404027789,0.09492895664675123,-0.0805586539341275,0.23283738618148295,0.18885925799126618,0.013211013122771035,-0.06724732871656793,-0.1915733628349111,-0.26133968628833754,-0.018744237145579556,-0.005863499180751112,-0.07708828721325812,0.020485090444266843,-0.0019572830026612373,-0.2563851026627099,0.13759659150758688,-0.31071386369882253,0.1397212212863601,-0.6212443456598555,0.1259253855430445,0.0963126277966972,-0.12506789391784023,0.2531378936178273,0.20703965158352328,0.01817529102780709,-0.27210397479317416,0.08469814074062328,0.02239759997491445,-0.08977093016196824,0.21125820329787728,0.11254085219687245,-0.2863003287692123,0.15199591273666466,0.1789186496116,0.1272896719043788,-0.09496043823703645,-0.1186294547710851,0.03526752107951181,0.027225473558452715,0.10290752690642185,0.4457917358557746,-0.22191409558307781,-0.04861895995513652,-0.23890669704820522,-0.2679682331237908,0.04712548197524377,-0.07089712644671979,0.4603794094797618,0.27588204568520847,-0.10945858729737558,-0.1728333894838147,-0.07703521096197685,-0.2844004453369647,0.0018307982963773283,-0.0458359130734582,0.4587211099520205,-0.09737186570174267,0.2375032460459052,0.4842263046577209,0.08394257617397145,0.3962357808644485,0.021872575790225415,0.10379195269542282,0.06922527683559213,-0.10109953588200095,0.020825996495541912,-0.25121474988438025,0.10674079718918823,-0.11762111528042571,-0.23548558884536036,0.2027373128762987,0.05741038971810349,-0.236791271557768,0.2953125365143897,-0.0018543760982150962,0.1018036191504621,-0.05553316286681286,-0.013346039215525702,0.09078009252351224,-0.11488830580739569,-0.011884041995007373,-0.3609225973168669,0.012243889997486119,-0.11719962291943016
2003-01-15,0.1375924433297414,0.0018193200408319222,-0.008618660812960897,-0.07938625003498212,0.1166415390700092,-0.05609194291704176,0.15533360110550515,-0.0421564975719556,-0.02412666884777049,0.16589264420276645,-0.23660505108590538,0.2443402396562758,-0.24129003618948167,-0.13239239082006832,0.17002006289569152,0.11945691041536304,0.12618253098304508,-0.06328183158526757,-0.03278875041596258,0.19514630410141373,0.0520420703897591,0.015804038233711425,0.006027963509726989,-0.09490183653911778,-0.13037434601404824,-0.18743316924929837,-0.10418201804812412,-0.058119918796300636,0.045686593075771234,-0.05896319704418478,-0.0173838557285995,0.07246768610528938,0.06935536702745274,0.12194381359498321,-0.21637537212201946,0.13565354277065567,0.07803972310962994,-0.007452331663110269,-0.04129064174129613,0.20014947482340487,0.1646641059267272,-0.23453597778932941,-0.09187673348610599,-0.17125912794138054,0.035303144715708196,0.3116375626342518,0.12132679513152612,-0.28964047089611245,0.0054814625463909675,0.2434554695192726,0.05734229394347602,-0.12194026777626275,-0.40707036384235495,0.07576619510880575,0.002434003616353829,0.24145806168880596,0.26922028700072764,-0.08623009824161797,0.008793747923378179,-0.09348941860809054,-0.14781719085190403,0.18407406563341175,-0.14232807789019444,0.029661695037343425,0.2589093115527968,0.009561570305303206,-0.029700050519300143,-0.22749524695326429,-0.1857928853597947,-0.17134347384936152,-0.01244158173785239,0.3232682379151092,0.03962902516968817,0.04263663640413616,0.20314668301230623,0.10554602072778863,0.09446049070327923,0.004472977661866353,0.10950178400225137,0.10069800264507839,-0.11448230947706192,0.2603189792819343,-0.4251544668500906,-0.1578733168706541,-0.10920540426444522,-0.20881641275579388,0.24819506849694156,0.057410387089521474,-0.24686672567945167,0.08566696946488382,0.03631727339889678,0.12084150595193449,-0.037040031800855515,-0.10174461004725222,0.22166410533007533,-0.020901048605482232,0.10250869878432618,-0.18845084976425636,-0.22810161297009293,-0.09290152534860475
2003-01-16,0.01191443505098209,-0.12322705327308643,0.03178405813570214,-0.048296746008856105,0.10087939306727624,-0.01234740665784098,-0.031982805964737,0.008159192081051895,0.017481654038303318,0.2487890797799528,-0.11674047513448672,0.06818899423635849,-0.08319504288055228,-0.01298553056167472,0.18319899454295338,-0.013174596065834421,0.19495894506928363,0.016102546609710812,0.026092658074846828,0.19514630161709404,-0.0036181648722103093,-0.07133946941519358,0.01716592004767897,-0.19054949793709625,0.0007743152546683487,-0.16890189656590596,-0.056279721706594704,-0.03534729621573986,0.15516259975123803,-0.16225819671725666,0.04339344331778311,0.08748448209854001,-0.00828661045413553,-0.14015925046782077,-0.21259646435317817,-0.1952509888720169,-0.012310177745156596,0.007817221675561231,-1.0192480448774201e-05,0.20977731660340546,-0.04743656943659457,-0.1981012812557836,0.0401058459404984,-0.07702144175334058,0.03530314020377393,0.08728627834706323,0.10723135934724554,-0.288247347656954,0.018150004583561107,0.20387570990640194,-0.07428486248465478,-0.12222367079122747,-0.42711848900937827,0.11568397329153167,0.04782423745506184,0.1773066968422284,0.2246279848467942,-0.08623009679661596,-0.07508641815018956,-0.12288105681919553,-0.1695106586114695,0.2875378205535893,-0.20267621015832768,0.6006507154023754,0.4726656692235107,-0.04488876573141658,-0.03457971206333036,-0.21025168455062643,-0.14320243959311088,-0.11340018239416727,0.3641147094849256,0.19710907112359283,-0.12628106198089142,0.12798331257794593,0.12611921667445547,0.08789476886274895,-0.024966393150570334,-0.10604808035370486,0.12081960553579048,-0.0024557927612610287,-0.14809359279197723,0.03927456526460813,-0.2682878752221499,0.16771461297584472,-0.035655935862657834,-0.2013343821582567,0.15129807334649867,0.12296872249110474,-0.16440918893876,0.09452129678099276,-0.022950938690792906,0.13404572923892974,0.07065740321001862,0.030850094569838685,0.11311254733664132,-0.004670429155550361,0.14255096002129944,-0.2128655076329258,0.08881743594127345,-0.23787112873610247
2003-01-17,-0.18281085758474092,-0.11523404823939291,0.01849152544396523,-0.1336187621218934,0.17056605359869798,-0.033793028069841274,0.09009209970747548,-0.41885586924272267,0.06578559733109386,0.029954884483651738,0.0611241639958671,0.18105456005414808,-0.2968742930144937,0.03960313133259276,0.05703802523556743,0.4342610118817014,0.1893875829240708,-0.07329083554332586,0.08675200046238864,-0.07130526561128454,0.24920506360764438,0.16105558718876,-0.021232533433347175,-0.2300316766994348,-0.1190138102330988,-0.10466167115449784,-0.06526925404878113,-0.0031996304716742667,0.08493213232016654,-0.0920034468922501,0.15221383596190688,0.07402443833823644,0.05325617867797806,0.013397089488806484,-0.2803344088971645,-0.29321347716876145,0.0009274313619230114,0.047081419204632304,-0.0601175498521429,0.19459409603774147,0.2009194805276883,-0.24598207345147366,0.14748750757542203,0.1043528663062452,0.13230885957843902,0.34650995905500576,-0.15973514057424468,-0.11725399209594707,-0.007230170176964873,0.2605829801854267,-0.06397762491978104,-0.14977019027517138,-0.06980663249406409,0.21276108222548176,0.01776104531329285,0.24201113288796272,0.09241792852832982,-0.022337249765680748,-0.23827705939620838,-0.05813820988981376,-0.147136465317739,-0.0061466854641981546,-0.13512375719678962,0.4472043969654978,0.4140359973384897,-0.17021396766451005,0.13494502858631582,-0.14578885513785014,-0.467082455099023,-0.1915397192121753,-0.02415575937463954,0.05080821074553633,-0.06000546342004775,0.12006084121171269,0.08291335068750412,0.04137305261361787,-0.10661071676959293,0.04753104775672564,0.10476347685550826,-0.22271620531188038,-0.01853538536513282,-0.13438060734024956,0.15065993243482997,0.032757574542989505,-0.04562964876264858,-0.05780825625902795,0.05079094791786775,-0.07737894863149611,-0.44231787992234195,-0.003073946761854702,-0.08029589755765265,0.11393803986061408,-0.021844597827838493,-0.050938841579787474,0.11109541278992638,-0.04760598322036161,0.18530268535397504,-0.045301355567462454,0.10855341758806952,0.05197860376763151
2003-01-21,-0.11658837785759511,0.3787386741192947,-0.02161476668667934,-0.027568323127225593,-0.02101366547519639,0.013628623511391779,-0.04787706675784546,0.10389757652379975,0.06813814775711387,0.08650775641407013,0.06112415814406414,0.013448174441024174,-0.08085838499862863,-0.17571228485701135,0.01930056605963643,0.30344864100758867,0.01177473337762853,-0.024790104454379666,0.1481571802693606,-0.034032801539978244,0.23258795930650566,-0.13017024718610076,-0.10272536991020419,-0.2279008324687902,-0.19067487863715962,-0.24062519523482234,-0.05674812674797901,0.035033570430986975,0.2650825462809107,-0.30405035064112834,-0.021091059599947212,0.025702864818413444,0.058726814736306504,0.009262173653534366,-0.14766947039678593,-0.18380965689503379,-0.05875740293599772,-0.060064073712219335,0.04410853922014983,-0.028352024716585208,0.3776594688197661,-0.16406087474013764,0.17599717214865418,0.31588227215214426,0.190652347973625,0.1084925695108075,-0.036473543229556336,-0.40336560664653204,0.09184630591371261,0.14822283951149687,0.07572341530657756,-0.16851732141943387,-0.06980664727062592,0.40966760931785295,0.015752101528090572,-0.1626039508779592,-0.08799877207699806,-0.1820680361485436,-0.07828641998438787,0.07901908965040624,-0.004345480416571367,-0.15556691483697135,-0.11991288393705823,0.1649303860161938,0.34949557242820045,-0.1652909601012002,0.1107910441570164,-0.006166862492474999,-0.38406662126492935,-0.019800345298850854,-0.06575659071612373,0.12038614574402855,-0.07653090337541106,0.10392666324814205,-0.26675561585768454,-0.18988064226435308,-0.21591917346465236,-0.023634480281611515,0.07623102632152298,-0.1935164143183005,-0.006089897532678491,-0.061128555542770135,0.2445242050243351,0.16849840258384852,-0.2444393157985486,-0.019217452888725974,0.1062747867876804,-0.025217652606500756,-0.17594893659934702,-0.06902993824200931,0.12290181471637675,0.4989918705892824,-0.02914937022806598,0.09177793303324365,0.08105421187424774,0.00030934953346125254,0.09616152389257394,-0.032966170995619895,0.1591772036071647,0.05485056122680462
2003-01-22,-0.08058178297747905,0.3106645057724213,0.050503716487852124,-0.17816050841222536,0.004428551949378902,-0.20298866515307173,-0.2569016285448099,0.002567770277567192,-0.00011049447886671693,0.3066813624093702,-0.057572205716850726,-0.02190356904949887,-0.19876116170707894,-0.04157728766370666,0.1887345423173248,0.25600527795810174,0.06175679271357271,-0.2352171674596022,0.13463188186796013,0.037425994410144506,-0.10315254419104071,-0.2037479547169819,-0.06961215022124143,-0.2236183780745224,-0.19215201057496112,0.020758570780203846,-0.21526866194445504,-0.0283039064841122,0.1648720043379534,-0.21873771900835715,0.026703831691250488,0.06994372129216371,0.0546392831326747,0.2531450175919371,-0.21210801024918857,-0.3272717027344993,0.06418574555086189,-0.06110682847298772,-0.168094596504289,-0.32101763048204207,0.1933144763118463,-0.08516689309459824,0.2100168722005868,0.15032219861467366,0.3092804505329873,0.27420502944917,0.07376630549989366,-0.5911605103079198,-0.022487993845344365,0.23762273566693756,0.007397940767502658,-0.06934217619136618,-0.12120570841049669,0.276305614109316,0.010985804100018964,0.04659581628075219,-0.19408109300390483,-0.10218255187793118,0.05089267273121717,-0.14544709493553268,0.09397577881664333,-0.08291387703094791,0.004332324662673149,1.2760488200099125,0.35573424035336765,-0.19914594071157515,0.006061709437039196,-0.07955804550463705,-0.7218207744311133,-0.1330822095648334,-0.07270647606379788,0.04754010012380818,0.023013905230626873,0.07228039594379777,0.10094502884741433,0.035685599018589975,-0.12827156775417278,0.2236095679190829,0.04213825974154363,-0.017899732914953413,0.09069854091968407,-0.034576187191092615,0.38204738312856135,0.07034884323002571,-0.12464739810176725,0.005751221760937197,0.2279094715216212,-0.06835366595807535,-0.15372333140073494,-0.17760085045707885,0.004162321151618249,0.23843526319724354,-0.043659203118487575,0.10162849478059045,-0.23796207534332062,0.061794363696132934,-0.07291132633275772,-0.08500623397063463,0.2657769161720639,0.10316965237032026
2003-01-23,-0.12241724906903241,0.18705372553927796,-0.07154925625949261,-0.264188937562236,0.2719178697977058,0.05908141010835775,-0.13621100951572224,-0.46836733624025434,-0.47208454156855995,-0.1677744480826779,-0.21646473668666058,0.01250409955516096,-0.25124475610694025,0.05502847010072557,0.3219145326496339,0.6791642067548075,0.05223472033980786,0.004658256715453222,0.07260933561490718,0.172206853749946,-0.0013460634553513295,-0.26011337757791575,-0.11828186961067454,-0.1176599336768696,-0.13278064171529394,0.02046066048076227,-0.1622325861272266,-0.029055283269794036,0.24387800786028765,-0.3076627027824989,-0.08003053618241365,0.06549737305225402,-0.10385786716643573,0.22367318944755818,-0.06554209186923003,-0.3371839906210048,0.08406519439294671,-0.1295346401120545,0.007610413215704296,0.028193049401431074,-0.04352504417552892,-0.014258521395512619,-0.06001552953719062,0.16444965124425107,0.17172750459598785,-0.14104082503821397,0.47827080092574187,-0.813816427985599,0.1095629280398612,0.2541266560973172,0.11261399569763703,-0.059209455888996884,-0.04836577128841277,0.28895166429602054,0.03932890311654012,0.32465633702189695,0.09272609275513029,0.3785324972327445,-0.5172722005278243,0.03708809675049159,0.03049995276111341,-0.025318810022814737,-0.0574817286888513,0.7779391973923502,0.1273087528551199,-0.10914544931111511,0.0169420942213225,-0.31482393151436056,-0.5091505709448778,0.044696260602869436,0.04326076961491166,0.14676948172361445,0.2276304867401029,-0.041753386027610785,-0.012432048249915782,-0.1122452391560546,-0.23297563814166425,0.2884865023785623,0.12272590232630483,0.23511094467353444,0.22205900593831465,-0.0301645680335459,0.39766200054402845,0.20428469886068934,-0.08595005644257898,0.01247309597825757,0.040038605702136444,-0.09597008674974786,-0.16987321554649656,-0.1066860898857,-0.045754503210284125,0.8728164648944925,-0.17814822366396532,0.054921504679519534,-0.014136990801134588,-0.016762779912591272,-0.25427860976925093,-0.20121808185647938,-0.07042453842369861,-0.047869490731905516
2003-01-24,-0.10608890875509568,-0.16476796758583856,-0.04190220097120878,-0.08314790745505368,-0.0652883130902464,-0.05362132935321673,-0.28431211207873597,0.437914065712999,0.040605529182134455,-0.23606064546459218,0.1150885055360852,-0.5328693088913178,-0.14236114575620307,0.261947140541046,0.16820539668096487,-0.7064561256105603,0.03181259045552871,0.05727396571076375,0.09017271724217447,0.006060959591019442,0.044713957429611546,-0.005867572216725182,-0.07050691158140644,-0.19865971315077313,-0.018814691675197795,-0.07367041542262147,-0.16445083186202483,-0.06336485195895379,0.08933158497460156,-0.20264792066872306,0.07158080035366934,0.09083984086291927,-0.18147093217036733,0.2463073283298401,-0.18714870771144018,-0.3221636224739702,-0.28017171054786005,0.12164014444448454,0.23787682114461423,-0.05491514543657986,-0.3596015838952224,-0.1859524777423795,-0.06001988782414155,0.45430633369066326,-0.0883153531616052,0.03287398288663947,0.42595535031335763,-0.21296705712474606,0.1099240949797597,0.24446822957629505,-0.06027154040287844,0.019572873618170963,0.33490229290187506,0.3423085853493438,0.07145841663783514,0.16303863211891922,0.06568210676938417,-0.04055656367440973,-0.35708007057332003,0.10787397316435532,0.19622500313531396,0.014895126515372083,-0.04518383241093438,0.34830806250954177,0.12566510688146962,-0.6361910601826778,-0.0865731378550273,-0.0536206662289284,-0.5811741568758377,-0.12142279379096062,0.06167573038026508,0.11877152250118296,-0.09063165012731038,0.2593176114108696,0.02858097150473797,0.041997709685641926,0.024843500021775978,0.2884864978609847,0.12466523524111467,-0.181396001162318,0.17152098027462942,-0.40620780180259536,0.13487444262980935,0.2901304341948096,-0.0647062540999002,-0.1631378943990624,0.2032997015326858,0.053774907565595914,0.06888274007216122,0.03750342961125226,0.029498610274025193,0.4675538281153828,0.08747694113062411,0.06621328551344464,0.16563071963202716,0.3486780200804488,-0.25282075276774774,-0.25963274901564715,0.4251559547636847,-0.019938390848597484
2003-01-27,0.049958510825681236,0.15191512500154306,-0.00760576438003743,-0.1044609498889792,-0.2601995962109147,-0.05362133220336294,-0.08858098664941132,-0.44461619152590803,0.04739011328159318,-0.1093569656474735,0.0572712089537464,-0.22114748861858338,-0.138954314492906,0.15701832343778527,0.10919658157845864,-0.014829909327807315,0.11592773885597678,0.0312722940418424,-0.12095303461414887,0.16016275268605423,-0.26141150279286324,0.18209667415056016,-0.2283118020877611,0.2589084740580997,-0.07964740444682288,-0.13961343426206516,-0.11665637150678672,0.07010111197441203,0.09981314934196102,-0.24867003615877645,0.10012463212227919,0.11700151482863758,-0.17706801447179024,0.07542316866336159,-0.25080708631702503,-0.4720253058022692,-0.1327542046719855,0.06750235020819549,0.26949312252960167,-0.26229412310726863,-0.23192224536422476,-0.20097859936656193,0.11470519052689837,0.26294006567432265,0.5768770801634965,-0.8692210447481056,0.40764350775063707,-0.37813362592851274,0.18363000613351782,0.08263151207477566,-0.19854184955840834,0.05922144041840409,-0.18728642186368805,0.2923559832436288,0.14878547575871948,0.177970067934086,0.20503585543104427,0.014189513446380444,-0.21789404478746813,-0.02164559873451245,0.12125428516985018,0.0538320027683128,-0.18803869412427143,0.3406064471621877,-0.0005111612879251237,-0.6456480274036013,-0.06892316863655205,-0.18154776210626225,0.12966738781136497,0.03230488894193018,-0.0054129785173154706,-0.08581529045752564,-0.15896420843648118,0.3947201409150013,-0.16884258260074633,-0.050716919642875495,-0.24320952417155622,0.11445705141493621,0.15250239429744555,-0.06582350806938474,0.3046908633933017,-0.013124603958665599,0.02988046847991667,0.34402623763169726,0.011949854360732112,0.35739397033934045,0.16021797938226595,0.1387566794213353,-0.05887461173644687,-0.056160754645516855,0.01724177175306581,0.2360471462341227,0.08305313942245522,0.08647887748519298,0.10912391271306783,0.400803279237093,-0.08526018240128294,-0.16466290563894506,0.08764498314446768,0.007186578813865017
2003-01-28,-0.02600380528559152,0.2560729900079581,-0.03745845341923363,-0.01593789238705189,0.042900481838636303,-0.1442128296800647,0.15130740418481928,-0.18806290248153168,-0.10466809231757969,-0.0040124539845182985,-0.033619105808244364,-0.05613519115367695,-0.13906943115909473,-0.030438224967253683,0.08518172509597412,0.28251739583035035,0.17911937197378747,0.022499525048851245,0.18871291423686304,0.20377018085862725,-0.1926251100408297,0.12220698128101516,-0.08680565182808546,0.2488264020111186,-0.06550949137468974,-0.20416287246149703,-0.11844547300013947,-0.020444593119114816,-0.007281247142658933,-0.13219834852050394,0.022371702108150506,0.11349346226981452,-0.07226559049487476,-0.05667651070744317,-0.17013953496084996,-0.175761544284766,-0.030990458682636092,-0.027756529246414623,0.1666154997009169,0.025066805369728416,-0.029088119447907294,-0.2028663315046729,-0.1763424842321959,0.16698804628871286,0.25362879571096886,-0.3892469837693379,0.09115391608753869,-0.36188810411179484,0.17602110002502874,-0.11405267683390595,-0.10959466618619142,-0.11277344298609622,-0.09353076601749696,-0.004591208668491416,0.07073555957034992,0.32115115260586036,0.03412977304052898,0.14994804820396535,-0.32580351891332854,-0.023309079272447242,0.20572337364911358,-0.23043797432806673,0.01834803464639826,0.014308458463064945,0.17854650677116515,-0.7413148437377652,0.052935175335430004,-0.19933282563997973,-0.20875368878153389,0.03145068496068233,-0.058069679955685106,-0.109861209902713,0.15712424156252558,0.35305773860605766,-0.12251404072377259,0.006966957773454677,-0.10083682471050379,0.0030199112661915785,0.17441051329065185,0.061135326037374656,0.2943163903885451,0.03816067611795994,0.28008886354921164,0.038316960411486835,-0.09609662582992153,0.1705524991462538,0.11711050718555156,-0.04886516104285542,-0.01944320883998505,-0.034471911935169124,0.036359669067785386,0.1075967955507425,-0.15646687898468528,0.14194030686501866,0.09648036632670469,0.22359293029545416,-0.13960567922903072,-0.03924143008375564,-0.04064592837170722,0.20553338748950062
2003-01-29,-0.016988318009994084,0.25762250406537734,-0.1355813741656365,-0.07772024832891851,0.029841953824703744,-0.1788964009121199,0.08405892908286754,-0.06631598943969887,-0.08461399697230373,-0.09424168895747127,0.19483127279406756,-0.208493751602039,-0.0007494483882791438,0.17834938915585766,-0.16714649313231775,0.40140338805494685,0.12122372471232884,0.11581294970006793,-0.0361685022053477,0.28835801858873344,0.14507373502565366,-0.18828295859666677,-0.18988766783606026,0.19458238704751393,-0.10280947069380822,-0.25481158308574686,-0.13895100726617712,-0.04395303166942492,-0.06119460335071627,-0.026586439208861157,0.131743715029457,0.005747624229426466,-0.0005470979083719303,0.027811308470322506,-0.23948525991901612,-0.1341442190262408,-0.18541711364308702,-0.2081036113019402,0.16661549134945366,0.2038751773033482,-0.11797935260319714,-0.2586193573792634,-0.007650458125175002,0.31110734602250734,0.26255256607656907,-0.19319329215175382,-0.1140559699874137,-0.3734307752209286,0.11327524029920882,0.12091503940361727,-0.10959467281923704,0.0261393948400683,0.0429612234970909,-0.03451816297404814,0.04328772391498354,0.3048794594177431,-0.045940203309658756,-0.058431611734355446,-0.1977671693100198,0.07574251390001822,0.4153051727201207,-0.2622368593968518,0.005346649705823179,0.060206555308367146,0.041518392075345155,-0.643714931820497,0.09431032352798689,0.037438159813169954,-0.09375554441432939,0.18013560533289716,-0.269015112349928,-0.1354481872724532,-0.12811129188362286,-0.1973068220631448,0.1695578762875147,0.007173811661083402,0.02525517859132868,0.09217775112371324,0.05389612781074383,0.13745402985602428,-0.022280201310949335,0.08038394489614194,0.25825617782550964,-0.02118077284297951,0.1302617246178725,0.126966981394109,0.10154875102834354,0.12778550300609973,-0.044828930531973725,-0.03096922938020958,-0.028682417123237425,0.06068453658808182,-0.13520028379612048,0.20623969246689108,-0.02688102977297312,0.1509612467596668,-0.1617902588812495,-0.09270242925808551,-0.08748401326334035,0.3228047578320912
2003-01-30,-0.044090750312730714,0.1297107447184708,-0.22988929730766083,0.05740486985087963,0.1408385940602396,0.027043194175760364,0.08405892684072298,0.06843349811379189,-0.3003817432440548,-0.46695506355895167,0.2137941616311606,-0.2885628772109537,-0.04017993226166786,-0.05861555726010245,-0.28996026795580826,0.24524574292169465,0.05040907493038775,0.313260575241516,-0.09440356135430314,-0.07076219260512048,0.005381850550750555,-0.09435207874868759,-0.028257513882762767,0.025430340589087226,0.0374925238424878,-0.0015694136236615742,-0.013272478460638839,0.09316257167547165,-0.002219363651794457,0.0974523330033673,0.20069886769975218,-0.0005662887169461589,0.048068265376015946,0.09493471480654285,-0.18919368477804546,-0.2655673969279573,-0.15672338199245675,-0.17097841129583494,0.13336805938238044,0.46781430084183384,-0.09468474359464334,-0.1246618158025677,0.18325439069801056,0.3303868675131167,0.43302408663033704,-0.11032535482277178,0.0005068971697404445,-0.1519318462297727,0.12351329939537421,0.08208031265551285,0.08801035477537576,0.20548363545131176,0.09945138502189761,0.014175965281997247,0.017629584772231314,0.2603284155433637,0.08462354524411107,-0.036761847633422384,-0.3756456542964816,0.008788595622898698,-0.048837979383756704,-0.18570935176464648,-0.08578739542838552,0.24914929701073252,0.09270726626915467,-0.2488919562786731,0.05301919794371228,-0.12236158679052339,-0.30028844050526204,-0.014426269170639919,-0.4253394647115849,-0.03980368128691167,-0.13548871333750984,-0.08911718711482065,0.17617470309838115,0.09179792802865674,0.07510846577982078,0.1335331611577542,0.09191054669588951,0.06895202875008416,-0.13428704157147406,-0.05144196360264401,-0.011500581642101935,-0.1386793625102406,0.04395738494232862,-0.04172123069701156,-0.008365769894556866,-0.016150595225671728,-0.044172824634743216,0.19023226152013145,-0.02600777677224161,0.18282497167908823,-0.16296881239948485,0.08093768158980919,0.11921175002850253,0.11619283255548449,-0.13155899941525803,-0.12788412288738016,0.009694690383802489,0.22900480102766899
2003-01-31,0.09138230488650882,0.11994433746113305,-0.09273013851294315,-0.030879520725740805,0.06759088386016625,0.09035305317401983,-0.04171421123983026,-0.07969937597919907,-0.46321981257612743,-0.338586591014765,0.2535829505759773,-0.20185186227384924,0.02077604474911893,0.007409713073828566,-0.3000449143585801,0.1545602595417574,-0.02604838881693961,0.32753603665058745,-0.15864884700734996,0.24756912891742275,0.1703553082218711,0.14283926889760185,-0.08185168436881828,0.2799125137326649,0.07862428815535132,-0.0587707748115034,-0.035635604202303585,0.04682646053962786,-0.042846610779900686,0.05859251722011786,0.14196815061560475,-0.024769493201492805,-0.03246200732143317,0.21512594754855405,-0.18414909434504304,-0.21175000501396957,-0.13843826163598744,-0.021191855519589214,0.19031759281196733,0.3482113926215993,0.017703385903378034,-0.2276723458238172,0.022571954875020322,0.14839419856872219,0.31689606622034544,-0.18684780433991016,-0.15985277808039097,-0.13852001623973445,-0.03935979816261857,0.21271356576375622,0.05759176492737338,0.0713685401802808,-0.14070773081415358,0.08562939206943827,0.05791459237266064,0.08090419030332893,0.11498311301759735,0.032796062113268645,-0.05759217624504891,0.1906628958407493,0.08493308673399902,-0.19919301689404859,-0.13848102076142665,0.12984476689259963,0.11719917597591012,-0.3728398413558264,0.10270460960818437,-0.13583474401547918,-0.25299253841651526,0.061682423606485806,-0.04964210802824558,-0.08726567060410527,-0.01418573033472348,-0.041981506194659526,0.01796453313469051,0.0011787665635901315,-0.032920945972318136,0.14433328638445622,-0.07704205575365394,0.10945308120334472,-0.07248618705763445,0.15937064110917346,-0.3370278725885184,-0.060240763404331314,0.012029179873387688,-0.09465209888450482,-0.10112532735841276,0.11188682286442807,-0.0829422888110594,0.11869563859937396,0.0539556426885292,0.2131283124807503,-0.1038249055632754,0.08093768103675003,-0.02677752967379426,0.12527054854428143,-0.11127739375315614,-0.08226460986687621,-0.03332548605537592,0.12017627875606282
2003-02-03,0.028183792952745423,0.10385420680307438,-0.07303497468908683,0.022082963857645396,-0.0849700738557615,0.09118159135768827,-0.13109028144200216,0.5381895757948638,-0.08956535495258452,-0.07977078033773372,0.1162255980987911,-0.22074710502707362,-0.21415602671589584,-0.14901776066973885,-0.24362152921615013,-0.3599662886851333,-0.03167354980855473,0.19860485573312334,-0.07406018864136511,0.1382680017664578,-0.07698803773354793,-0.11202612586133018,-0.08511380832686831,0.020428592656790895,-0.06003624516731112,0.040722699546639034,-0.08795604679059138,0.012033252585156877,0.2519370040963755,-0.02737332723158169,0.34556658222661546,-0.03614739471633117,0.011329178687294062,0.17953945840980384,-0.16268351277151244,-0.09716490911905507,0.0013459530096692684,0.05408303948425486,0.07101254849149166,0.031190267649510748,-0.07011173160948048,-0.0025891875235103026,0.05476744072646757,0.19914912910121377,0.20985854667947393,-0.324006594320148,-0.12632436456324744,0.037037061466759696,0.02180338171062198,0.09260655347933133,0.0655115174016427,-0.039355313347137114,-0.08847162285844132,0.12962327388490277,0.06954624244364789,-0.09814065146309271,0.21433165167243817,-0.03981267645738196,-0.18377228263179754,0.17657633804596384,0.34704019979585793,-0.19057673753330512,-0.06275240263931671,0.0611177037344481,0.06130633006918316,-0.135248769285277,0.06213938375964896,-0.24192502417394504,-0.019718831112666212,0.14734682971341304,-0.13241191984708436,0.0762380176795097,0.10999695936941409,-0.23834185537898925,0.003730970916826738,-0.02107154636469842,0.017145899171380735,0.17943568405635085,-0.05024198366304202,-0.05166832443136058,-0.07774343680328773,0.24611544782797481,-0.19505296345810572,-0.06024077008747277,0.2186184653007639,-0.16055131054747498,0.01695484852332258,0.0791495996008672,0.07582246741500952,0.028182145202711194,0.06349918238861457,0.16401907863481524,-0.03906408976243057,0.10969826744250191,-0.1345402275838867,-0.01845432771431056,-0.1172824685915098,-0.07246530429520515,0.05080991938737491,0.015101565199338217
2003-02-04,-0.1054467927781938,-0.03304276789796347,-0.0608751113843973,0.13609929099517995,0.03217599685271836,0.11979821546929985,-0.21741674163848124,-0.22659255623541383,0.09517099670134248,-0.20415444353386722,0.12308491951182012,-0.1302870950427251,-0.10346520992091725,-0.07015868111408893,-0.1882472247645259,0.04121145407699681,-0.0844503672855896,0.4214226408556691,-0.07779620644563111,-0.11896480992258732,0.15784595030698576,0.10516925263627404,-0.07996661039865546,-0.10806345362000448,0.04698742378515189,-0.028762727404561532,-0.21377614399996367,-0.10891430558598628,0.1758730056887452,0.005677855794992305,0.21801573922395925,-0.01339145394204629,-0.09573847843292455,0.19148132450893432,-0.11929371372993024,-0.23924768330609175,0.06002235659341576,0.191896856203144,0.06441538475508367,0.17916759589527229,0.06365367083673668,0.1342090419390884,0.04833453744855683,-0.04350880913552605,0.32259787849950333,-0.18199010791251,-0.10977437837301816,0.08953310475182297,0.07495581713097982,0.06167983913201144,-0.15268963303150632,-0.22810647970786613,-0.36066814123013746,0.10590223800124474,0.08964773596093362,0.07926587504663295,0.12899139984271338,-0.0031042667030412446,-0.32699337060849554,0.18768199467810473,0.14422940118202562,-0.14759628605682798,-0.026900328273165224,0.1332902653444324,0.16740620318618551,-0.08809585915234157,-0.012621928860434025,-0.46873629900875197,-0.17719992373747992,0.15049907539428353,-0.22461811020054412,-0.0005288178290683053,0.06659095004166982,-0.0152287559271029,0.08077293855589854,-0.07468055304165418,0.008486051285107148,0.17943567157494258,-0.13751171892193217,0.07170518022556104,-0.12766294388867439,0.25464855449637475,-0.09834044852987343,0.150975398998659,0.234118993295329,-0.15970728300416784,0.16873925522909886,-0.03716429086982972,0.20292469079848735,-0.2432207517002283,0.07805293586991764,0.035739176850091404,-0.0426155066649996,-0.0460014721328271,0.29787752910454474,0.19450779036968843,-0.040784999986570994,-0.11364367368135313,-0.30782829190859023,0.13916479656250846
2003-02-05,0.046817747150573574,-0.10963263640171306,-0.057289180388925484,0.13430000241399498,0.1395072866673684,-0.028283934850437245,-0.24785995052341628,-0.012161043258823204,0.21241395814754757,-0.19399191193106313,0.02610588464549666,-0.04873476749487743,-0.17806603773296925,-0.18940517194336084,-0.1200221545380438,0.20751147825257737,-0.3307397154588286,0.2210705214150225,-0.0976547131767653,-0.08652763157961327,-0.2951701609648535,0.20564818479796218,-0.013608102059118748,-0.08336330221081607,0.0015346391988671792,0.009451860608870736,-0.16538756334059748,-0.060275004078945704,0.09192699887535477,0.08835281367033546,0.06338782379040327,-0.04782595669569739,-0.10426536455908385,0.19148132237134316,-0.22915557115187063,-0.1820997419623868,0.030177053619185833,0.050068682561193074,0.012193150399559765,0.17916758370301739,0.17684577569796037,0.024439876185057177,0.045719841441072606,-0.08935763924624161,0.06134677161950443,-0.12260488234265492,-0.04250231627012992,-0.02039679472171624,-0.015038710100636978,0.07030371164510865,-0.29922717897025747,-0.1227416127128509,-0.3669803704873164,0.09706645146921015,0.05421648996741993,-0.018891726434014912,0.049368288681701976,0.08996348844868966,-0.15265792275779444,0.09795297016174309,0.05569616064896793,-0.2398973639631696,0.06174923814237313,0.34697242425430086,0.26946117159734534,-0.1461656086749329,0.1557022951877131,-0.29889586335544144,-0.22107636640877115,0.15049906966788013,-0.28689982366772004,0.08030438927638789,0.11531592646375262,0.16927190881386786,0.2131704515200434,0.06754807590359842,-0.07840236331950293,0.2637076732878575,-0.07320763419706393,-0.4277249793272929,0.0023359842271955316,0.21365872804596325,-0.0930875472985543,0.13071392846626234,0.1345161275833952,-0.2602772719025422,-0.026322134970211235,-0.12968753061594393,0.6574442869923725,0.018235952997578908,0.1262008339004493,0.07607970501823062,-0.09803019942278553,0.10952875280372738,0.07495318689883557,0.23644338340949678,0.027662670722950384,-0.07527847407408646,-0.10118645488905834,0.12253621969067918
2003-02-06,-0.05116780397300839,0.0034367864370224255,-0.04620280538785749,0.1574476803450532,0.13950727629316703,0.05540371987880536,-0.3255754632659516,-0.19241102724422118,0.06070694782159365,-0.11675758321057086,0.04571775260070402,-0.06352700569311992,-0.15084702667415942,-0.11135287040024017,0.025457900714667418,-0.012100050428348805,-0.13607567202115695,0.04617290510880833,-0.1570994157361413,-0.010715961490642323,0.10643629015718065,-0.005310708718238598,-0.02822976834648801,-0.18551966165180517,-0.04027107439581972,0.0038003016464988877,-0.17666718823756622,-0.10097356315982037,0.1297021962827435,0.12197129104946258,0.19953979899884458,0.02659662475368456,-0.04519972792437554,0.026565114774483832,-0.18146114980616432,-0.03821649052061239,0.008476300370719843,-0.039316515766307264,0.08312162007489758,0.2552340478440807,0.1033075555193045,-0.02737919413039756,-0.03769035743960962,-0.3076935176692143,0.04663721191821132,-0.11663317916779484,0.041515841665559404,-0.026041937418284374,0.0524131249330047,-0.03569219866616907,-0.2610302320584667,-0.17808318976361698,0.07277942097987974,0.02261659121630048,-0.019194589050587674,-0.033953392034722245,0.001249568676406126,-0.030380248015161985,-0.051908668154402635,0.12003528369955031,-0.06463055621490177,-0.1745320732302978,0.021915469727700063,0.308787958356889,0.07948545676867325,-0.23753876809770377,0.07847824212536549,-0.026601684182482453,-0.1947595201467426,-0.002753027968906038,-0.25046359160321174,-0.019297625285944846,0.2504458097503619,0.10784580700240502,0.11251880139407908,0.10387292662668748,-0.0003650175383069545,0.244034395419389,-0.020734984874859076,0.17856534694416812,0.04782459152863832,0.21825389292566147,-0.08928275223324544,0.12196690564629198,0.20300854618066538,-0.06602140875932383,0.025182286890831483,-0.06140645480279728,0.1441871777713447,-0.11474825498480422,0.01991985697617686,-0.030039359931054742,-0.09304802328121503,0.010549774977835893,-0.17762103566333665,0.2941284590877075,-0.07189068922387747,-0.06655852974785673,-0.061744318097359994,0.2132518687218187
2003-02-07,0.03071943718952392,0.015046981535659957,-0.014322762644040067,0.17297907707295795,0.09008485654559203,0.06294127965620161,-0.27946175429860426,0.23305995622833292,0.19470014016454293,-0.16960228775633562,-0.10354904899626945,-0.13166074656391327,-0.2471938812379588,-0.05900593251223195,0.08026130473938699,-0.1942026125256429,-0.23012200903786623,-0.029347663778705305,-0.11470443330977573,-0.018341214034941843,-0.141144718636523,-0.0580548593943535,-0.09283564827301666,-0.1830792895462915,-0.0028777589024547713,0.014339303854820405,-0.015712352253915218,0.06888713021888461,0.0811403832456627,0.09096903045418747,0.1717535002790631,-0.05267770630558771,-0.0019243444620936233,0.01003004579982072,-0.15553811829955394,-0.2538552908851219,-0.08298578369881907,0.036664411041292526,-0.1200534812660646,0.2513472288891578,0.06507241829384361,-0.027379201737577734,-0.2040242358485815,-0.1599362639889251,-0.06886692091145681,-0.1325315754938949,0.16779860146919465,-0.09166065797265972,-0.04963249020241382,0.06480654751608779,-0.3498645923759145,0.05619442475435584,-0.020523043141532304,0.05577094789429618,0.016093316430025522,-0.043555637678727596,0.057866316355956494,0.1115876179977178,-0.10548114311893986,-0.04419017677583254,0.09331737907375813,-0.15658168134399342,0.07017265628720896,0.2822915193233827,0.0709267928353878,-0.20227233956839816,0.07170803313488379,-0.017325343154769694,-0.014446113501767882,0.005382791186632626,-0.21695571907503916,0.09981879592448166,-0.03925924826619349,0.009897242364229016,0.07848108961175679,0.12752370996544826,-0.0003650211261101317,0.14829209613851255,0.044202518336435445,0.010350218594885857,0.06687092861444971,0.09358896342366316,-0.2226152108747069,0.24262491807602973,0.17175693724276964,0.07848614956181506,-0.09961271708227887,0.17577296996281042,0.24443817794936532,-0.0033980137744324553,0.044056341314622056,0.031528623681619766,-0.05221709717468171,0.09306800877250877,-0.17346776537337816,0.23095599305956632,0.024141073769262937,-0.0475702534632502,0.02684147694139936,0.13720372134802084
2003-02-10,-0.020200518513332995,0.03760910729041017,-0.026394440265898614,0.09444511071269715,0.006489005848934373,-0.14135919185665205,-0.11008053348465732,-0.16298830474195095,-0.05207275017613498,-0.03286254905431287,-0.16293234741544066,-0.10656890593527707,-0.047502025192008024,-0.05373595514362062,0.0238448003468311,0.5050006305788287,-0.1921275348514455,-0.04164249179661003,0.013472005621829946,0.0410996004709917,-0.05788402276003465,-0.09247360354151585,0.07981489677777258,0.22705152326345965,0.24183864271042516,-0.018449072798461856,0.016347863145846686,0.0026697705406358956,0.08413155206298939,-0.02549002394240132,0.16920327664939253,-0.0622128773724841,-0.14103852090740027,-0.11802259869251139,-0.16668970919317871,-0.1860085521258034,-0.09065163361508584,0.12017346405798782,0.09511932996142149,0.11475215690775055,0.11292186376004243,-0.09532726092368174,-0.060696892264751716,-0.16007585180828343,-0.11308939977872765,-0.18231259836325034,-0.030607735898418812,-0.10389576673251102,0.041779859087572487,0.08966388037261759,-0.4023696403489026,0.025949269719098868,0.06814870397146586,0.15616434262349974,0.015090341803035848,-0.11065080666865484,0.13771309526143372,0.12376786883071501,-0.1092166727171454,-0.11408529195679844,0.07719634054562088,-0.12058834893985988,-0.18434945497929592,0.300699581007505,0.14379845223220034,-0.12232004363273867,0.07831786403458732,-0.25678841470501323,-0.19439704428043467,-0.11475054431950692,-0.2437439769009133,0.2709945570780836,0.02752188008232962,0.046886699898806075,0.09792504325816873,0.13786943230948892,0.08668061434759203,0.09830553355015095,0.07005655441410558,0.12002756222944143,0.10371841812942688,0.019346986280663284,0.06639781170162463,0.1312818523261221,0.041037812671150725,-0.09680012788874945,0.006119093030940408,0.0510310865977586,0.3169087553794311,-0.07857352771344736,0.00497893095113229,-0.08285237533220688,-0.0679921020947709,0.10521586504482851,-0.07534170485105032,0.1375384292274485,0.11828047783988974,0.16540223145795027,-0.13230580734048467,0.01075826052238561
2003-02-11,0.008690584905441756,-0.07591299243125019,0.0025811005670270545,0.06717970033836254,-0.011599115056619064,-0.01215467957187092,-0.20452538944816911,-0.6043412523982951,-0.023649222987853023,-0.00898261989001447,0.09790307537099692,-0.1778776274335417,-0.090488277563761,0.023350579959697755,-0.16314454656760027,0.9041792361667748,-0.17561680633833596,-0.10986236003684674,-0.10794257229794561,-0.020505423925211257,-0.15466112571236681,-0.035701561751578244,-0.0062247108598501525,0.2565061983213964,-0.002942433332251916,-0.08660457726485801,0.0009426055627464927,0.01727416808854604,0.07093806906612952,0.038872597968972654,0.10447957863432512,-0.1103034225385205,-0.13433204161158152,-0.18496392281474286,-0.18290631990357,0.02437935990815158,0.1030981580774396,0.0641965098401242,0.006197189521209688,0.014778977795776789,0.04196652927997865,-0.029751195172812023,0.16441810621060868,-0.10920215236731323,-0.11371510261838622,-0.15696370289705908,-0.020527373752608533,-0.26852564727194095,0.09111216815007736,-0.023554526176427757,-0.16229599843779566,0.07140996953661452,-0.01943953426159968,0.16511206643883855,-0.04050097626089138,-0.04496157831710714,0.07902867215260204,0.11866663130945872,0.09738233281659528,0.003162976485125111,0.07719632719493565,-0.016658179503265338,-0.11074097467706308,0.21606360892091275,0.19058614531238185,-0.22870000863994616,0.12671412998345166,-0.1827527390788385,-0.09829826367458162,0.08679358261542804,-0.27285348923368935,0.2611405858328576,-0.17457876339241218,0.21901095264688958,0.20047055327006227,0.16970863648216108,-0.09035129635547443,0.20936085449681527,0.0872428098066901,-0.08555076107961167,0.12883125677719776,0.05488655161725743,0.1761715956310031,-0.0526370957553237,-0.02772357589903466,-0.10616275894589286,-0.15882475954318462,-0.032587336509867226,0.29260133117468623,0.05318913618584835,-0.07240682568205484,-0.017119627968551078,-0.16094996789849458,-0.14589367355095204,0.05749540445006603,0.22842027100499654,0.09074226438170052,0.1045544374132928,-0.20022875496004913,0.14254188723548777
2003-02-12,-0.020141960384753452,0.060109001062348365,0.047736818491401316,-0.09048148866117237,0.07896580702555636,-0.18199282553915203,-0.23982127298648068,-0.519727276758241,0.03446478798123535,-0.07530681119558419,0.07955238972130531,0.0771100767443301,-0.1097875746100896,-0.02645645218858026,-0.13465873027441433,0.5344711765983843,-0.10144830843190092,0.13196904533616508,-0.07008390133528718,0.05030496465865581,-0.2247458033659513,-0.04969588923572563,-0.06690292387322948,0.21694893551260813,-0.0029424459443655447,0.10436182882450473,-0.05096653270095286,0.0184862931579665,0.05708016543476979,0.024378616892757252,0.09919715416392526,-0.02853204865255704,-0.10380375461159969,-0.048412359052774315,-0.08967687647214474,-0.037068033586784656,0.048871131968390734,0.045970391693335805,0.03782549732997942,-0.0455828859006218,-0.08046971814285632,-0.06982974976857821,0.2571744032608419,-0.22719763802791737,0.15690811680183211,-0.15775222913525425,0.019088496151935988,-0.22089400696107123,0.017512958336939232,-0.009385429271506122,-0.2664121536751593,0.04286368573253395,0.07477366859751582,0.10788493232342268,-0.00954283430375955,-0.02623791219557078,0.08054295016013023,0.23060303701756701,0.20805476378891355,0.030900338330712446,0.026892467336369418,0.03321200488609332,-0.1316566741425503,0.151767757143869,0.052293215771259755,-0.09597231091538018,0.08842675049588279,-0.28860405050383714,-0.09689416652336001,0.03569174262689388,-0.09602813929604676,0.1815382213480055,-0.29709568823715427,0.19590490418573256,0.13531334691221963,0.10371549581364085,0.022814190800981786,0.1619862818894676,0.11545945861699086,-0.033716549048986584,0.050395244739959176,0.19640825631513567,0.16826487621766167,0.032426357834659254,0.05233979791807649,0.01859290677108135,-0.27152606411157043,-0.08066202991151561,0.18753208554952955,-0.026285670820262525,-0.02720178150410017,-0.13394048350485113,-0.07954459159938863,-0.17244370201968345,-0.11312405464638718,0.030264603227846142,0.04574402767900379,0.18723395325424055,-0.09958321818959456,-0.03715669926603322
2003-02-13,-0.06584621276576658,0.08310734104678066,0.07011904977744778,0.008785606284676905,0.08804066689077863,-0.20703272604995476,-0.16591056431223825,-0.22232165834164683,0.020665398122640198,0.13969376381612597,0.017172462196342518,0.03772969845047999,-0.04629143217121269,-0.024511213194208938,0.02481785217669822,0.31663017184741116,-0.036344657167262664,0.06310787417900873,-0.12164998424917098,-0.10539172031099231,-0.24536785062173302,0.08596363062095949,-0.012998212824327926,0.17987938522771113,0.10053804672977487,0.019153971015841296,-0.05126866784909079,-0.004490390175839374,0.06611722885145249,-0.028616678849367885,0.12117542247686669,-0.05654169823563367,-0.028286950451341334,0.012036599800896117,-0.037101534978766754,-0.032082625442973904,0.07172405829012918,-0.066259152521237,0.02291572780670033,0.0706949904651799,-0.053903506811893445,-0.09947366579829114,0.056969797834222125,-0.2776461117093104,0.12092572366702527,-0.1972844847096455,0.07779338743204998,-0.24299877112044382,-0.04049183562521052,-0.025150019969348913,-0.2715394083242683,-0.05472544168221159,-0.047080763103048595,0.09079108610994875,0.012252947726576932,0.10774915826731125,0.02988686128300045,0.25821914310132127,0.06279203648317233,0.04379926548604271,0.011775864042877067,-0.08022093054959659,-0.03978569247114944,0.11882063689120634,0.0589424550791855,-0.022625921824277213,0.1753155347657117,-0.1974226650540875,-0.10224663005797612,0.028548439739082467,-0.04220825324490342,-0.050532388713724806,-0.06283348114699076,0.15103060972322774,0.0007445360535077559,-0.027924130407665136,-0.15936203371222799,0.15648481409925624,0.10983997618398916,-0.03904160518856043,0.029170603955001713,0.1008942659378373,0.030081310940095397,-0.03884932710761141,0.004620024662719998,-0.05905867938787736,-0.2424527342020061,0.013238920113162217,0.2806154894941252,0.07957123667216562,0.007361515573469058,-0.012775472120145176,-0.12131015502902356,-0.1582057961724071,-0.09439773349149201,0.09206740818175829,-0.05093309211118935,0.16945923383764921,-0.15652365446464375,0.05099872453387811
2003-02-14,-0.10854562372875658,-0.08934905275212446,0.07192212178605135,0.13394754631150013,-0.07288387088260462,-0.13081730399718022,-0.27389599968861433,0.14790541795972648,0.26016861221431337,-0.022929794864671775,0.23746785213202018,0.0626691669267545,0.023067977484176435,-0.08052176643174809,-0.13726854278711784,0.05133461817272401,0.024300727365337713,0.13001649783780936,-0.13791611725515973,-0.10507393039582259,-0.31832383525822994,0.1411797747808232,-0.049086194984390825,0.0060790788502082665,0.027705431571547146,0.10906315610883953,-0.03107858280300088,0.01867205741848951,0.08587804046318873,-0.007534281025970394,0.08735177165854849,-0.08157105384706291,-0.04966722793167614,-0.047255084117097224,0.10156363391316339,0.06080458458958598,0.057836489771690314,-0.19047842483490537,0.07169111278165928,-0.041328408131176504,-0.0525438634877424,-0.08033754667123869,0.13076633528379125,-0.1579391778992973,0.0672003543722601,-0.2223039226090524,0.02163737225391118,-0.15080520516961513,0.14855083539627545,-0.11874329191175231,-0.1711368679994292,-0.04876593759575507,0.005430481608583542,0.06394362549605669,-0.016314742990261356,0.032326227963225644,-0.04204639638667548,-0.016062292438877156,-0.05654512413236227,0.051644251828489994,-0.0666035878093718,-0.08340344484010792,-0.0687951876903657,0.15521492972537893,0.0936210819725587,-0.07984653366172473,0.08833679360315196,-0.06251360018891085,-0.03399940299733692,0.08235186640688161,-0.1354373027346454,-0.03972969567159762,-0.06141430483459215,0.11182552630346176,-0.042248995211403795,-0.09382759740805773,-0.09737660286709905,0.13445754615938058,0.12339689794572392,-0.29015303211565696,-0.023500467647293192,0.28872363018292446,0.18238284359001633,0.09060979882992592,-0.047285055149231654,-0.09964334029019983,-0.2348855468047573,-0.009867738744328133,0.36442493592762504,-0.009193715184752082,0.0329576367015881,0.03909895628501731,-0.13557898655960504,-0.021571825560974617,0.004013920797188919,0.0249063339099032,-0.027309080485303047,0.10451954340354834,-0.021804851671295707,0.07772452931979383
2003-02-18,0.11518373982635711,-0.12408358045671801,0.0931987086478741,0.22186125704773335,-0.23405631683006214,-0.15913292252386887,-0.25505515862390815,0.25551839039045476,0.19602613098071647,0.07953563346385398,0.25700244714440396,0.09568504732737156,-0.006419406130707603,-0.07847557195379853,-0.2061435373326428,0.20352502450794868,0.020226578048256588,0.14203057286004006,-0.19614431824331774,-0.2857144894162788,-0.30889781001176025,0.18799651320085795,-0.04623328901639375,-0.09411379524441833,-0.08450373608512811,0.1592028031734759,-0.041360085776519735,0.11616028511936405,-0.0624979010611857,0.22008122570653155,0.2531302128922642,-0.28829578406609563,-0.04656326977086243,0.1808412993173755,0.1879694692562401,0.19367062455615477,0.05934141262500933,-0.17296657245596933,0.3039126503440876,0.057992998847873845,0.06340784488828131,0.02444761125898785,-0.20081645093305178,-0.31229304397726027,0.05202996992087564,-0.0931014107398153,-0.030375706312077876,-0.10975804110762402,0.11163392943511109,-0.1723564111370074,-0.14466890669830826,-0.026711389370408564,0.08025541597411381,0.06277871351227608,-0.025458134873955113,0.12622799582687025,-0.3625882957538892,0.1075184177488963,-0.23185816007870927,-0.04491353407029179,-0.13306705984892422,-0.156553044424657,-0.039355348090322526,0.09229022799265092,-0.0712644084353843,-0.10195060702635066,0.14632985225908499,-0.17910930855138174,-0.13701235732151756,-0.06438997684265046,-0.22761386333532524,0.058660028736344606,0.0028972050874016787,0.05436214388091997,-0.13466555252511742,0.038961049053689384,-0.2688845253913169,0.29758602429680836,0.15946685804102986,-0.1880813403713793,-0.062430080835707044,0.1483142674221943,0.182382843850901,-0.10351984813421168,-0.14050155886672822,-0.09238403709296163,-0.15564971965863336,-0.09889744489977037,0.24765330314189243,0.03556150040146613,0.07489186873711046,0.15530984894205357,-0.07616246857278718,-0.12787316912094968,0.18178936447932326,0.1709277807123676,-0.034067724535363754,0.025237490195314526,0.03385715839536543,0.2158890009678703
2003-02-19,0.1256977500421132,-0.1700435357931285,0.012982972770631795,0.1204200778975432,-0.3500035019694848,0.1335381264030011,-0.1759612746030525,-0.202162396765791,0.08040830668615949,0.04933482132070179,0.1730668574534785,-0.002548195823364238,0.10333598820145305,-0.003269717213451195,-0.14469050337227624,0.38322642772327253,0.0008043028652413387,0.14667591717176048,0.02158433140963649,-0.001943326358555724,-0.2180068760937784,-0.0008924664247691646,-0.08458241901119697,-0.020768257156826658,-0.10872947822544418,0.12357298184700063,-0.0956483237578112,0.08252125512727927,0.08029580426517349,0.06882382146155205,0.1982914293715644,-0.3046106327928973,-0.05675476258679422,-0.013355409812255694,-0.07154748414388053,0.4806443111540668,-0.05688985674153656,-0.14570830149592057,0.20611623916774843,0.023070363152822487,-0.14740382695730092,0.08088541088423734,-0.13436138319763807,-0.189249187042485,0.005304266325872514,-0.16564643986749192,-0.014185692592981823,-0.15402883939123074,0.22130968662340314,-0.1401042586952249,-0.14480050184302423,0.042712149365567595,-0.07858362770018855,0.018045637988764487,-0.0444532995180354,0.13175358745381072,-0.1964411808846294,0.05125800597907661,-0.0834568754491878,-0.09195931432862374,-0.23435943710869658,-0.07081516069622888,-0.06350997813258366,0.07858428154919946,-0.12392311947200663,-0.08177986985161725,0.12050787480483925,-0.06299724021618228,0.11665131576647308,0.010989195344695783,-0.14841306827668202,0.1319419277646442,-0.09822612106853564,-0.03766053623959991,0.03638408607506238,0.036619872341257874,0.013069463571127685,0.3399218701081983,0.1554441462917082,0.0030858894703918137,-0.0471921832083795,0.11603708554775818,-0.05674994086044727,-0.10223745944937676,0.006494589604006346,-0.3563204741427395,-0.11046739863128176,-0.07791058165400071,0.14940653188363331,0.5158585791491945,0.04697137243040854,0.019569184346432556,-0.18945813463406552,-0.10689984714986907,0.05548675136970727,0.11633378295973627,0.1472378694612812,-0.13765754110344397,-0.0649901957645053,0.1622575767083755
2003-02-20,0.12886689328808504,-0.27529730802804026,0.005714582622499098,0.033882466881101934,-0.20555703521416097,0.13353811811793156,-0.23105971707756287,0.11627862620175457,0.25062703220054505,0.05865836413830133,0.2387957499088143,0.0879364295801917,0.10870970250248098,0.06210732351823856,-0.1446905170168214,-0.2933416690111057,0.021572488594068125,0.08359657180126037,-0.01926978673470767,-0.06165192593865339,-0.09830627599695098,0.07370194312648724,-0.03983967792680672,-0.1208487769153531,0.003070128604135621,0.11256160241327424,-0.15172922279839265,-0.04054381496307089,0.012355207329209208,0.23674630271977465,0.09548569265539539,-0.2059178008062659,-0.034507169375480054,0.17812791120102098,-0.04716683430238121,0.26148231688250256,0.0826373763770736,-0.13280272327777135,0.030914858910636767,0.12258063556361513,-0.15673935557428983,-0.0816713867852795,-0.15468018503768804,-0.15553604628010836,-0.21025296403665436,-0.20554054798674667,0.03659690131038944,-0.08909693542040059,0.17994535916379129,-0.11745639010898568,-0.14231198914553866,0.10907257066455268,0.025114289978031282,0.0377553433313184,-1.8758831796622854e-05,0.1593428703446679,0.02748328849386673,-0.31397111398829713,0.02002497193110963,-0.11943298900446733,-0.27549778778194434,0.12542514477384492,0.017625010955999124,0.3060772519811198,-0.05364092227443009,-0.15711537522096142,0.10495259329966217,-0.004119861011093767,-0.11840858618969537,0.019254193247919694,-0.152129038806198,0.2053736966200445,-0.20970722175653336,-0.11592132657211174,0.07309382280179261,0.17477085329552172,0.1061902116923176,0.29499108372806027,0.05484400174123554,0.06438542680327199,-0.15843647484654869,0.20588802274658255,0.013086207399921383,-0.08061436099382763,0.1978295096597231,-0.31285674817015285,0.021529358400602237,-0.023056546879380618,0.18309375219569893,0.46125972166309004,-0.12651453893966863,-0.050505625420028996,-0.2242509437891319,-0.03126356243379952,-0.08328799710746744,0.05300464611487529,0.0459257064770715,-0.14319087086189466,-0.22262022898813602,0.20133004627010564
2003-02-21,0.12303538032039059,-0.20324240589569698,-0.06419702004380007,-0.1173434922262006,-0.16992650178534932,0.13353811218575243,0.09517775425610925,-0.2943974850105131,0.07801236942698868,-0.16917561720246624,0.315256918098249,0.06468806442885337,-0.011421297868712071,-0.07309845331186882,-0.0468217874214068,0.24390806669811027,0.04296208404584859,0.35074435518537833,-0.030527749319597286,-0.06293200022089646,0.1426181445461758,0.20889126902196128,-0.039905064069806,-0.06032784085174162,0.004259988723760908,0.11256159875854854,-0.08122058068676895,-0.04602765955062095,0.1328615992760894,0.0882171415117079,0.1336512189511572,-0.16338435352098155,-0.07915788977377997,-0.05625376529447282,-0.0802742835872355,0.4283870546848582,-0.09793786712861555,-0.2119759773046449,0.14580601049972272,0.11908891142478199,0.03469734976023073,-0.0663143205982644,-0.05625720663667601,0.0392797569288928,-0.11269783711349525,-0.1903648275407824,0.0759170579616673,-0.04531365655923562,0.2802474812615071,-0.2609075084361371,-0.2091190805789387,0.07278920136617444,0.00038043354702687747,-0.10096949492606072,-0.0201014523533954,0.008125527165055331,0.12503367519500205,-0.20946004565668003,0.13126142779117222,0.08017874102112799,-0.2133016537963998,-0.08695343827075014,-0.046436071856321245,-0.4699873702620071,-0.09147595729788023,-0.18981107857944135,0.12871216310569197,0.1383675080627062,-0.036774132893699726,0.11601000429174131,-0.1521290483044102,0.2163150775106309,-0.049052722787103584,0.04496638671450862,0.2047947467173508,-0.04077483935178299,0.18425998159964097,0.26071013611561206,0.014994691553826704,-0.0026839753719452137,-0.11382358011096688,0.06706504425540635,-0.04172741572824682,-0.08061437274956992,0.007310906933212775,-0.22387683065882116,-0.05180064837276589,-0.06567981964863631,0.1522708417682283,0.39164536934399263,-0.00992674629793145,0.0733669474426254,-0.21006238657429957,-0.005903832434698065,-0.05826038744793668,0.06639062554246145,0.25155613302805635,-0.11762752984150436,-0.3439493802419858,0.1447141019515988
2003-02-24,0.00894153481967564,-0.13073529714137358,-0.018254555087115095,-0.06284548616302559,-0.4138413797858952,0.04135318461706094,0.009781919045633719,-0.6971783980049713,0.14642694212138976,-0.18530192821308747,0.481573868438956,0.0948042004430635,-0.03255240529708527,0.0540650182158294,-0.1900661894361275,0.543077119244217,0.028329897132046547,0.12171805288256099,-0.042891033637895974,-0.009309358677165964,0.11736738783437431,0.3510948684759071,-0.05232906063287124,0.16807564323880012,0.04273515188071371,0.11256158517027502,-0.00188380297021665,-0.001426353683994887,0.1821629489391916,0.11695429526449706,0.17372334586837299,-0.10891757072685002,-0.10211171761747141,-0.007094298832982465,-0.1887568295045726,0.2237285637216051,-0.10748214863678053,-0.0802492065729677,0.17671176010032644,-0.036429463019615936,0.08210446989833753,-0.13563127474811545,0.10345596674064732,0.020538199895321428,0.24014943171653175,-0.23947218217060104,-0.05916263746450791,0.2006608557465388,0.18768759935553275,-0.3688518870439844,-0.20998178054961703,0.05085495999034786,-0.09917014411891413,-0.03193152252483792,-0.012893282437818305,-0.043238962512179874,0.12503367122636513,-0.268921897704469,0.13126142171984143,-0.026181497364328413,-0.0213220902813134,-0.077647142238046,-0.04206017244468044,-0.142622216394482,0.09104050202809891,-0.3130194869577501,0.2454974998470887,0.06533650686590456,-0.05274320956469924,0.04609409415357048,-0.05466334820783347,0.1900647092554409,-0.0463065114956571,0.09119724072235626,-0.0022358750132509693,0.037041880112078776,0.17615522173007445,0.026341293656154705,0.07184904803731411,-0.24719132694331478,-0.14216526993137,0.02879763824980034,-0.22268084541670288,-0.24260987103014592,-0.03653880362500696,-0.22282504783946158,0.08882857079846602,-0.1410354404264822,0.1624487137810298,0.39164535961777613,-0.019625920210187928,-0.304104986623672,-0.1737032842632158,0.1731408274659384,-0.05106074829872266,-0.03186760753276995,0.43632881120177114,0.04510743563822759,-0.07149590005378567,0.057789485882303454
2003-02-25,0.18318718700789835,-0.028058644485046507,-0.03313846365495061,0.022182182019921337,-0.12899922023325072,0.09345483965915737,0.1662969874920232,-0.4656035271590795,0.08402907609155442,-0.28154105848850736,0.2631530765547149,0.27510247935483,-0.062192684700932976,-0.0643920116862856,-0.16069979547617902,0.2955581293412397,0.12845448503832935,0.09125653456690448,-0.021821376142798075,-0.146768262985985,0.13569658519293157,0.15170506078183185,-0.08425957034482429,0.10390276243288428,-0.10303391760444011,0.29496851360250553,0.022952048232471652,0.06810430293969563,-0.02590969189008562,0.0854214584288998,0.16056278234976523,-0.09483060256673977,-0.006404664109776197,-0.0057055895616861824,-0.12563934797712925,0.25331991728847064,0.00948376985001105,-0.043201780336335836,0.07810296293044151,-0.04220797176859964,0.18239207853579928,-0.09732777113564356,-0.037150590699528134,-0.20249884986492422,0.38430537183171737,-0.2895229207476968,-0.18248121857977634,-0.10164209537841745,0.12358200786450635,-0.2555095620193824,0.03237839796226284,0.02781533591604207,-0.07706761972636442,-0.4037748485646873,-0.12630474043814247,0.12006455770620778,0.04246188331142358,-0.276269397960067,0.2072268014966957,0.05612750532247174,-0.16080148097204233,-0.2692501329769882,0.040265751473880645,-0.08261317123164603,0.13461557184848733,0.24969678671234943,0.3699561930846642,0.023614009785209406,-0.1484430964478822,-0.041291580693738006,-0.10750277090278693,0.08945613327831883,-0.06071943823706265,0.02786435568900114,-0.08146317463352581,-0.087382045093219,-0.04628720793091643,0.21392929984091996,0.10144701791545131,-0.2024696526635814,0.0641439631088858,0.323675889551799,-0.29517909973590645,-0.3803030220618844,-0.16806904763035566,0.07047722384023629,0.12865931591641167,-0.2326005709297305,0.06442338957725159,0.309630521482813,-0.05864289728097827,-0.11445431771056627,-0.09768989415984236,0.10892530605131402,-0.1583020627923899,-0.046302699078821785,0.41785879143620785,0.019543603636564683,-0.2886790869266128,0.14033538202855006
2003-02-26,0.0055554907951970945,-0.12945764518925204,-0.012890785214253409,-0.08246242803579458,0.029623788159484403,-0.14833063836402538,0.16658339119850285,-0.0910086186616674,0.06632168890066083,-0.23100361141679762,0.04838962294565981,0.251058609764125,0.022281348377244155,-0.15871786791683118,-0.1150686319128081,0.295558127109704,0.037230642491745986,0.041399962427199705,0.08127646621977212,0.036096640597317944,0.3332869365116256,0.128922269049919,-0.0166123454319064,0.049421787716123516,0.09395736715328913,0.1293485832269188,0.036434009093546604,-0.0069119302958042025,0.014498491400118552,-0.005139464170271228,0.1469059323729048,-0.08063554930971942,-0.00755078051336522,0.1718581323133366,-0.14770918690535487,0.2261630229967947,-0.07901886580419709,0.08665071027187686,0.2512908873799523,0.23692020097236496,0.0421374081578683,-0.010032992940513071,-0.03387926544947282,-0.19889609747105547,0.06178374648775989,0.3779296980471372,-0.1402070729021789,-0.08273713256447797,0.15096300929919765,-0.19621657202610923,-0.00934883871402008,-0.07043549173243724,0.03708994796295864,-0.4171017461372489,-0.07506643771651175,0.09509027595768772,0.04246187051582161,-0.11136038303887075,0.06642896369325672,0.0629199661916106,-0.04081299654798433,-0.20434943150588553,0.10258220673323905,-0.2012310292529597,0.022733299980933118,0.028490714045627037,0.36287806723743915,-0.060247303520400676,-0.2939638478957536,-0.04500083907821283,-0.17222772645446296,0.22627497928417384,-0.08854127585447646,-0.1486512135736384,-0.048145421352191235,-0.18591514471548462,0.20507167607033383,0.11447217560119949,0.09204065730534049,-0.13061291213966417,-0.004584710400536424,0.3236758861044765,-0.2575489709725557,-0.22226003954495277,0.01713969433102437,0.008060413319234088,0.15026267215387834,-0.16879837415012416,-0.01648364710992649,0.29116136744588733,0.02000014034959786,0.056522195703409495,-0.17584714564863527,-0.11181535388373234,-0.2507364629968802,-0.16845891245006558,0.30839861519051887,0.03213659561449812,-0.28867909607129855,0.06697411121132457
2003-02-27,0.12313627292126632,-0.12945765142756407,-0.008499621441053396,-0.16984779913528444,-0.016048289467487556,0.016861605332823618,-0.017696912908421514,-0.004414943661104472,0.05669006523855386,-0.2529678538268536,0.18525536925098032,0.0036130237956738076,-0.0594339231558928,-0.04857948624545586,-0.10678142830281484,0.025366597401359173,-0.014885568584360354,0.04048873016983215,-0.05493652556249285,0.039076220062639624,0.3363517479979794,0.04546790235656445,-0.03498375937576144,0.1420591873612178,0.020372364752856784,0.1661678569439964,0.0290146981325927,0.03207083041735015,-0.03632984276113773,0.026002254595034798,0.1951404157341617,-0.1352228502759646,-0.06276074464483478,0.25438736027606057,-0.2022859739954251,0.2942991591321644,-0.17646159714091866,0.0786349646302162,0.20991787437726955,-0.06145494844665799,-0.01564214606268546,0.014642197208074489,0.1580000048934115,-0.15866410124778013,-0.01842980989343402,0.2692929480769801,-0.0911061129228757,-0.07461353500769942,0.0986720675698731,-0.03886123250828747,-0.06049769248115074,0.021975296304767376,0.037089934057280116,-0.33339243869653507,-0.04330216862444903,0.0778144479040513,0.03710666230979747,-0.22728418149872326,-0.03698875382412921,0.10205189373135252,-0.07479574403054316,-0.007120025448555151,0.024817748410191135,0.13880323923866308,-0.08013642184105224,0.1901284546937268,0.23451804893105035,-0.16444976762447056,-0.2228276153799099,0.12951432006699315,-0.03964281054117874,0.2027357118618686,-0.17763637539028113,-0.10855949304723603,0.01830489349118598,-0.22650871773688444,0.1076705264821504,0.16015482645505927,-0.010363536808437534,-0.2536270503904733,0.018506062482477624,0.28472950184153234,-0.2126721749914085,-0.09381607706852241,0.05163233045133106,-0.15429062276696,0.08828191561037059,-0.06653798698202479,0.07207723917406034,0.3050329092673056,-0.009404540504818435,0.07793616030919484,-0.08788737033382099,-0.06578786547025606,-0.22731655157434322,-0.12644911875647036,0.21784594815370661,-0.03883152718759012,-0.033897832726275126,0.0031917462832159005
2003-02-28,-0.007505163694530981,-0.06302393071165656,-0.010591843286332734,-0.049369891795321696,-0.2077236825714289,0.21992186805179523,0.02659204992753443,-0.06463205807836246,0.13146922741402384,0.08052998692226594,-0.0997193900036831,-0.06210716665520954,0.11960611506577083,-0.2624352814634946,0.17488672949165582,0.23855712850688338,-0.23786934566256435,-0.024067648575202952,0.17856892703404628,-0.07533299672630706,0.320967588215487,-0.10813393876864148,0.025056249808023397,0.24834875034100873,0.15055609667851536,0.06034074408806073,0.06837708864543142,0.07490828885673637,-0.035822139612536046,-0.0017038355037595956,0.04359164980818542,-0.09933806155010506,-0.08349947164836583,0.3683655567549142,-0.023422110218591762,0.24628699967160195,0.04313176872693404,0.014813318867259874,0.22393664280682532,-0.2943989367388094,0.0823066215995106,0.0999579009286186,0.18982152482053047,-0.3155747213057629,-0.04464813011300409,-0.08667190801164734,0.22645015859222564,-0.07461354601496599,0.09867206134707428,-0.19754375630998017,-0.15743728461850715,-0.17263591310582135,-0.2549251917724352,-0.13983329291039506,0.042484153167124304,-0.13956428540115945,0.13385593686855507,-0.3804049039055529,-0.03390799051207303,0.01039550244751607,-0.3413482566395327,-0.0349312322870961,-0.050869774148488374,-0.3624261527301921,0.10263539166815135,0.23775059612512206,0.1325362236742922,-0.4029810013050439,-0.19205792016533338,-0.12076887089806161,0.08632323453897874,0.27506795214107055,0.07460777341224288,0.16775466089707403,0.004824954150515814,-0.22417029327834875,0.04678668701486248,0.11472362751884595,0.019789789688564055,0.00876884662305904,0.162220293531849,0.23664872877252263,-0.16657254219174486,0.03200544932553541,-0.023024840019134598,-0.3575551177927672,0.16769727552771116,0.04153204421123447,0.05963673619224289,0.49859584630950854,0.04692955852500831,0.1512520243518432,0.06747991199812438,-0.10652038433363943,-0.11903092455829052,-0.04522980589592832,0.20081945600274959,-0.021460061696283325,-0.1786413908799507,-0.19656331956732956
2003-03-03,-0.019232515181409154,0.07567614076321325,-0.027972515327082264,-0.00893032647095064,-0.1709406719374131,0.15377754455463052,0.0027867848452370605,-0.06463206068743246,0.23737914112732614,0.07967547250804762,-0.18595333455225307,0.044624138639504624,-0.013576278436285791,-0.10385624026292983,0.3586246322661447,0.39630555642100795,-0.2083763776721537,-0.14399518569076405,0.21702469005222605,0.15718621820027365,0.3670548865964503,-0.1644244985816435,-0.07813408570742335,0.24782633929527714,0.13164229662902463,-0.11774668738958059,0.053070909488763446,0.007255098455799003,0.0722619865067251,-0.03362016463417955,-0.10307752983557408,-0.08528343352725337,-0.12195190944994448,0.08779487850267842,0.0016652901078299434,0.3137457363439384,0.023114325626692068,0.023711775616933314,0.20548746735442583,-0.18064347672818823,0.04632021804450032,0.0017395481963107346,0.24398491345136675,-0.26543103623006714,-0.19281415722123688,-0.14560211620199692,0.10917206441522956,0.10435727737199262,0.12526819223717503,-0.24325684115262627,-0.32348363653674433,-0.3503962444200713,-0.24938507131425702,-0.16733713433836522,0.021651647224977963,-0.023276106182331526,0.01923451011948809,-0.2912602660650461,-0.19304571126569287,0.014750660086648621,-0.041882605597941415,-0.05915264622714219,-0.021257629233057677,-0.2591940085879628,0.11463033441449878,-0.008670587140538897,0.2639706689498013,-0.19350274028593775,-0.1152009820600531,-0.10786471222869941,0.2814110413745384,0.20688227870467946,-0.06837949138709369,-0.0689011203020305,-0.08113179912951844,-0.3017904150264226,0.18913457680759582,-0.027244939896407805,0.05231649163990638,0.04017170521439308,0.1634293389995439,0.24711000391307664,-0.16771801202033046,0.40990377798966543,-0.009266182985313058,-0.2881742475832179,0.19612856245750926,-0.05512851457517771,0.05676333876486282,0.1814769401479561,0.10429648993296142,0.07597612458593571,0.04882940335108101,0.04876152596332098,-0.13714513458064137,-0.0405484380046155,0.29015377708674095,0.025590791958968635,-0.13299662360280454,-0.2833652304016964
2003-03-04,-0.0398116896219948,-0.06389829053640522,-0.09176334253517847,0.027717459281091386,-0.14583641045461385,0.06522937488522502,0.16487892796392428,-0.2378091420302761,0.1898882856613277,-0.422517724645334,-0.048519845566287204,-0.0785761515064146,-0.18713123491541792,-0.10849428445494315,0.28549588567508827,0.3963055504073185,-0.05021936997990179,-0.07634007125510484,0.300260362816687,0.04790436800542633,0.13837174315549292,0.007926822806615623,0.0737548711055061,-0.012767985750313758,0.1301301647805207,0.0006444620993104736,0.09745704643650828,0.10628612845328798,0.1501786527942582,-0.11042514141248956,0.18726861543717085,-0.07463021811636611,-0.06242482263147542,-0.13136505510798077,-0.26604247090760064,0.28810659836157915,0.00647747791983804,-0.11104821677879874,0.05484962618137429,-0.05653459834456026,0.032049114232726675,0.010316415071491732,0.17574932571484966,-0.07019804827138663,-0.12591536152204838,-0.11438627817343905,0.13505055525476756,0.1293931111073981,0.2722916935074663,-0.400576239529383,-0.19175468574306834,-0.1390404662018094,-0.07283524822998132,-0.1774780701749821,-0.07737706105696282,-0.18678227106922018,-0.1436840080585589,-0.2104440435166809,-0.1411780070228266,-0.10053622777720805,-0.0015744665735356142,-0.19032465989468778,-0.1029068608778954,0.10688644578693368,-0.02764977737099895,0.09038115386513612,0.1267716183885309,-0.28568441042563586,0.09156800080647502,-0.18723491188565672,0.11368383110771939,0.29284286568392237,-0.09419837014670027,0.300857137009158,0.2631275681237495,-0.08426938810877346,0.13596029019219372,0.020641674425922116,0.2001546334911091,-0.16543189300725192,0.020134064664546522,-0.17267564532820248,0.11883804449964878,0.16012488460401408,-0.1460512192040127,-0.08194976785456726,0.18745814684089,-0.12123055333830762,0.07654321288425726,-0.006650816991684098,0.02019306121025914,0.04101187342115262,0.0655076789487554,0.06620808081048,0.20272949252029343,0.10162673695290299,0.2553071601035294,0.08913744258340318,0.015597101033587291,-0.3203258895896096
2003-03-05,0.05758000167746234,-0.05853296319150754,-0.14452858762218734,0.016768081155795648,0.01369761025167012,0.06782095206914387,0.18915469437685403,-0.6907087890071636,0.09810399552422726,-0.12466014118097697,-0.0013380683489905784,0.08299014954274037,0.2694498822455228,-0.06062373966292237,0.21847591825740878,0.6763069911194491,-0.017134713779618487,0.3406795149412262,0.1750365054257653,-0.3235965365404223,0.18556094858205127,0.14359591168242336,0.08886258240722725,-0.07198445994475326,0.018915208304085336,0.02994730562961027,0.09691252839054432,0.02796000107938377,-0.015287901307369196,0.011282651918790887,0.028992710394870037,-0.07815720337964596,-0.151446547683561,0.015775396086799454,-0.10804790008903399,0.1822376268830533,0.17168825072780072,-0.1882270240018265,0.035511962708584546,0.09368190897423577,0.11790843661476581,-0.07748175700584509,-0.05718893330572923,-0.10234928442464954,0.0012710528801400697,-0.09762506039514086,0.07491210803918656,-0.17464582927067762,0.14095046539954176,-0.26764837355455806,-0.30703873826526473,-0.15062145900523538,-0.12801589332362404,-0.16040091730876668,-0.018592111296044708,-0.1847755297182806,-0.14368402079431025,-0.041395423635626365,0.13914752118522558,-0.14753971125844323,-0.3204872302503034,-0.1119992505258493,-0.1305064491114423,-0.04587299852323182,0.1712421964457378,-0.037437351525994894,-0.06579527037897916,-0.099077057857707,-0.09216782824904311,-0.29120058739685317,0.09648059849798732,0.18892985707905868,0.04861776930641452,0.4225058306322416,0.3358350111675141,0.004986570157654348,0.03238159686326608,0.19774549907587,0.04019714136956906,-0.07304141395825488,-0.0751470082187918,-0.3795670001924177,-0.0051824669772672,0.13299173405462175,-0.31450892736417446,0.035501516751976256,0.0974158874370837,-0.07895121777996887,-0.14047968897220944,0.1792179076769406,0.039924789385612024,0.06968294211534158,0.039052708014013435,-0.010900965992846451,0.13095334683033255,0.1813641101921503,0.25399173348481263,0.04236530328191847,-0.10883146861807605,-0.25437077346516207
2003-03-06,0.1415985805936437,0.03156604015801192,-0.08920634178750901,-0.011443042393608549,-0.05138318621725853,-0.20885316684819122,0.05845753876700174,0.15536741690131692,-0.1705012577835251,-0.1456921410662429,0.08365696448877838,0.023786402614516658,0.172046515123352,-0.1711945057194945,0.032010750029080166,-0.043533408359586204,-0.004016594680996773,0.2532660970708319,0.14705286484586608,-0.300933524748006,0.07849061097612951,-0.04856938236744122,-0.0010192408528550713,0.20049818403419759,0.01588916394151443,0.018674941934198774,0.23138192621629708,0.13492513156402863,-0.11492660216383678,0.0069700985224820985,0.06809849411329387,-0.08482029111828944,-0.023456108733553485,-0.06067335375912885,0.06540452176619468,0.15688458742017083,0.1649955361285474,-0.3155612592205264,0.025183317057531747,-0.021075735744173388,0.005420694646864133,-0.137618676024727,-0.11625468330316384,0.03206966059382982,-0.1873010733806381,-0.03262423199253205,0.10718861923503771,-0.1856648452397145,0.014126803349363282,-0.034961395267934826,-0.1596641712614171,-0.02565508952445323,0.039820549751228874,0.0645103120442101,-0.031398541075628277,-0.18589550743912286,0.22142683111373507,-0.0212631918713065,0.27308453259191656,-0.04183800586471325,-0.16109153707657878,-0.1831820156426484,-0.21664342528790875,-0.10413248169726853,0.17274286361138802,-0.04389264740998489,-0.0202795525615551,0.21313142216878034,-0.12868423047575603,-0.3935762406472691,0.05102703370959852,0.1889298554985727,0.10530562359936317,0.06560677171410907,0.19675479895366857,0.010042730670123607,0.08241453043270593,0.13230819768912533,0.03496821446188667,-0.04210262284829421,0.25649202906327456,-0.054122531187101086,-0.027182559169583776,0.06265661491406888,-0.11061659157469733,-0.17372825455580257,-0.033276185206457295,-0.04433712371778686,-0.12872854419770077,0.171861017103967,-0.026508177143518677,0.17519376076158721,0.045622060744402816,-0.07678727591856635,-0.08251512131638292,-0.14322470413749105,0.20663545823387316,0.05494524219278055,0.049687126552816784,-0.25931825241653106
2003-03-07,0.05312904341008303,0.07079819147776364,-0.07419700186667319,0.022976201120001087,-0.11495261936557305,-0.19716621191954972,-0.14186545904730158,0.16437431163534602,-0.019253632198793905,0.0037368810538657773,0.015341905968400888,0.004834834439088843,0.2071704454058731,-0.08245175044726996,0.143432466297515,-0.26832761585821224,-0.012797693752334248,0.1611031675675666,0.011356278603794137,-0.20271213231210794,0.27446663385356085,-0.19542272526034515,0.0021637982644852802,0.0019293120505154853,0.10287513833744631,-0.009102706622424085,0.20564384178656472,0.004785833278773278,0.08229548666578763,0.03835383912899814,0.02401949783811439,-0.021452825049165698,-0.07396275853374613,-0.10302776575401136,0.0894450514614944,0.055577040562770276,0.08177847269755614,-0.2682908226786862,0.05270982524365672,0.02818606731677039,-0.06846861075975598,-0.0904434871011873,-0.24810749849019004,-0.08014643539913202,-0.030600169710171286,-0.07699343110176374,0.16330103835272577,-0.04787793512558202,0.05091739894250861,-0.1420744437513589,-0.016984825682097155,0.08478291739011183,0.181470603874011,0.056791030860334574,0.0011806685353983265,-0.11554253234045742,0.22203526761045145,-0.09157351643685321,0.2081979994625942,0.029530268562273344,-0.10775767211924345,0.01089106182336466,-0.23524326812175353,-0.2780440923710534,0.08574615492583773,-0.08797345110928642,-0.14730595923690168,0.1887064032236065,-0.03696445645317416,-0.4600613660539171,-0.04957075311294872,0.27230789753422885,0.011084610130270907,-0.09395139259767712,0.11420978879782688,0.10468915795311828,0.22820857682931026,-0.010974545123422977,0.021241060722806886,0.26240605247701143,0.03892939251499547,0.14918249661246885,-0.07776022368298327,0.008633382402034312,0.05246977264035592,-0.14053820741277764,0.20682048070600906,0.14750381696396564,-0.1204478508295863,0.04475540066654355,-0.03808983113583056,0.15163562827272634,0.05419283619521681,-0.07678727630952874,-0.09256220286769773,-0.09489815720665788,0.053608199680016067,0.07161380459907045,-0.10837545600709825,-0.247081053943178
2003-03-10,-0.023058629285278368,-0.15881456662760635,-0.06380431007122894,0.0690970321266608,-0.27629389099075685,-0.1949395431006382,-0.059629444534817895,0.37655975558309346,0.054603864942692946,-0.09188973647553303,-0.023715587207387406,-0.005695142305421004,0.29081463769604277,-0.00980755523133981,0.12485174786835825,-0.4830387114858687,-0.02171836071819773,0.19733806145463384,0.019396395406255876,-0.0068719184470962,-0.048137144517821716,-0.09701480899369812,-0.002222542549247123,-0.015024390288644867,0.07721704557241958,0.09935326654486783,0.2386494878894151,0.02129130431197765,0.00861237619029278,0.0473076652559481,-0.0817616730729592,-0.052632527900223096,-0.10500854972251139,-0.13629274819890516,0.1671337069913538,-0.007103476715819571,0.1181010759721052,-0.3301670247344643,-0.04540842982405204,-0.2739607478849202,-0.06557325060094905,-0.03530431364294993,-0.028490487830665788,0.09249872375577432,0.024489358313304014,0.03421394949416915,0.09350606504433397,0.020719769386188733,0.01121004902486421,-0.07994192163123222,0.15575603839647362,0.24556021785470006,0.028141198357132313,-0.03339327165585803,0.00480478148220846,-0.1794809084488908,0.2817134693196261,-0.1790788717553594,0.15251871095589697,0.057933420265160296,0.05997184355498425,-0.014442527749331482,-0.19063926339455206,-0.27217452003977666,0.24569277196261718,-0.0582736924591511,-0.1515430574564079,-0.0014612647134397785,-0.14403123596028494,-0.21629223431978006,-0.06512894898922032,0.2375684166512897,0.011084607240921137,-0.1361276483728746,0.14917803287075296,0.028327825152356628,0.16977838164865292,0.055594771376955225,0.04203421957895822,0.030783482134758785,0.08164628189101325,0.08613174344163028,-0.03658448445732346,0.016941380580970833,-0.005371595117136413,-0.19169582801611323,0.14666394943371802,-0.03196568298645834,-0.034800201195357025,0.1972900850690396,-0.035442356141257916,0.11457384415434482,0.1463800829662979,-0.13819973490667484,0.07412896127930144,-0.24471225991993828,0.09168114416466482,0.048998735212148516,0.009539282141009102,-0.16863219144807412
2003-03-11,-0.018946384963106338,0.008739523359120602,-0.00945697852793165,-0.018316930844063575,-0.26913823562080463,-0.2776897372274574,0.10882196976677647,-0.8136747745320062,0.004434847769628085,-0.3446413966349371,0.148210639782983,0.06217721997466907,0.2637407265550826,-0.00037663724250973384,0.0396917220877368,0.01759111075902325,0.11916247042204807,0.24962396520885682,0.03785304699677391,0.25575282268341765,0.10563722603405988,-0.07567808926827416,0.01647470367686845,-0.06532676635946388,0.018759501330122174,0.016626715147416305,0.07536939962348263,-0.008035590110376363,0.05543644166975289,0.02338857409686475,0.01702404532194647,-0.0019322419756324547,-0.12565500042259548,-0.06801795077382396,0.0901142555967199,0.012001193964081143,0.17933014434004,-0.15719485958810545,0.10131113337932549,-0.13012273209774206,-0.1359670087092365,0.06390295526469689,-0.194565684893979,-0.14424383312806294,0.0828845328790562,-0.020185320069876406,0.08396666398240796,0.06043896158610218,0.07758280929093764,-0.09727276355562538,0.2757920060017514,0.1457606514110875,-0.04735118247334249,0.06471393181348994,-0.054713356813911165,0.003232049611853367,0.265936878753111,-0.28260956370668144,0.27794805492811264,0.23086957316716775,-0.04394194764349509,-0.04252767179776907,-0.11337584699483805,0.09866399596288357,0.11472897979368853,0.0566425875473019,-0.05279874217769973,-0.1330262825340293,-0.21912521870170532,-0.19806930312568238,0.00999269673274565,0.23880234782448173,-0.025653202663459294,0.07465835927177873,-0.05238981953296942,0.028327814704940554,0.05792551028104569,0.05173411766895623,-0.04343495035010776,0.05750462216972852,0.07850853868261444,0.27615568182037675,-0.07517454281334696,-0.18832398767293118,0.060889216880289344,-0.08643553229867154,0.12043112622605269,-0.17808252151245596,-0.12241558492657219,0.03623233352506161,-0.154223650969409,0.1440101563192867,0.11479522209902199,-0.1203998876888967,0.05740385718106778,-0.23396538627475882,-0.09902283103200753,-0.05847443439306976,-0.09524187959379542,-0.059457013750748834
2003-03-12,-0.0019213622779414928,0.022589154948871322,-0.028563426349566063,-0.06172502120247327,-0.1480140259388076,-0.10672236505224465,-0.00544192219011264,0.061897573552118355,-0.09574821674031515,-0.2940474244970378,0.1849823905460345,0.0878431600210744,0.04262587013737379,0.13920461111156265,0.03951201060053453,-0.6240373579061803,0.08117469720344007,0.039536994527878074,-0.060097169628455904,0.06175137346970002,-0.047337412911472566,-0.027245100998701904,-0.0673589030719837,-0.21013637978861335,-0.06539400883542781,0.06822139404285704,-0.021582417838228566,0.011933356522675236,0.07160642833345143,0.12658537877294773,0.014139227891662285,-0.013445437626054232,-0.09415282713048626,0.1594592087803894,0.01014869224687708,0.1808201018843268,0.1467062519195468,-0.21977454363933518,0.07815160381668752,0.06338787597442422,-0.19216083124887579,0.08076240211974599,-0.16997102918371224,-0.12378266592407672,0.06964798503559176,0.0063387951894257255,0.07246934952905433,0.17493479291118644,0.01720548858207975,-0.18636127639778963,0.17425030804857983,0.02991460950517166,0.18813817077720973,0.018641025604759293,-0.034905113187516865,0.0032320464395577376,0.09871030698689391,-0.37250830626129083,0.3543278625235672,0.3223703603539323,-0.07976786599904695,0.060436438194121846,0.09292150177561041,0.10553466747464284,0.043475880886800836,0.029376514946300395,-0.24150430328906444,-0.008408509517629267,-0.06774077975035009,-0.2008804483545428,0.05573068259994696,0.19459884436427205,-0.049046983595994964,0.029705805434950883,-0.013049252684870343,0.045941385636781254,-0.10391776743080955,0.04744103462623177,0.001851591746877527,-0.025081540688307292,0.10221672917683111,0.27615567485498055,-0.2540671993263959,-0.10850166431888755,0.02937720007352579,0.09920345081422653,0.14019996787828007,0.12486527303765228,-0.09050680885447736,-0.024109304503344857,-0.15286046080608584,0.2579182633328429,0.14861995535081962,-0.15471660613075935,-0.07319684469052871,-0.06235760462066679,-0.1323842548179226,-0.007345353880141722,-0.16755659695702413,-0.14106717996896592
2003-03-13,0.06901616339999853,-0.06858957431754828,-0.08221496774505611,-0.04366160603085834,-0.2571929043298357,-0.13292792113762678,-0.2082652079090781,-0.22913476784416,-0.0848677983636328,-0.2940474332778127,0.1722689654289501,0.0593717623770761,0.21164057290358432,0.0679889198286317,-0.09413478978565824,-0.3211194096653353,0.09618703461888374,0.039536991573308033,-0.0815843474749065,0.4006538920417006,-0.02483300789574628,0.09559122398783827,0.12688578394470146,-0.09630254481337644,-0.04839524292913584,0.16428611940518936,0.07456283847074431,-0.04608881583374668,0.04655644947952652,0.16318891290553073,0.11861016069756881,-0.009896589831562504,-0.018707212829058125,0.29285256344414845,-0.08699841934368333,0.14104750893449436,0.1150798043663627,-0.2636598666083497,0.22686983534519614,0.23583081890023555,-0.20084362265686015,0.020539251006227475,-0.17550677601541373,-0.0708302528200456,0.08665749353714894,0.039374809363325554,0.04462517330414495,0.13074963793634894,0.0237598354308907,-0.36851641232902127,0.04777956953802533,0.04380820950619945,0.2638425234924845,-0.010370928801566374,0.013435306576461862,0.2651909177183002,-0.28717810668493343,-0.3504722884853526,0.1583997263803274,0.04428259858588242,-0.19626449721405292,0.04650709207701946,0.09003685430395243,0.3757285647298615,0.07472455559353666,-0.07294516759500728,0.02110853669177252,-0.05589954711831071,-0.13950739123183975,-0.20088045332847204,0.055730675194576924,-0.009103958199932321,0.18007784181494166,0.21467247806940917,-0.06994140837461245,0.0027373597778549553,-0.15070793382115447,-0.06743709302695285,-0.07272926773645412,-0.3379905218352753,0.06751461391581479,0.20980560042210308,-0.2626128040087565,-0.1953391746683474,0.018786996103179552,0.14791989993762938,0.16742902237201157,0.02461882140785194,-0.19986751146800336,0.027073416033141572,-0.10086014398234897,0.3612521650225465,0.13753911133652785,0.07944474701092281,-0.1379031700772168,-0.06973640246950562,-0.18087909335057153,-0.05913030061677179,0.08361360464459794,-0.18514840082684625
2003-03-14,0.06901616306593364,-0.16007155998494008,-0.1052091892217622,0.1366376556569899,-0.1638973822093647,-0.09025180624234047,-0.07642239132437889,0.011733244135223878,0.03277808154147748,-0.04282228262973996,0.016234232821534775,-0.19777826403139742,0.15050681060397594,-0.018875789496180722,-0.014605417855261302,-0.2449772858398142,0.10005307567705854,-0.21115882412748296,0.12826696189417613,0.094453159325716,-0.024832654020512417,0.16644600806071955,0.1569355263059432,-0.12387225211161111,0.12623058032387197,0.003907113882223026,0.16699211069258255,-0.07496073802651819,-0.004852398111926754,0.1631889606750262,0.10724370945714315,-0.024120940842142186,-0.009330845546252993,0.10666723697015741,-0.11190071403096118,0.02538088209241833,0.19530705245319324,-0.1563268212346123,0.09845063916450662,0.15676465407093218,-0.13088142743627001,0.12563171827415578,-0.1611304310158737,0.08161713381721795,0.0026875259827805384,0.050117168691581615,0.044625172732898274,0.23177752689224285,0.029688429824471632,-0.38787593408354176,0.15679158953546177,0.026753123497552003,0.29013005894999366,0.02698942966154142,-0.062410962723954966,-0.006034459065590624,0.07538534285366955,-0.46717337512124596,0.15297758096984876,-0.01159218611750039,-0.12498811199427509,-0.0218142260802262,0.12448016572932952,0.1485868915828061,0.6446264782278431,-0.16861006569996553,0.048177407033222375,-0.05932697444254725,-0.13832766409315378,-0.13923690933885563,0.09984107545747231,-0.04820816305856237,0.3506840799905956,-0.09795082113380607,-0.06746327498339641,-0.08674378204886779,-0.2312045083642472,-0.0790607358576009,-0.04164197754145307,-0.3531837515030666,0.10211501322569722,0.006561647104689523,-0.18003761328223108,-0.26809632488005125,-0.058486017698241376,-0.051744396631719265,0.24076890440860912,-0.012952132914145278,0.02192153332938338,0.006819428101092575,-0.07735908183024658,0.3769308367218772,0.04221297312210778,0.08014028669587778,0.1569206925599247,0.05232716198569998,-0.09495500395806863,-0.05768299213897274,-0.004184282273891089,-0.09929372384564045
2003-03-17,0.1124257654527373,-0.10972793024173517,-0.10595069136327304,0.1373514203815818,-0.2177894801217656,0.07217649432728296,-0.025247746541110363,0.19346615301215078,0.08676860618195162,0.013642051012990881,0.01716874370691909,-0.17323887935975849,0.08382783477141344,-0.09709091084871517,0.004587503583241118,-0.24497728746126213,0.08459617613889478,-0.06901721488574333,0.06863439997113663,-0.02061669172510346,0.08705351144662754,0.1537863188293554,0.06316727323856021,-0.05581916723637137,0.2158651989341451,-0.019432779123805585,0.06412393765144318,-0.17662691310276388,-0.04288944384989391,0.08835519590872701,-0.025234824745500154,-0.05078374245996105,-0.01211054540106361,-0.10735466383354958,0.01171939927192061,-0.09955479097004667,0.04065464422934254,-0.2752889455224814,0.1217550184396924,-0.06229201752129781,-0.044312570678497726,0.20785891727180106,0.03382961370768761,0.07052751613398762,-0.21748384078318372,-0.016984190668954617,-0.039635185527625065,0.17456560254673523,0.05319761538433647,-0.35739232904840257,0.1877987389977635,0.2658482002108057,0.29013005020884214,-0.1108952989112098,-0.09479297553310109,-0.0492674184420259,-0.08378698737905806,-0.3939360467991178,0.1295021225271607,0.056193466085311866,-0.1748930240641073,0.022039781408616572,0.024632095217944516,0.13767975624631232,0.2636676754214823,0.0483075918687026,0.0384713016164517,-0.15139267753859037,0.0509806047338809,-0.16940190295625027,0.003951032731745253,-0.16332591776805772,0.17220020945676232,0.018257314914187944,0.03962438858467695,-0.01817634446126201,-0.04308440495531335,0.08257753510144697,-0.02117722920720807,-0.3534989542380307,-0.05589676563472492,0.2630911417454404,0.10278784158428947,-0.2110884588856388,0.16257359299603596,-0.06169602954543498,0.26348598535618045,-0.08553160414506213,-0.11493219040751969,-0.11690638312776612,-0.10265483357658954,0.376930825133635,0.1256979807308995,0.0633946332614675,0.18476017496482558,0.09846087849175209,-0.07990736378813296,-0.061522260797051885,0.07341697750684406,-0.09062120829221872
2003-03-18,0.16219275390655397,-0.0022650136433305782,-0.17296194327370457,-0.06919787364439395,0.0415482696921504,0.07506635902585898,-0.05511711855608965,0.02929144128268979,-0.05473675444355706,0.038990842081318665,-0.15778183805949078,-0.16808804040714118,0.18399618053915098,-0.005656157258000572,0.1691094597326701,-0.08263378486444024,0.0505388123097725,-0.06901721914473823,0.015478868343329434,0.09371229253490351,0.28630271306119387,-0.07412710702424766,0.10076218876913871,-0.01541565921277345,0.15401243674673942,0.18669527962588817,0.18595851499186686,-0.12909938507869617,-0.07702537860068565,0.04793565813292772,0.025360528401727835,-0.042423804687999306,0.0009256553935220276,-0.1155729281860533,-0.04698588563772334,0.0323951521393354,-0.016090289742740193,-0.20451547680091586,0.2841064326844503,-0.0022300086440786853,-0.03096542609685033,0.11923087606484481,0.17956479348872975,-0.07225553954462026,-0.1131096008292576,-0.11672700805071502,-0.2574396089517452,0.2521030262020775,-0.11298535237453762,-0.3209159738777323,0.04328575094570964,0.2925129537855368,0.3272186320542028,-0.1674936142535585,-0.06276423239590347,-0.21680593359669847,0.10155297960187451,-0.43578539971322683,0.2202765001311318,-0.07104083040719449,-0.2337713567828563,0.01856431564708333,0.021411419784614076,0.2737319759631183,0.21693013489776922,0.08892574775991599,0.11801518696859895,-0.008363579672665747,0.11644618122927991,-0.08912049402475641,0.08363626888526868,-0.17145274628507526,-0.09213598986004574,-0.1480212868365671,-0.0958497097880151,-0.17546138633656275,-0.12357573460977549,0.08190909197038056,-0.049426809112876204,-0.1296413943755568,0.09374954286899774,-0.21908695513102278,-0.12944499690832556,-0.10004692620876458,0.05726720580895753,0.13549625761301223,0.2619477979596393,0.08678697241806009,-0.256367015522222,0.0711777663488795,-0.008273232648500372,0.20947072644191847,0.1991210748311865,0.05375848742480029,0.22119644574261926,0.11916956878102604,-0.03998653539303576,-0.013811028236418924,0.06385820857843674,-0.03830470701935114
2003-03-19,0.041178555122766594,0.0375569813002164,-0.16106264105817425,-0.13657506411018763,-0.12617019027093945,0.03563988080648969,-0.13242779549040165,-0.3363444370592215,-0.2739397828324879,-0.17302411582068786,-0.06550722251350256,-0.3348693210088114,0.22197874013746274,0.03388804660412517,0.170054609550129,0.09536110150180407,0.04426384296577423,0.13337241926449753,0.11022923092602645,0.1762002542393525,0.18099212397608092,0.09199797625898933,0.16568515496371272,0.15423493458464485,0.02785141549000625,0.16285463695765157,0.1462212545916026,-0.21393096301863926,-0.001046174851877821,-0.06009334473121665,-0.2369586214386369,0.020216495903709837,-0.08080445591382515,-0.37221211930331627,-0.30109851003367744,0.07124277286839263,-0.005922239741890122,0.054235902527191196,0.04763832604926957,-0.26010712134891867,-0.033772973407986615,0.08825779686673514,0.4689721291519406,0.054151262495140615,-0.2761201909693363,-0.020627391168192896,-0.3822138897175892,0.041891266590305204,-0.04424841701134366,-0.41421085175391614,0.2063749053157409,0.43903070303519315,0.3068595918291037,-0.10543146369124802,-0.06936986417997516,-0.11703712863436647,0.03574004349218056,-0.12075357397965879,0.35233845448736256,0.073143915455616,-0.21559744808014097,0.04011225377010242,0.07752093836887196,0.40564749167686676,0.26554602049661136,-0.08257275564383577,0.15489494122793532,0.05543555756525975,0.012657389362943564,0.0541147747314002,0.04264380084223606,-0.20210089991777247,-0.05251544496204513,0.1810709560242513,0.021715460007426583,-0.19243182276719478,-0.09719326878356255,0.05697342192421257,0.02912640437021342,-0.1772118900585057,0.31608019794509096,-0.07676895556887961,0.011265447149012352,0.0836712256472486,-0.05266311234616886,-0.005024512502382394,0.14206870393480062,0.055519116935182106,-0.17189131111835174,-0.07387604489103536,-0.23557755656354157,0.18934038351019755,0.03147918818614537,0.05375848682747189,0.156412134174249,0.01186629768187373,0.25509568769091945,-0.0215004550079764,-0.06615821709733939,-0.025257165848869736
2003-03-20,0.16599035870365753,-0.009607716637145308,-0.1236669887951061,-0.05794534973209501,0.07456377810025212,-0.26921496068833217,-0.06632572640631128,0.10309427666180013,-0.11982914345770772,-0.14931127344591066,0.07474856290269546,-0.19414334854036255,0.04583132161174913,0.05216630332754605,0.05890938397464832,-0.20238753514338467,0.05259255798647132,-0.04034783197490849,-0.23716823606613766,0.249128235525982,0.05089685981205136,-0.052203232975643936,0.08756890461304759,0.18019654467306961,0.006297155613062042,0.02932597251091755,0.31644927504782616,-0.22587425043105802,-0.05118937328023936,0.0031525551277086037,-0.23695862352036914,0.019944384377097963,-0.042993023604170726,-0.046022027398335226,-0.06725674159895785,-0.05512058638297643,0.11178748735816522,-0.14875331605787062,0.12335448996944508,0.13130077417973138,0.043089613773481486,0.022216249995533347,0.2802780011990659,-0.15807230345537893,-0.3628771494705679,-0.06964238068999454,-0.17674982890632676,-0.04153406050828865,-0.03135247135845375,-0.41421086081463837,0.35222617590835614,0.3287302259897025,0.10007578521381004,-0.09301897994576316,-0.07241758564728712,-0.22158287301919635,-0.0725412521044594,0.00534315844771144,0.2543195699410038,0.11369114746281904,-0.05977528638419068,0.019914513446413987,0.03132541056596706,0.44909207859463446,0.23318515567295162,-0.030963871616362708,0.17568729367394512,0.07237949154562105,0.012638074507470435,0.09826918992624259,-0.030666412651045704,-0.02813447407398124,0.020002734820912322,0.17935405965346096,-0.017456396765685726,-0.13437878678096643,-0.1752695522839337,0.07327264445673812,-0.014707015263520876,-0.23692514302595102,0.1749144720571618,0.08563562598797629,0.08416209358053002,-0.2303914045088645,-0.0780050979270041,0.06750499425653626,0.17773264118016366,0.11409582241730418,0.04718443578565889,-0.31622897133049194,-0.19555235141864286,0.31458319899270504,-0.028863814236334027,0.025823988114596574,0.22610879648544158,0.09610520047501223,0.3235141511592842,0.03986955977438443,0.11920945265412414,-0.025257171999442683
2003-03-21,0.10392890056137961,-0.08527898303674296,-0.16333780677399773,0.03295687523452202,-0.06388471121886877,-0.11999205572734137,0.13116981841678396,-0.042619659573361945,-0.24769827106676803,-0.15526120349929873,-0.027746194917383074,-0.15675525622483932,-0.010501077603336377,-0.003269058327078693,0.060790977645942976,0.07074569386472941,0.0977536795467256,0.07032250785987354,-0.3026091669454592,0.30386528364764237,-0.018196425360996152,0.01482233419167666,0.1638784734878795,0.3291052222464731,0.006297151181367987,0.12509356460064328,0.20647244400231807,-0.17232012707168928,-0.04007029311940511,0.05265240600488506,-0.11822626748361835,0.07594423283118476,0.02842910922940722,-0.062895626467827,0.02221525693228545,0.06010067576867413,-0.00731156393232689,-0.3554966390671037,0.15686742480098115,-0.06977508243505608,0.05047577433254902,0.08970949427119172,0.18714312571623345,-0.07178152994912824,0.010150169447524759,-0.0477058196997658,-0.12460795877010171,-0.005496766371835038,0.10375543115194927,-0.30783480842287636,0.12752223301747598,0.11157329265811751,0.03764244208176057,-0.17912708855022122,-0.09005133780480598,-0.14505399091911805,-0.24312386182169837,0.20614940917930757,0.1942041480276322,0.017930759460004612,-0.02354426258205796,0.012663901370490583,-0.11835311376810276,0.31246970274720637,0.1919765367811997,-0.057494498774479624,0.1148873688784321,-0.05343781475857507,0.10918388939537531,-0.020095470780949445,-0.03381647155975542,-0.18900402459903254,0.17300215732758906,-0.0030685501540719386,-0.01603044033964581,-0.11537619337759039,-0.06692865872929141,-0.030782341144782087,0.11982234597931983,-0.2909548298491456,0.21397160394653494,0.04227977866918661,0.11645768885842442,-0.06552470631079912,-0.2736846260484951,0.10339439469609835,0.11977156716090137,0.08659087388510024,-0.06707531522360535,-0.4556798720928929,-0.10713614842447737,0.31148485680733695,-0.03800357217880857,-0.03604453313554136,0.18446399240274164,0.1782924984832834,0.1591007138297211,0.07472948360900124,0.18633693100445764,-0.01705123776898562
2003-03-24,0.13799896310543008,-0.2610214656724303,-0.13564344462154712,0.04449694881017998,-0.048613901911301396,-0.09647130801250092,0.01247851568485481,-0.35812432819690226,0.0849592183800215,-0.2308397358724948,0.11270151128103495,-0.09372053367322139,-0.22412775523887363,-0.04038110079876655,-0.13267796263830164,0.23328795163269822,0.07536845992310946,-0.08896996473085499,-0.2549075450549732,0.23742905609577591,0.1546061124338193,-0.19636659141193274,-0.008334423765057606,0.4160005754243424,-0.06126611189309402,0.0251994131011819,0.30365709886355896,0.05005666338427633,-0.06651783899368566,0.1088478633106096,0.07615167516016727,0.010559607264206594,0.13420288769246683,0.11833515853142827,0.04937891820208998,-0.19168738007730132,0.25158359065615554,-0.16626533570369573,0.20378582006842114,-0.10833720185369425,-0.036163312273576165,0.12547568788521699,0.2046773759820883,-0.20069794938842683,0.064641848178876,-0.17582416227884157,-0.06839168636941169,-0.18242639049315015,0.04262610971813783,-0.24714572545142763,0.2164339737353539,0.2116691946052544,0.11097423734321367,-0.20720773801381978,-0.051414068361265046,-0.28002352674325276,0.1290744020926824,0.09887119681950629,0.2595537243223022,-0.21401254797876754,0.016255590319440474,0.03210976774694586,-0.21175536877399323,0.2177316962645788,0.21165306452922514,0.05437612938411501,-0.007661084429368642,-0.1864137838438904,0.13804824716609065,0.5894332839051509,0.05919596908712591,0.0253381861471327,-0.16724685396136735,-0.03190217737938149,0.016831799650584293,-0.3405396905341897,-0.08561581483290708,0.030181919346615693,0.09721710711605432,-0.28636753637205437,0.30522562335497744,0.29630331388913217,-0.007933322576882248,-0.1278046795011105,-0.14384251277374838,0.16650481645623155,-0.20155486541934195,-0.07159275975962393,-0.22626831333769734,-0.1222053357557719,-0.17614875544094838,0.17886986720302217,-0.03800358165311002,0.0038527377073447736,0.563049897265877,-0.00046122889242891554,0.026333372269176182,0.002938865856266982,0.19915377528972442,0.055898664427337326
2003-03-25,0.1843622477617885,0.0742664096508108,-0.12256174390385872,0.02674972529790705,0.19344837568482418,-0.1606858162936971,0.02310255747395,0.5077697630281756,-0.04714198291613063,0.08888573546293438,-0.09272531858130456,-0.22616671522818932,-0.11825118358804655,-0.08357094179312824,0.1338510457876879,-0.3412130058085226,0.08985566151137807,0.06831717665326859,-0.21735262067279026,-0.08312334302913602,0.22557997298444052,-0.3004111566417959,0.04326365114564123,-0.0062147150826156955,0.19526903747864754,-0.007362025014678823,0.14163907991552316,0.023172963933110743,-0.18006576110024994,0.19752078290783168,0.07435819551452691,-0.039401274377326885,0.0848695743174362,0.10238216760528218,0.16150444411542128,0.04731810619112623,0.2844263989802698,-0.2772018050561639,0.07678713076231608,-0.14000779717449582,0.017910701843408292,0.02892007280684567,-0.054381361715283384,-0.10503688183867267,-0.19963370896330726,-0.10898685789850125,-0.11254150662426891,-0.21481666311605277,-0.06352275971992223,-0.00921678402922374,0.2259653512449379,0.28621174634635427,0.17331069717029943,-0.2734048089469629,-0.04610723708085723,-0.3443672035216669,0.07108568686689758,-0.36341474770604604,0.07123943789598364,-0.005369713645916503,-0.11634134021960572,0.019749205064794505,-0.12029519202911107,0.10566735952107144,0.046690387532585045,0.05933393802085721,-0.11734511310406208,-0.0400356134477718,0.19354212316772484,0.3738356638513175,-0.008327165980457855,0.10628085107839734,-0.03990871155013305,0.05455498569114527,0.05295430906838622,-0.10625960836625228,-0.23843109591028724,0.17055732133815724,-0.04693829258121056,-0.038344849993026967,-0.010429806875657645,0.17720764398538236,-0.03624724184706307,-0.16137990459125115,-0.04839849169187233,-0.007946454224519589,0.1547825460275365,0.17944075354994035,-0.07018435956778592,-0.09401325181299683,-0.12779847042408124,0.13618496008581688,0.0553425772605308,0.12603015807952506,0.3237385104325829,0.18742325365881315,-0.19510310571534553,-0.022370936276195283,-0.01745823614167332,0.018302970066526335
2003-03-26,0.08675351293350483,0.14113056030428453,-0.12182737245791098,-0.16228390881758398,0.04694002343884998,-0.12403938061779646,-0.09660199205391506,0.4949979247420516,-0.11717732386161815,0.055162566272630345,0.01131698532116901,-0.3473560539501415,-0.06929309339336318,-0.13473893583715693,0.11839300070854514,-0.2686762856131336,-0.03435402620550054,-0.05876177666834901,-0.271722163880257,0.07739568353895042,0.010833496854573955,-0.31499916120282917,0.07822256417475823,0.03879762370302714,0.10125148872804539,-0.07956891471571899,0.08704057359879745,-0.11103065908640831,-0.03472697274006096,0.21180106344242458,0.005612152770290307,-0.03431942809625845,-0.00027748790829447585,0.08933063865709173,-0.01965597932160727,0.0972756414935564,0.22717064977333556,-0.2937103528647349,0.04703240805833879,0.03312287686813442,0.11128039093487277,0.08034628764180014,0.07290992232666396,-0.02695672272079575,-0.12563261400798073,-0.18377063949816394,0.3063499979700161,-0.14875550624628833,-0.010841131863505939,-0.15472028848515784,0.0445334218702147,0.28926735056073727,0.1024803007166885,0.0369890324946559,-0.025530137418641553,-0.2589147143674312,0.028405122870560462,-0.20392958506355313,0.06595994687916507,-0.14924241333482502,-0.11706367239316057,-0.028704348508038664,-0.1821951072987321,-0.022949819313460844,0.04669037644224781,0.06997092097931262,-0.09864468118311415,-0.12498709753021257,0.4180351822266237,0.38083972881578165,0.05492621931217247,0.13563242784959176,0.04229029620883735,-0.09614382654489423,0.21270135178173244,-0.10625961715332928,-0.25851311452749,0.06937978708334468,-0.13713609651026124,0.0784428651719921,0.007831873283242209,0.22838330638994872,0.1288355943852598,-0.08257802042532118,0.11621615284577189,0.00826750821219143,-0.04353489695447025,0.13098699935949804,-0.03606723149316726,-0.09113769315974904,-0.11916787618702342,0.08089092494145375,-0.09362191337135314,0.07056613427413783,0.3628378552660731,0.27487005597117004,-0.23872748556036805,-0.04048331713038975,0.0876549238384678,-0.10860386432196817
2003-03-27,0.14499088580726271,0.2577305029878694,-0.15444991808639913,-0.08639563074111614,-0.1069868612069752,-0.029201012557029216,-0.04858471001085803,-0.08130871809955084,-0.37851701019189493,-0.18728032682967116,0.08933299429672714,-0.3571868539578484,-0.06894209257511055,-0.01766692041408768,0.07768220456819165,0.220595373240358,-0.03435402633717135,0.17766900550508094,-0.13545453297151577,-0.05908342941969908,0.057972263474078294,-0.14298249699569457,0.03484475323843269,0.057250283663946015,0.21655556366360193,0.05265314338189555,0.010105256221994386,-0.026903500542641616,-0.062536516954309,0.30022189565982016,-0.002421799919733164,-0.06901160170819477,-0.1359660879615667,-0.06568265807881496,0.09882667847491754,0.0972760203861811,0.046791271093043436,-0.24598474515259208,-0.1464925121818894,-0.42585134177326095,0.2033989872126511,0.16562694642763498,0.022104112923625605,0.07196289794588406,-0.10443114959227853,-0.1694946887599773,0.1297062266959042,-0.19962031427251792,0.008003190640772172,-0.0696414828112137,-0.0787157037741127,0.2978581567132607,0.11459406872945987,-0.07024741735945346,-0.03436165641503371,-0.03954973089923107,-0.0737960882743786,-0.13282401073797492,-0.2421319359195435,-0.0882509860811351,-0.05103913451849012,-0.1632475775960182,-0.1514802956939703,0.15239008486655983,0.011025548470845376,0.14564908802944293,-0.16621199578158924,-0.06197681517809871,0.2770829946185349,0.13172051613219463,0.09164466825744909,0.09760513169015442,0.13635051579465465,0.34459944906423084,0.11457793332746048,0.2637877566195598,-0.11262144406859435,0.1281823679296261,-0.09681847084451202,-0.03778939687771099,-0.03739601343091228,0.1895895935606298,0.0193128470997068,-0.24024682799448527,-0.14652471866718697,-0.18043141346031627,0.08262488071566693,0.13098699746291464,-0.021024373558638433,-0.09472109681569714,-0.027413310625666782,-0.061569512652192626,0.11851582881012034,0.025567024202247077,0.3050360564099096,0.37640413498720116,-0.22679061960642893,-0.025318106207771546,0.23772934763433654,-0.16854992529321747
2003-03-28,-0.03196405070232096,0.17594036553901926,-0.1545208631920437,-0.0358569120246498,-0.09559739919391712,-0.08722843071339635,-0.12094493555914769,0.005309170044771009,-0.2005645492745315,-0.19409389880700242,0.13326502016121075,-0.15982637648081083,0.006050609006896818,0.07244327584132845,0.004642135864497952,0.36039600848102127,0.011972654048071431,0.017797261541277924,-0.21923781869072645,0.15035995842668654,0.0470420986707652,-0.030023185836522547,0.02321810761400053,-0.11441576060766863,0.2504324629862789,-0.1372273953787383,0.0003202929705337382,-0.06369806020657871,0.05842012800564494,0.1971085830065598,-0.13977148182333118,-0.035467943677474245,-0.14718209645545421,-0.00480956713971309,0.1405970469357948,0.04303274120401686,0.11862568863444277,-0.21871418729355208,-0.0890583065389648,-0.18942014124865197,0.1315370263546169,0.10480194126458305,0.03277403204895306,0.20554504886159744,-0.0708536245869936,-0.22331485971847506,0.27528238416683987,-0.17180915448755063,0.015738340173627526,-0.1285712476224749,0.033653288461923093,0.30840590074062535,0.20664624409466292,0.0643539945544714,-0.019046790104954518,-0.1078003801946608,-0.02290982022641823,-0.1740862138427902,-0.030399151785577082,-0.08998818399670117,-0.21282321942518506,0.02647723977135061,-0.1931362176858064,0.15239007791579387,-0.004203484202835021,0.23365301091087756,-0.18685664657142917,-0.05050352182170291,0.362222513239735,0.10393359768739517,-0.029269554502503223,0.13580367439536245,0.08758061868314469,0.023521212718116892,0.10062182333356672,0.26077008361776255,-0.23424629310110923,0.005928804842285143,-0.11430436008592337,-0.011990745154624362,-0.1215850918902604,0.16191286169713404,-0.05376543431208954,-0.09293052087513312,-0.04072751098348154,0.06214659864129211,0.1139774065591452,-0.05392222191210207,-0.10146580941396756,-0.154029541673577,-0.053540364537719425,0.07116318288634635,0.19618237351867657,-0.006201824191125565,0.16034725937933,0.29672082898575797,-0.12327544993026797,0.024721707915354305,-0.09493232751179903,-0.2430839252361352
2003-03-31,0.04252070771680729,0.0631610499176001,-0.1269798878358745,-0.19526142366756363,-0.027115694722093103,-0.09027805618786329,-0.23385895677077106,0.10332284087333153,-0.13506075221695174,-0.2741524171027716,0.22072233730816843,-0.17311661687200855,-0.1400320901958574,0.11828662269829518,-0.006689251283873116,0.16419676553040058,0.13974690277847293,0.0891877239018445,-0.07983040462163006,0.22494335974020757,-0.05982930321417351,0.05892587216113811,0.04635568145964322,-0.15632002206815307,0.2185422485447399,-0.04489919498259707,0.04766935685296631,-0.0891882682472963,0.07817353582933899,0.14224549576964213,-0.14650528059836587,-0.05962977019571585,-0.2239532434002105,-0.07730077462412172,0.048686132368235754,0.1611621098291044,0.05056921584132009,-0.15791742823935778,-0.10816054913019177,-0.10826207764190349,0.1726664630905163,-0.06491099954009281,0.04379767781009313,0.2470365175539604,-0.22377794066323042,0.01351932983382036,0.20659119710822826,-0.16404678627546312,-0.02001604315710067,-0.0447364820146419,0.04906154577078734,0.4659780534071974,0.3370677993486534,-0.011368364957358235,-0.01914139087070575,-0.052880006058632065,-0.06684136245433636,0.08749271797970147,0.005224512610864143,0.05232386669177785,-0.14769877418404315,0.03022995494022018,-0.16628669762444104,0.23353364528466553,-0.09771466524399444,0.045908897113551006,-0.1810999726754492,-0.15177600331706947,0.2893215983328713,0.16468674134624392,-0.0479224489059249,0.14242381822206254,0.02221203847280469,0.20372686980155844,-0.042836356813598535,0.25257572690087854,-0.19476048877825233,0.05325263047527748,-0.1581665349227013,-0.2928444234305914,-0.12403097141079003,0.35547395649140173,-0.26740920873561097,-0.16367263472582463,-0.056550253135161585,-0.08208832162553559,0.023848483016577805,-0.08585088106432016,0.06975821925080276,-0.12817110757265102,-0.044351719123776584,0.07008088358424988,0.1545556713559186,-0.0987086403642177,0.08196010735313376,0.2772870105235742,-0.09476067562700839,0.050391732072039,-0.026007616168420927,-0.20022733209121377
2003-04-01,0.11339834017493407,-0.122635904482697,-0.09504313624691958,-0.20164317863709946,-0.3367618301809474,-0.08068253648261256,0.009511168504086398,0.03708852571133027,-0.2836554322077858,0.3417121377986898,-0.012405828510493083,-0.12428991851202795,0.03350294384074416,0.13466406860367333,0.007156751893755179,0.09569031156456351,0.10716830846704453,0.10719124887642902,-0.1437605364469017,-0.10563381399901776,0.02073965672180577,0.22520837380398834,-0.03476164705855533,-0.20353984568296266,0.2890192455706108,-0.04789599991827349,-0.053715713268432885,-0.06883989355946832,-0.01178578973394428,0.08269730319309768,-0.0655533633850918,-0.10479698149527975,-0.1519703053299489,-0.1664469976659773,-0.09491286725621104,-0.007191634542272644,-0.024340601023752684,-0.10999254841407304,-0.107172476967766,-0.08569594142996541,0.2309750753169361,-0.02854121983271115,-0.18554322200933912,0.07881252932896689,-0.1418025581114616,-0.06721269455591351,0.21278781874493735,-0.3139883241104154,0.09945888356192284,-0.017596037299355792,0.24753016651314572,0.5034078387942926,0.4226397046382154,0.020736250069868983,-0.04128301451977654,-0.24939507384108708,-0.2540368158209797,0.08749271243379436,0.3894464952672244,0.24539786631144173,-0.06603228886946759,-0.02831371510151238,-0.08875096976014905,0.10063698958199817,-0.2282366980277955,0.10803567976412701,-0.12126364275760224,-0.3873486135846188,0.3013180112544758,0.19240026207380417,-0.21112971858691099,0.15718966636247553,0.15155094205041253,0.20924101721656335,-0.0409652079258292,0.3071561982308981,-0.1847371515685209,0.12604153058814807,-0.057949209404029804,-0.2928444260692406,-0.08827404759162939,0.14717021845145842,-0.07866448281905408,-0.44341393047509947,-0.0031573179027505234,0.16079797063919582,0.0021522402943615865,0.06072604074482491,0.12139069458020532,-0.327844434578078,-0.1420017409587996,0.15087301368324815,0.1882560912168672,-0.04786888887169866,0.11034276877819826,0.1186045009159668,-0.020682183829547052,0.04143749081972131,-0.2370624758514564,-0.03439714733186858
2003-04-02,0.12415296118870643,-0.11204179099568025,-0.11815833539286891,-0.07979458235866153,-0.20535048640177167,-0.09624822230144814,-0.06835882953063831,0.03708851968708602,-0.24973884212619957,0.19278782075471598,-0.13289621906147212,-0.07377777587685692,0.16196606607418804,0.023534770391561426,0.055859262303711396,0.030382903367977464,0.0009045607574333536,0.052287812368095425,-0.08543688037300387,-0.018046031283500026,-0.2738315206668926,-0.15315123691515684,0.0504350878510119,-0.20353985465290844,0.15571663748614628,-0.047896000168153596,0.01209233056635865,-0.1816028850096576,-0.07026006844209623,0.17032824685673512,-0.05942093314015231,-0.04925800718329873,-0.08204716483761008,-0.11020903771651128,0.0396484714632833,-0.057817365484181274,0.003051937800124153,0.09281786748747936,0.0007081274543475882,-0.14016662933429103,0.14322567796970437,0.05224798818917397,0.08364180218328095,0.07098816207370878,-0.0815663226896923,-0.0452667582271266,0.25974055064165924,-0.43611208072539615,0.11614975312907153,-0.0416722060077974,0.28634371267550773,0.40038443293497916,0.4121945184899694,0.10957045109653761,-0.043991479287816174,-0.16019346581820826,-0.12415218522519772,0.12469517916629605,0.01094775962064222,0.14269931008166575,-0.07204648621387615,0.15397973472193333,-0.09423296345220124,-0.11061539388519627,-0.08488062939205945,-0.07299021043339388,0.09924076036124792,-0.056224357067456904,0.2870174573556691,0.2530849977895013,-0.18716035646171827,0.28734794010236075,0.10182304971769449,0.002214535998734705,-0.1352526083919224,0.13398823814032856,-0.24594767627872285,0.006479980051982795,-0.10654319253939973,-0.24507465732727943,-0.07242011729328297,0.18592977142406478,-0.08173380854360199,-0.24231327618662174,0.04967327590173595,0.22710942050719607,-0.03175929019765211,-0.12119047238738448,-0.024957813267499334,-0.13847215771796187,-0.134013588629538,0.21988012609256907,0.23204797765772592,0.052467412710388864,-0.12581810017396666,0.06268716110359857,0.08886909529353093,-0.13994813765638892,-0.10004058073335419,-0.1420253789320942
2003-04-03,0.09119580954285622,-0.3050822971871114,0.02174547585758846,-0.07300559720379715,-0.08774809547190991,-0.06154213690942038,0.03656403354928119,0.2833608212822214,-0.28781955981154067,-0.11576260761516885,-0.070259969887597,-0.14561139000571735,-0.005600693097958503,0.05178978995766454,-0.10408572708516907,-0.609373658218126,-0.10763167546423485,-0.09921645577516103,-0.14496714660418394,0.48509791486834464,-0.021044310512326126,-0.17068935880709155,-0.012451570447336167,0.20719699100880204,0.3323954577058018,-0.1345652926036426,-0.048325386498061035,-0.20324710048713054,0.02574405631326248,-0.02935594672941405,0.04815861088037772,0.04861270476106295,-0.07498898361668734,-0.009193321204069533,-0.15830427132990238,-0.10481676202573714,0.07912559327276845,0.07777163808818761,-0.06522184266631155,-0.18945603886474016,-0.011042983628004576,0.2938883309056304,0.00634459836800163,-0.17000448552677158,-0.010532775616594296,-0.1024395992164701,0.28075268159655514,-0.26777424003924044,0.4701687430138148,-0.005168262021691988,0.3301155360641718,0.2240536863452869,0.3200119348499242,0.02931059783380403,-0.06053332873756178,-0.10489356580397186,-0.07554945227327556,-0.028244172990749338,-0.10654902107571078,0.11217319966507434,0.31239058833270233,0.13372112361968186,-0.08069770357398953,0.03499602757110821,-0.011833759942100152,-0.06138178527485505,0.19411067221413303,0.13771250931874957,0.13805000055144326,0.2770550267974524,-0.049173699986440396,0.22279796608068286,0.0422868603132363,-0.1569373742446259,-0.02839544918125668,0.03748080629985031,-0.08294537718637213,-0.12297254572536663,0.02534019687343905,-0.02229247815838346,0.009101257561936273,0.044362338770035384,-0.11010280063781884,-0.20048331939256267,0.022196976377555182,0.06768358042272032,-0.1462052611963572,-0.13268924750620473,-0.043604023864480236,-0.18868170436545664,-0.14526406365699895,0.04029605849072687,0.35434197760573977,0.0016686442884641254,0.04525833037132871,0.05770675190565752,0.011334533058852953,-0.09695308112790078,0.03279389304043824,0.02133387013856911
2003-04-04,0.018703762089101354,-0.1543769304467476,0.00789772247603983,-0.005030681968017638,0.07941351126307004,0.10306619378824536,-0.04212000711334452,-0.13900709920359194,-0.13939654096116968,-0.022295507144780034,0.001753100193294691,-0.2639273987307318,0.061797151126275374,0.14199049294071442,0.005107394077760569,-0.2011685014520226,-0.10936198115243194,-0.2913435162597025,-0.11097397413251306,0.5349272390074911,0.12462492209511827,-0.19301638022175327,0.09812405685516992,0.15772172738721024,0.14545906194347671,-0.0823985190460025,-0.19174166611524646,-0.23454156271106164,0.10809959047997195,-0.03829659616053521,0.0877451878929925,-0.020698682620938488,-0.08199448108180256,0.0726980549741103,-0.26165529501139656,0.16211447633502316,-9.367146290523222e-06,0.02335415231930164,-0.12014103382635803,-0.10539247629357333,0.06600721160361232,0.17131847832408587,-0.011099419037171536,-0.1632516917314002,-0.06560022180719839,-0.11400073019815994,0.012760243483798079,-0.2198058509482745,0.33665096790115095,-0.2529664248419008,0.3145830015512503,0.1808976206640836,0.1748940109968254,-0.10122886525007968,-0.040012747936915505,0.02241468051828841,-0.269501889013975,-0.006165456237503817,-0.22076784311686926,0.04513770001760533,0.27721609268966646,0.14250626708559103,-0.06689875098704037,0.23164527394806303,-0.06359150011552518,-0.0887174674662303,0.025945584201890807,0.03456435938567342,0.18695112169678726,0.3639467203970472,0.05491263572321957,0.17107801440575443,0.14402568250367798,0.04101802860177121,0.0989343400256322,-0.002205798373020224,-0.15663697399249923,-0.06610171576943646,0.09439107320799814,0.13324133280192824,-0.10316905048249088,0.022149225083509194,-0.040860047401638906,-0.20406252740379385,-0.07967197886550569,0.0037360559522849625,-0.12489401897348924,-0.07057430812942932,-0.22721977680708103,-0.09524669550833355,-0.16301505910073003,-0.04891931496456535,0.327886848867757,0.027919165994908717,0.03978717587244225,0.18519119257194014,0.15694743865947444,-0.019867800035177373,-0.11938859443743126,-0.048502056124830294
2003-04-07,0.05065200248485145,0.043055221993871934,0.040848350959716645,-0.11551704901309141,-0.007832256795291665,-0.10150830386974771,0.03653242283976342,-0.21093624588276375,-0.3202445789509709,-0.16809635465816483,0.12425599838882785,-0.07964991704323378,-0.00663903808753782,0.04262486153885609,-0.0665087567562219,-0.06894769145686609,-0.114122424007232,-0.2717268279572528,-0.024819168102154943,0.2547312514559771,-0.0027777448739196233,-0.03617497265720844,-0.04156704813696717,0.3339601776126206,0.04735369792459183,-0.16997789316529494,-0.1064870578797169,-0.06132604653520296,-0.058145821084588746,-0.03436625604457634,-0.012796237986155718,-0.05650289821433347,-0.06995011350255004,0.03439848690051604,-0.15378932247104776,-0.09812950288062322,0.11978847261348599,0.08942115004803944,-0.1266722682642369,-0.1141978083518193,0.21129931232593194,0.21286957923754352,0.07643552029852721,-0.058656085594820044,0.02025869312041688,-0.037221136528746784,-0.14080610802904936,-0.15271142095203794,0.17616225855540407,-0.0924469334645893,0.328050319349703,0.24824196085338338,0.18146780179910318,0.007963489565584701,-0.04090446499633023,-0.0023008880900018563,-0.13319213172502206,-0.07207356755631214,0.10701902157023287,0.07417992623594816,0.23668235568256457,-0.03281587236499408,-0.06343677208188758,0.149776801015281,-0.04095524089022987,0.08250087511266133,0.0782983043183746,-0.17691823273781362,0.10753936279339227,0.17327262737581067,0.02388152028540587,0.11543403976745564,-0.059882234959798504,0.12659168407032945,-0.02031493885786957,-0.008023142735352075,-0.3072114985154844,-0.04313092625006185,0.06020736990664986,0.07045615335830645,0.2523188292880674,0.008640755012934806,-0.014287428115862063,-0.19461401336894923,-0.08269789450297091,-0.1537253321202215,-0.0798161236897354,-0.17659247453852578,0.011833229109230896,0.0404438726407988,-0.13276812338791788,0.03989435861640102,0.1704111472012341,0.018539772020756712,0.36736479100778185,-0.014068027800433985,0.2417848795802957,-0.03334626920076252,-0.07791301427248516,0.0778385501877597
2003-04-08,0.04562186836834821,0.14963112662835237,0.007149177060126086,-0.0741283255757552,0.19815511734789593,-0.09757812324855428,0.003766640605576641,-0.3207740812882995,-0.13248243922067418,0.011576836332952723,0.02579628123105426,-0.07030686533906287,-0.08771768914902855,-0.11140737811864902,0.15107769590510547,0.1853636285934339,-0.0109397867203547,-0.09031555061279659,-0.0015515363080100288,0.1115588176005944,0.0701279243725225,-0.055221247739144615,0.02330316648023802,0.24469227593373688,-0.11619878864955044,-0.24187103334911278,-0.20584283297338082,-0.13078673631384707,0.014986873287290503,-0.10730311281510999,-0.23163124162495582,-0.010958245067466423,-0.04573635303251464,0.12553296617892096,-0.09052035399794868,-0.017489435295652396,0.09305268157639089,0.21332644545357857,0.05201829138470691,-0.1103989688334669,0.22840070290474365,0.21082912282718563,-0.10959994828389101,-0.19399336781626514,0.15863056370393774,-0.13889975436195903,-0.09788233890421069,-0.02693772290182448,0.21114212303216276,-0.13980376126017716,0.19305940093344096,0.26387579262332633,0.125832585678741,-0.043512327540397765,-0.05057211315631844,0.06228086867109836,-0.08170449551953891,0.006465539227514085,0.2633624394209286,0.0045648845524979085,0.15202459879929572,0.004068391675373912,-0.03401737158331174,0.17424396875632278,-0.031091446076202726,0.03944114750238099,-0.1430257010323448,-0.15167304203170393,0.18693482340921352,0.2052386355998263,0.11055657407646602,0.17678211549685618,-0.014465376061735898,0.12564314008963307,0.023996425022868573,-0.11786672654350676,-0.23721754898425282,-0.10905535044511497,0.0313135414347114,-0.07025745998192712,0.009164112635569497,-0.04559084347415346,-0.10402207621593816,-0.45791096287881766,-0.062485786834608315,-0.1830455492232383,-0.04110958611852333,0.10234108323394445,0.08354613590166494,0.090688884807498,-0.07621180032200313,0.12584494851222663,0.12240204179192103,0.08909323357502746,0.16328941872735014,0.07495662630794386,0.2066489063145247,-0.00035065503890083124,-0.22305790775544618,-0.010241666848082422
2003-04-09,0.044247022532428675,-0.10940593150481957,-0.059365199795715515,-0.1458036207924758,0.0832512163225269,0.17824179624529765,-0.1990512122547048,0.34896232631611385,-0.12356385050689699,0.28144368186227275,-0.07816583964371362,-0.21177562446458378,0.1105350447685009,-0.09925576076650383,0.09798905476033223,0.02860460997409881,-0.11429777605454677,-0.10715800865126779,-0.04088134786255349,-0.06956328228484622,0.007085857850988289,0.06169416247503111,0.07719762748797425,0.07923793616361088,-0.1423009278745631,-0.22762549917027713,-0.07658165870917494,-0.13451122145161248,-0.042177871384385654,-0.01153637226750419,-0.25135660187896663,-0.07839390331027286,-0.017819206292851084,0.05347271061958361,-0.1541929731531401,0.054093898764453995,0.09233806416017681,0.04904840962029053,-0.0036118475004009985,-0.0900169837578111,0.2517702236746146,0.1461328004793787,0.13272446104081806,0.13723883493354355,0.12846584197988242,-0.08177950669287544,-0.09503545530796798,0.029731219819008402,0.21831329306698533,-0.19747041249204367,0.20319861698933664,0.26404644023183005,0.22372600258782996,-0.017055683116711393,-0.024773004523344036,-0.08656949534042652,-0.20255176001996897,-0.022524827766380984,0.0925281501051127,-0.06656380462281611,-0.004495859313109289,0.05233546603508015,-0.06928184856072633,0.057809265251657777,0.02421171610046995,0.007591101125345304,-0.143025773270782,-0.022140812726639047,0.14766808120862004,0.17425830751328258,-0.025775334111130112,0.08398762962145893,0.05354374195811826,-0.017758286643545146,0.08307825603455823,-0.11786672677465738,-0.21829868116346937,-0.0038213535402236475,0.018179074891042295,-0.1999879510502981,0.012708300440097964,-0.2423777821104075,-0.021222509725567513,-0.18134559951795445,-0.06726397244955784,-0.11859627145441518,-0.14788716714787847,0.13911961446914922,0.08805418801440285,0.2843907596616865,0.014117864838885188,0.1479356652963469,0.04673843777828283,0.024277759477272034,0.241824981424477,0.20715324783538167,0.3083103427946923,0.02361112122702961,-0.2336945082060246,0.0036055574709327543
2003-04-10,0.03528559298295688,0.04962924206088694,-0.0018757442686365123,-0.23052595139055743,0.05906596797451036,0.10989323004809429,-0.2208111560024292,-0.14127421561560688,0.01349267575087345,0.21882732581569683,-0.000603398056576088,-0.17547596799707632,0.10070148140206096,-0.18130428822490544,0.005895097236340039,0.2340416682887514,-0.06658635641671708,-0.031057547654451345,0.03912092019721855,-0.10777199846398164,0.14397916065975544,0.06169414144957311,0.11980601801012891,-0.056689162088348705,-0.04796060397691678,-0.11396352589207298,-0.002835216165909648,-0.11685509723643203,-0.0421778697079309,-0.029264943040957937,-0.17567248168495325,-0.07733532214616627,0.023136085048023485,-0.13879673404281626,-0.18877996123251364,-0.11456577069439683,0.022439669918115343,0.029310506250514547,-0.11224275942217521,-0.09171590497273235,0.2278369548990318,0.1435922606580765,0.1750175611638022,0.33298927461168987,-0.040594382885369866,-0.09058619170668941,0.04242496088506307,0.008207278672346947,0.16022603405521899,-0.1611729706222249,0.23550787697655218,0.27433006173829383,0.05819552576767473,-0.07256490280421561,-0.014647615562553954,-0.17138158703513479,-0.08119090285235052,0.001714066604592634,-0.007304025528929992,-0.1614427944500638,0.07198573247721436,-0.12331148109175259,-0.030112766929240826,0.11570441636804021,0.005294479865145647,-0.07124346856609766,0.0804362691839707,-0.00602844839844089,0.25335958930261565,0.10947007369821583,0.0005898203333996105,0.08339803682020835,0.029840459650340368,0.031495165751555185,0.07400363704770885,-0.11691238703237283,-0.08468466856639485,-0.03000061798136259,0.001084233339972142,-0.24390737740822682,-0.09039990206740076,-0.2611983479851368,-0.015389740756020481,-0.08234499584523752,0.028905496337724775,-0.06375179865055484,-0.11993280273427358,0.07287735709141646,0.08005788630860158,0.20622610254246249,0.03341925651008838,0.19622451233558835,0.002274576272879269,0.031919511485047555,0.25803720431567717,0.11317605226784552,0.2832681837554039,-0.04949963685165489,-0.05987058414282697,-0.006944558586674409
2003-04-11,0.023453251450306106,0.19863836037479216,-0.007695988281721734,-0.15040204028954368,0.09772916271977797,0.03326333165110545,0.004514977281892599,0.2917158919995138,0.17637389523782715,0.058499101566057164,-0.07679605907588219,-0.10991169389630162,0.02044941410228725,-0.13454266003023546,0.06895992354890312,-0.23181430509906834,0.009374846539962773,0.09790384869527129,0.13754739146947595,-0.020181138816122594,-0.004021589063256886,-0.0408679326874494,0.027218930021245247,-0.13302497539968655,-0.01436337872452096,-0.05895478894303324,-0.008420941911081803,-0.11585588804186846,0.03170216752802227,-0.0023357415466205727,-0.2630365250278088,0.030704086145477136,-0.030961382976832517,-0.2609043546037772,-0.24548468499026838,-0.12707657225391802,0.057274441774819315,0.17821208320178702,-0.20303984944297618,-0.35557090691278453,0.1518965205868066,0.14315350535738897,-0.017386914789021556,0.2175655418957584,-0.020822452514362575,-0.1467915054306511,0.048236320197804085,-0.015568923372834605,0.24089708412709815,-0.063028154254463,0.23375542370599478,0.23494544365409054,0.11209609296087848,-0.01477792023667477,-0.06994844686215924,-0.3115228422780074,0.19466621853656527,-0.15209824392061969,0.028428955668827322,-0.025041267990852826,0.03748986566992532,-0.09704700437733453,-0.038316543353890606,0.02272665080300685,0.05513339212572184,-0.020712541897925242,-0.17382293826534828,0.05324703639284327,0.13582752134878834,0.10947006927875148,0.05502685967231256,0.18124428030863537,-0.008128788603229525,-0.21072962942969145,0.08971187098894799,-0.09417676980998324,0.027859098385961734,-0.01883471822875092,-0.008087306343353697,-0.028677382595068964,0.08202148636163056,-0.18331221254030194,0.09835153250603657,0.10690696658077711,0.017534185643960747,0.16278796664829726,-0.10251956319459991,0.0627119904032522,0.018063808570096637,0.06855613016527898,0.0021169778515726444,0.01935292773954647,-0.04348762533519135,0.10676003580667856,-0.012004991129941587,0.18139318500371876,0.20064037865018458,-0.06531851502898411,-0.15612187655531512,-0.010677256999053412
2003-04-14,0.3589614113866206,0.17174644637929537,-0.00829185404748274,-0.14420235419029498,0.04979437001291247,0.24049144333550965,-0.07643622435621394,0.1360937486524738,0.00018978586745865066,0.09494289814791794,-0.0762128664958774,-0.19901061083837251,-0.17053164875509197,-0.18405880171060313,0.10054247219021355,-0.20727528401542722,0.005257071556883219,0.18250815153646785,-0.023326604082407516,0.0872963813889617,0.2802064387239699,-0.09874901583377454,-0.08245279389635418,-0.030209780174367238,-0.11782047338890354,-0.14465958464208706,-0.009136103117471919,-0.11928921360969025,0.016070999742656706,-0.06781137551261067,-0.17458574663215815,0.031151948922901507,-0.019174051049825554,-0.14388533583967314,-0.12478962831575825,-0.03232114713716965,0.01450842628771124,0.03556586063630297,-0.008880543181304884,-0.09047044672276482,0.20110813513859968,0.09681071751859785,-0.1862863004367433,0.06069100699592541,0.05303851706199752,-0.21703261615854394,0.15919727360865427,-0.03635289642758268,0.2591248020898227,-0.06302816325948225,0.233755442342937,0.32993327395955957,-0.059630984692618,-0.15531447155685335,-0.0449243763935601,-0.139422761187672,-0.08800927138246913,-0.11368141038595059,0.05124972054039769,0.076987314818969,0.012419080896512823,-0.09704700472393477,-0.07135740003784478,0.234330329769769,-0.4944401128653675,0.23424350636553345,-0.18020533172536907,-0.13204357605692899,-0.02491623947304504,0.04859536325632024,-0.060832863207347126,0.1007774194366228,-0.04962600081426389,-0.09432984013707288,0.16144732662590808,0.01382935722746343,0.2227108767311377,-0.019409658312919284,-0.0018367368538083659,-0.025721298539451227,0.041000060589144134,-0.13267450465663444,0.06426712611003682,0.12726582826183677,0.15189800322439212,0.18817866996027383,0.08125355356389763,0.11459602761520146,-0.13538052343366663,0.07537424106247641,-0.0688496049579448,-0.07368537815206737,-0.1495629121680713,0.10720868221594264,-0.006800438237388911,0.22668025992671037,0.29894065355271887,-0.09789438209850286,-0.32451061240757073,0.0669319131588519
2003-04-15,0.33100660312895,0.19661791288260802,0.07723675338648366,-0.30738374997608214,-0.04883116519971669,0.01663459053580868,-0.20117259824688563,-0.18358729050290476,-0.03246323635303615,-0.09713069272675855,0.013028940497375532,-0.2794301700742157,-0.0781227033182543,-0.0646189128365861,-0.017089869379874476,-0.08266675542874687,-0.005229291942837378,0.11575883239903538,-0.08770840434393101,0.3439165839322161,0.21767160474899896,-0.09286252735471308,-0.0403938504049482,0.07868929865784624,-0.11044373825357898,-0.08285263466790546,0.0932115357236549,-0.014387691090210302,-0.00490434424024705,0.014404659474011363,0.06287123398417732,0.027436899334456446,-0.05565607882502404,0.05180664683127954,-0.2616156007850858,0.0626760298229233,0.13788669126511724,0.13175846747324088,0.051912916967355574,-0.10390729105284555,0.058507234000855356,0.12071139345916719,-0.0034866468755231582,0.10038345623368077,0.19693605013474388,-0.13494203182132677,0.20283308075848272,-0.036352907090245995,0.12921784644880752,-0.01965970411143136,0.09624537962979048,0.17479677746720396,-0.10461316777816765,-0.04985676246902021,-0.0034550593858888464,0.03118110429369926,0.08503358420403913,-0.05405420941992717,-0.050912545035207715,0.00587630570127058,0.10880111078836398,-0.10438897781095116,-0.018392721498083315,0.522272118706034,-0.09866331064216627,0.06348169996406619,0.12906575882726537,-0.07007867755026086,-0.19897332806059823,0.03125788163022242,0.17327061557077625,0.07524818641258124,-0.2659419967290829,-0.2487527344167743,0.02164944830489667,0.06501291698740203,-0.006121564197381311,-0.30657783925950294,-0.03629754499605775,-0.06511346243438151,0.24730325255287175,-0.27106800660825225,-0.1676616330739238,0.18501124477581016,0.03470045279395912,0.18794400614630385,0.08949072039334846,-0.11611759709610486,-0.02598700186983768,0.1978351060428165,-0.06990836631996732,-0.19834374679147548,-0.00978802395872696,-0.020517470475133772,-0.04617344574129851,0.09440529098781686,0.20555490962904266,-0.05859423332200017,-0.2582161089695466,0.011750420716842338
2003-04-16,0.2515667824091413,0.2912085793160313,0.1112041104935977,-0.15374366575632337,0.15018219781307812,-0.07353037521900756,0.06505613207581416,-0.18358729521465042,-0.03246327693724103,0.023963189986044655,0.10247542886948935,-0.22444251615125102,-0.1648926076102207,0.06988097629622796,-0.025540274726156095,-0.011833302143067747,0.02010048649736142,-0.07155909506940229,-0.033586660809918054,0.17531781749551595,0.054272207500685614,-0.0564898889255221,-0.013438352977371596,0.2709552002783011,-0.048834479215263404,-0.25264501240898063,0.038321824636043986,-0.08171028596158626,-0.004904344868398509,-0.008878540043599645,0.003385552434702228,0.05103715960315092,-0.08391482307752601,-0.05001120606573068,-0.3357216546100749,-0.13243339973438198,0.21099071184216878,0.07251513507903021,-0.09318897059085418,-0.11037456656443734,-0.03477128631717935,0.04671973387974679,-0.19474342201888006,-0.02105639846474496,0.15118874052928238,-0.12084108644766038,0.15905241792742256,-0.048122378420711195,0.0802686736840793,-0.02676376951700178,0.22058799010146338,-0.006621476841425694,-0.29832861595826243,-0.08819586484571615,-0.01434162514623705,0.06671426650151309,0.10644854945698791,0.29121728661712,-0.10682972878015491,0.04416590623884628,0.15682553184456674,0.06592656133797002,-0.03355951717710847,0.28425969133866125,-0.055686451799441226,0.12156597737548117,0.05376747680551053,-0.08828477670866547,-0.10926030694985728,0.03125788049649618,0.15382839474122537,0.11175014576930337,0.07536802332985391,-0.041411648954767476,0.15314323074963057,0.09309956586614716,0.06338199984962198,-0.10334391909787845,-0.01856426857964934,-0.08251977238530703,0.03944137966286274,0.09055467503289678,-0.12304307846999502,0.02959210248986345,0.01768178269376669,-0.18496600507948655,0.02889953942047756,-0.16311920794627474,0.07439785473089225,0.17460083240814286,-0.09795639690007145,-0.10840511329553423,-0.027715321889661533,-0.021622577627575457,-0.13752056418507752,0.12745518595306912,0.15323447843685362,-0.07253348759530037,-0.24458694206503703,-0.08422695955250793
2003-04-17,0.24763026131335894,0.0025013365749486393,0.1859518081846835,-0.1408739974867493,0.25289609571592975,-0.042146959371323164,-0.0051047652039611525,0.043777393197469906,-0.10423860106943177,0.0032017464980840953,0.062395296777902995,-0.13236977062183625,-0.22336545752608178,-0.1027503024934825,0.03492432271143628,-0.45718437416818825,0.09188315870377904,0.25012474967239495,0.1488540467181987,0.13350905783454284,0.054968528969660105,-0.13092219347572354,0.02495963718224418,-0.07355276335169517,0.2453590549539584,-0.17998390082143134,0.023160321678057424,-0.054727128512400164,-0.05686509026261147,-0.12104142793282076,0.04283293933820746,0.0828907612366429,-0.09884715390341402,-0.03503115347217073,-0.24650801185268018,0.04274429114203554,0.1568929906066662,-0.0678064640542743,-0.08324455790292701,-0.11040992477731527,-0.25737871648599225,0.13098913496879458,-0.3582939510691305,0.047977554795968484,0.20319088016639938,-0.08376426914757765,0.35161818485083407,0.16056013608065783,0.09571651296692224,0.06249446871058409,0.09917479663498373,-0.05412055364718917,-0.4294368986646046,-0.2152863552680992,-0.0208310269638796,-0.0004657803487185643,0.2547147156563908,0.11256087721648977,0.02973745190725953,0.009073338572855135,0.23206590807551403,-0.22550035676385582,-0.031323387951210105,0.36271210778247776,-0.08480960445792017,0.40519027219178905,-0.033317024283133996,-0.09702595251859875,0.011136184184998985,0.018261057946459436,0.07966827820254453,0.20838926342282243,0.08666872862512132,-0.18783875096735186,0.19345167921445733,-0.02315507069441886,0.0018125615118819859,-0.02549088363934616,-0.0048729846401252466,-0.2985513744951991,-0.13510467668952192,0.048964400216310024,-0.20968215136867402,-0.13187784237406383,0.09321909748205581,-0.2123010120138252,0.08214733317843534,-0.0666533421764257,0.21931057565777043,0.11545755934336975,0.011675147606219514,-0.33299484087969355,-0.0515633159137645,-0.16330229659515072,0.17153340899288957,0.129543143235977,0.10156332749984102,-0.08985746466158677,-0.02409256723441162,-0.08884152146365414
2003-04-21,0.2535799395293171,0.12702127706297558,0.038314116902381685,-0.18622120929130756,0.31474619270453963,-0.08771892880390285,-0.06926492015622365,0.04377738072406475,-0.1023516172384659,-0.01997041069634014,0.0011859989409670078,-0.0631916617161881,-0.014868753115562449,-0.15882604082363508,0.1363889021831671,-0.1692030581491076,0.04894535536531785,0.5165248035455449,0.28933298306600996,0.16408231091239386,-0.0026377543892947223,-0.011773271811895653,0.07351918960621776,-0.5827110597239673,0.2728609771932725,-0.09875500195867391,-0.14513271414585685,-0.08989177389594281,-0.05056474502652451,-0.2286092503015897,0.005940113690091587,0.08427391810307895,-0.16295149748644655,-0.057369713738631825,-0.21515490204824697,0.3072842022249382,0.11457096936065057,0.10934717010968677,0.030298019915869685,-0.1962059153025796,-0.1808707704895167,0.12655554635924587,-0.18119685153180737,-0.13884830606485504,0.1939432981624483,-0.0383200105774496,0.28037862518656703,0.04300737208150545,0.21374457188775495,-0.09121606241544128,0.15794969976099835,0.028793792868447732,-0.17379076749207253,-0.30918313774985723,0.09167213616497637,-0.02640147186622749,0.175316023842422,0.11923361741950195,0.060462337550413664,-0.0428159293904366,-0.046340105221244814,-0.12206324701766688,0.03557667828113019,0.2695528356229951,-0.08480961213398652,0.25504155288889846,-0.09922887004294334,-0.0038416811149662913,0.19492280595385358,0.11426041874846468,-0.036611289575553686,0.20118014726781952,0.027643773955281444,-0.068696221488055,0.20502841675057187,0.14074784470864585,-0.22419999966079296,-0.08958846264685721,-0.064610362746237,-0.08463908271407591,-0.0821154554555001,0.03283329891047003,-0.2323069148305297,-0.0234995462791969,-0.040331710961575645,-0.1820055219771489,-0.00010342470902960288,0.07981638631175184,0.1870904093416682,0.1303692181071997,0.03506865904870301,-0.2906084155565234,0.009098600369038052,-0.16561022021979865,0.033927747307578686,-0.0023838422687733193,-0.11656795191533027,-0.10580935498226901,-0.18418247097604584,-0.12722863772100182
2003-04-22,0.2535799365048386,0.10172289112482558,0.03326563623616534,-0.18526065364748331,0.15301752795417914,-0.08383135543281582,-0.15347012816181152,-0.158021956378074,0.0867173263685929,-0.1557574150540505,0.13968591907281114,-0.062141396453536835,-0.12056907838863787,-0.06053573358130444,0.05548086081223955,-0.018850730417442067,0.024733455236826792,0.299274799115062,0.14253657116165538,-0.0682216564966078,-0.025379917363329976,-0.04994996649364125,-0.0294132549487819,-0.42979451050696144,0.1449742271956092,-0.05162327613004444,-0.07701422765707994,-0.028992913033541252,0.035071111595588886,-0.20081444617893662,-0.03775559897408324,0.032245409297450185,-0.20368268620358115,-0.21945871485380147,-0.2587021372246397,0.10862710633884959,0.1257700773375386,0.2764963027463085,-0.08815634528246656,0.015294466244552182,-0.20940794634651258,0.17464283040897566,-0.08685093214175318,-0.16303884926255244,0.0290485047852772,0.030356567550135514,0.28160287554256974,-0.0258450300278846,0.15152235696306124,-0.06222887337555602,0.33459559693105134,0.017805321265082972,-0.16224636249675448,-0.08230858390949275,-0.04600045157538796,0.12287089793705694,0.28174728712184893,0.1993341878575732,-0.08614903421971179,0.15697562001319756,-0.09365477221698099,-0.037666857317432946,0.07571502216526721,0.1966009299828003,0.12490693734319418,0.20535415327332526,-0.07293807865425038,0.27061240129440606,0.09422964486941048,0.08262465667050439,0.07515096101674437,0.17761720460300556,-0.08074065612008186,0.04270081088618973,0.15830820943725327,0.23685040217215544,-0.0983655625906485,0.011429900781552907,-0.05093780896873504,-0.10155657526047157,-0.08534919691596571,-0.010694382476450933,-0.155369390585814,0.04034287763945454,-0.022893018165007537,-0.13250505768266377,-0.0691152653348267,-0.20986971002911065,0.09780308718345702,0.059952008858106406,-0.008840095977212593,-0.31851730382851423,-0.15497785854937754,-0.11801408633106472,0.01946511923460505,0.08031788791061603,0.10517043621846166,-0.15904196982789123,-0.11234862396490791,-0.05335771574565153
2003-04-23,0.1531258322166695,0.36142876434960375,0.07662325943250614,-0.2599723366283428,0.14861691231764437,-0.14732643395075762,-0.08738280866614144,0.09696975764952397,-0.19914871550249164,0.07257694605444318,0.09081340523196779,-0.2918441975465993,0.07245642838370651,0.12578919070266772,0.09732772284826961,-0.1823074390194175,-0.007225697806922976,0.40574442286323165,-0.21345587260952079,0.0959450807889213,-0.07676337619762434,0.21948252438581367,-0.06848508940941068,-0.28672371638985733,0.16016645701123983,-0.11943516722548397,-0.22324968661016978,-0.23931303181643807,-0.010531341380133445,-0.21860502733226567,-0.018905693027305194,0.02291519982463448,-0.2036826962570386,-0.25929898853194205,-0.1502332904347061,0.3393660182777956,0.08459909960830395,0.03836565716203996,-0.09473460996648037,-0.21926670543789398,-0.1589222187715333,0.23102831284772893,0.05074611294700421,-0.17968855801257144,-0.39984401497999156,-0.020048399069038835,0.041156213091139544,0.23849219172112998,0.30530261266566383,-0.05336524237301519,0.39184164569376057,-0.02863276264482793,-0.36904846199636737,0.03295792548503299,-0.06097293910396698,-0.04242834658212334,-0.1994856715164517,0.17046347052239094,-0.20060428963343838,0.4637267157495129,-0.12154858714128919,0.41985125960000386,0.05537321381312751,0.2984883159053612,0.018001554757139732,0.08771010316354869,0.08028364365521728,0.06497045507984778,0.15475570636320102,-0.21526642461067333,0.10462919363459153,-0.0488044873560898,0.05074375586194134,0.0809946466073295,-0.08396627606155264,0.3755845386522989,-0.08518667969580314,0.03685104969489071,0.03538366347416922,-0.027895023640610358,-0.03887915904641156,-0.016557589389134278,0.05311744117026434,0.17545973299079334,-0.1550997246850626,-0.22807189829470698,0.1562627232942772,0.00038844100233888213,0.2666894466672924,-0.12042967115824273,-0.09422870702076816,-0.038445322751266234,0.057915386424772716,-0.1633632070401413,-0.049228134488004054,0.21425564887038787,0.04341106460563196,-0.07227526737615629,-0.4805727357329106,0.016894356002035718
2003-04-24,0.1902003898403949,-0.08011260245684255,-0.01614752923966292,-0.2560157102711735,-0.10875076841195908,-0.19909063609466213,-0.0014012184278847269,-0.5005175965970531,0.170344216876548,0.017045229307103994,-0.060023715931167586,-0.13850006338251292,-0.03143211761385229,-0.12468809162301837,0.04908079775548431,0.402290649773609,-0.008053009477411452,0.3468740682537306,0.19516976364926492,0.11489723381138503,-0.38310433729779747,0.29159780923218737,-0.06524221171523029,-0.2867237281021624,-0.013462816016532812,0.0402860003968545,-0.019394842812789755,-0.19278813104305725,0.03985995125093898,-0.32600541011192136,0.05946033741485098,0.02804066285535853,-0.17732524809493186,-0.26624758521125647,-0.12767268397920414,0.18704487527095856,0.030083327992886492,0.03836565216863775,-0.05446189293203804,0.11813897334520805,-0.1762047261586403,0.28563650975583127,0.15957238516829525,0.1276521159688621,-0.09043564107344992,0.1077638966982904,0.1449684208576146,0.2919179111717338,0.4105076095476637,-0.19584138537032655,0.15162762729995866,0.04515417219554289,-0.4132380809326811,0.1375935429510475,-0.05399773025849338,-0.16278572341772593,-0.3068304163969995,0.3968537832878123,0.15709029115273418,0.4341421036962816,-0.02547282147347892,0.20108512111806812,0.06260730292649658,0.23335355951152112,0.03884770797236495,-0.05760438902129587,0.0847982821719939,-0.03737767000938988,0.12895019940651806,-0.04240730769327101,-0.20341547879189426,-0.14090386985956976,0.04250029220923694,0.08486415338288056,0.036900961844097954,0.1280052072927987,-0.004542754728505483,-0.06858598327236332,0.044157183518675445,-0.32287078264158164,0.04714536831631979,0.07686606019925273,0.036277113023929046,0.17545972238334656,9.994459191582806e-05,-0.051642893761297236,-0.2086720389747647,-0.11436168239623717,0.14879175486332497,-0.20931822737891137,-0.0837666961642329,-0.006308149980162691,-0.06999830499209493,-0.3087012085060521,0.12771880956626638,0.03439468081944348,0.16355423957666654,-0.09786195534519632,-0.13862720181296267,0.19561438242975276
2003-04-25,0.11114803016739326,-0.01733575187915515,-0.0016081822915053172,-0.0724058911122587,-0.1600629768427208,-0.1776796347937331,-0.11043267298180673,-0.26749826139351224,0.1857499636351284,0.1770185719068794,-0.1659974118102983,-0.0055721338515019965,0.1032601285692995,-0.05610882844412212,0.05996099018358685,0.0649089726588445,-0.11302394523046266,0.35143911017843515,-0.011065926530415713,0.16721564323681518,-0.041048273777690485,0.40485535259671396,-0.19402462246843227,-0.3609320636582176,0.18675621531427816,0.08904387489670713,-0.02317421545008981,-0.13586346765177118,0.010649739577578742,-0.1726395337230884,-0.07491234227354172,0.021577090883581337,-0.20972962001804582,0.27491729003863336,0.10762926854173917,0.04863672190578452,-0.06095772603817908,0.042201692752969394,-0.10797262582646999,-0.19444825982393693,-0.16314003291791976,0.11130160553327831,-0.08670005115917913,0.19438212675237448,-0.2739685075979243,-0.020699312858336993,-0.18950346081266436,0.34108503528158074,0.28046125660309923,-0.036437832018698886,0.05394284811684892,0.07831941813403577,-0.22911326189154335,0.09868376927196636,-0.015478528501529401,-0.18519732918484555,-0.19680920924803288,0.04555305795646834,0.08830407685727057,0.6016709188250388,-0.08482970903436865,0.10248544880220259,0.08918716583755354,0.16378577764908064,-0.07815385700066034,0.10718308628912437,0.021365258708443264,-0.03410641356511408,-0.017880334030811462,-0.06165713992892142,-0.18184260347230427,0.016997113447313188,0.03231406882979195,0.014773888946825714,-0.06825239043844443,0.11003800208094892,0.002540900324042144,0.0012450866826226245,0.0733255391021931,-0.40696260938605033,0.07375193301366949,-0.07819118316157908,-0.1568653121565371,0.09304524379679228,-0.06591858281808466,-0.026966534600079698,0.014556652521212986,0.029860930465736606,0.3739475821679476,-0.1918755388874093,-0.0740444669405887,-0.012093355907722769,0.030242638289018475,-0.1935470849544032,0.19339223259778024,-0.2653650268699773,0.3955407008412735,-0.05294930553859589,-0.11543604093301338,0.07293784276187056
2003-04-28,0.10908570617293083,-0.03249391558103491,-0.23033718976775325,-0.10064140469344365,0.09444667273622039,-0.2644413317389138,-0.15515992804917417,-0.3058559719646794,0.570626673459589,-0.11935448521766688,-0.09955763645303028,0.05049152026813315,0.09451010750518284,-0.04249614236120583,0.13139325527633777,0.17209493133124157,-0.05867016671514571,0.1854668309452086,0.2192714358773641,0.3237266724207481,-0.28884354844502386,0.22199182613987692,-0.09718298865017232,-0.4170244695766321,-0.09805760436005137,0.07113064230027044,0.012888412511944461,-0.17372088780380893,0.04528169779490586,-0.12620391282931795,-0.1271606295588373,0.024992002478740484,-0.13346119522262728,0.2731475649917684,0.018729406948033645,0.052505239758092966,-0.05600207762340424,0.002525672944150998,-0.1380330952605585,-0.10407375330120582,-0.09441467575553453,-0.15396842909105685,0.1349798158793119,0.1366304954072143,-0.22627822981989293,0.3550923709032693,-0.09681678165864017,0.4162842545961488,0.22430715892998607,-0.18966163778049874,-0.030614840886860784,0.27909048184822294,-0.24416245605550757,0.1555196691148402,-0.056357005120960944,0.005929531447002385,-0.23517898283572622,0.13562210600983324,0.04705917062535524,0.47924201075291056,-0.026181812424323304,0.26196547480626187,0.136466628151163,0.2597661735637302,0.09343317809835465,-0.4067316098669138,-0.10674548966764755,-0.03410642255308104,-0.2702784595432329,0.16589855006144533,-0.11542607787767255,-0.009982575824374099,-0.2641843521541315,-0.1004894649820519,0.09650903740725393,-0.011815300406179043,0.08980055625788749,-0.06808186018503185,0.00832180395108755,-0.37707904423409794,0.15423626745463448,0.07789789750923873,-0.10960204145845051,0.03874376308266474,0.05447657306126786,0.25117437183585106,-0.3483998945681335,-0.1087540443025803,0.2191406481948787,0.14318237862860578,-0.1011442777475848,-0.1210991954564857,-0.013102119607529925,-0.1029214967889955,0.11963382231288087,-0.3486433521462663,0.41379414761804567,-0.017045409687612447,-0.26323529487302233,0.06565017081931168
2003-04-29,0.11150826521605772,-0.17082235023845918,-0.11563546329316389,-0.07625930757200103,-0.009419621251917696,-0.030960807279295555,-0.1462026883431542,-0.08935705990874289,0.2144287460406337,-0.18002605287693824,-0.28473821969607865,0.028851308481834,0.10353772699957263,-0.07630567790937147,0.2119461429127117,-0.004284299981281426,-0.10043621244449596,0.16983490173801669,0.2192714306026778,0.21806424152117754,0.013450071796810986,0.20376841261243267,-0.15305568108025508,-0.11089574434514149,0.12799377073732457,0.025407029784183095,-0.02269548473257596,-0.03864996219826327,0.0074852385609441175,-0.2090707592995223,-0.1700995157985011,-0.062196520033600766,-0.006104852468827689,0.06240707872009443,-0.2398491276471107,-0.052865384693448106,-0.05086595451439799,0.0031719474364907776,-0.1243124227219951,0.12010090576838699,-0.08400364607132388,-0.08926394848777308,0.0499712958984673,-0.11387065138026803,-0.14766540653898247,0.20252331455605646,-0.1717852226949057,0.21073859771637432,0.23815757403332793,-0.09038801332776747,0.03765652444931613,0.1737921522409009,-0.25710276917289154,0.13266198114595035,-0.07491212562651854,0.1421718039239293,-0.22806834029712017,0.33555204107874703,0.12760368321206073,0.3982890511677067,-0.02844501324071158,0.06084388417331457,0.08637622502786267,0.05207990553796169,0.03629871673251277,-0.1993905807453634,-0.015179951530894435,0.11758948866609936,-0.11460948375990494,0.22155921676099674,-0.04441121516765293,-0.10290066472768908,-0.16884501269174626,-0.03358820633871271,0.01134030733905665,-0.0817488525855168,0.21705343768493987,0.0027359757618098993,0.14861261017276045,-0.2092707880959143,0.11821660109414404,-0.10503829256634432,-0.07017981015029519,-0.014645849456051015,0.049657380328472646,0.1420358090896602,-0.25010619970076226,0.09034295518283748,0.07917675392822905,-0.029239329728557882,-0.06399108234419866,-0.1140128266828222,-0.11874821182172272,-0.053497108261823474,0.16798181109998722,-0.18528373381310964,0.25324420530203606,-0.005633990166886029,-0.0862681615513804,0.13190410476195932
2003-04-30,0.09562595865945357,-0.003532630828138331,-0.14553663408591755,-0.07990545412764063,0.0876243669745605,-0.018502271279364844,0.009050322298417932,-0.08935706274762492,0.026748093890112137,-0.07460505115677676,-0.2581272125730782,0.11781847729778305,0.2501650772153014,-0.019400540452040198,0.08268308970141341,0.09284586867026946,-0.15886888826107845,0.1361528686587338,0.13551339760458977,0.11484888908618412,-0.006058277241635119,0.12142036855795298,-0.11817143482749892,-0.20788242859887282,0.10585252935085722,-0.003992915163159312,-0.0588285390771058,-0.034922791514772754,-0.09841428111853816,-0.19167704327998097,-0.08556787400778015,-0.05732028017553447,0.02058986611801198,-0.08286188306252915,-0.1775971783590811,-0.22972277738336125,0.054636809019632776,0.04514883102190079,-0.13804884311772866,0.0020285833255362013,-0.18029727031778453,0.027277895626278997,-0.13785685103909537,-0.23080510546507563,0.16094957726645615,0.17668695139227858,-0.13565728296070192,0.21074367205400119,0.26119330287384224,-0.10220904002494667,-0.021390623320004683,0.0773427243343892,-0.15868498008268297,0.12366590535683435,-0.05981385897239576,0.18919785774830486,-0.18862689209903008,0.2304948041794493,0.10838484665009283,0.23395927503292685,0.12159996895639257,0.15132184881515515,0.06649601440517929,0.11628561646066808,0.10620303029340196,0.02072452267263069,-0.050458011098964355,0.23209926596943067,0.07464001528514554,0.007367150667788526,-0.1679329085413839,-0.10067506304481214,0.030561569060054958,-0.3124142268918496,0.10296901835354284,-0.11882767730671343,0.1526087433436894,0.07441456124116642,0.17623327297529187,-0.07052406781790971,-0.08345542122613947,-0.1106611194106845,0.03920387745603603,0.0039020147923886682,0.0029338813242428693,0.33553515672769607,-0.21051997126506633,0.09034294587443095,-0.13350274174166032,-0.07467543376175634,-0.08884350028127214,-0.03712536758492506,-0.1436834549923142,-0.07325956328246082,0.3400575117273999,-0.22960565308691347,0.1904788690019769,-0.040905939186982196,-0.08723612679670398,0.12268559799401049
2003-05-01,0.011751321881907788,0.12555122649003086,-0.13581002634389627,-0.053002412541495486,0.24431348306083575,-0.22926067249600635,0.034583373503558335,-0.11759431760489854,0.22518231412012818,-0.4611021035228502,-0.005000228853474454,-0.04603670865754827,-0.015665213722631095,-0.028052674586944486,-0.02510810892157374,0.09284586676908249,-0.12015178767239225,0.06397170747519962,0.057310799000143645,0.37549544389321116,-0.28171319973596765,0.058022477897457715,-0.14505160117937363,-0.030123948335631364,-0.0425563102392607,0.013240328466124196,-0.03291983212708257,0.03812414150398581,-0.07928066978725554,-0.2415058873374047,0.011774135186650376,-0.011243889397853141,0.07022733754969292,0.0030589451236392477,-0.0736025579339272,-0.09475891388748761,0.02733014152184039,-0.014639469398105067,-0.037394992084920343,0.0020285704985013343,-0.16131481543461076,0.10408150688460754,0.14163561200323102,-0.06451908905112246,0.06788113766781279,0.12077539612214121,-0.17608577427925023,0.23085975034399375,0.2502996830358236,-0.11797537650488533,-0.010287691903151078,-0.04816850261601844,-0.2128650743051042,0.22402543815543235,-0.11421039963802006,-0.028886296022824554,-0.04041359008206641,0.04328067791245109,0.15604472667043406,0.21342104016320795,-0.039063850450063525,0.08353288646807594,-0.015163024970213221,0.17557244940578617,0.09040666607995237,0.02188751485830766,-0.044252151440496684,0.41634593372669126,0.2285274118104113,-0.05083122264171503,-0.09717565315210934,-0.15692224042079925,-0.12654264739143142,0.17733220801378222,0.025693221002246573,-0.09104130212125387,0.26286993122169205,0.088216810720882,0.14648804039338323,-0.17643272556957681,-0.016041866052325018,0.08013833272868545,-0.004174794412573589,-0.059085213647500204,-0.07762906766669081,0.11777703376532378,-0.24529806052090045,0.023777046937219288,-0.018247224483693373,0.007220762257658518,0.008436441148104525,-0.06041046653375484,-0.18058986962959694,-0.0074622562547707015,0.1445327489471066,-0.06575058868851524,-0.014626517883670833,-0.0519544826513629,0.10139125480603664,0.07308266286507731
2003-05-02,-0.09505479472117373,0.15398300690050146,-0.1445455655797703,-0.09333683316103329,0.20493398917754016,-0.18628143806488498,-0.07733717245935597,-0.14155451201024408,-0.02270331653569028,-0.18473647704210452,0.06519200493329265,0.07731246364182359,-0.01817488737801952,0.0724115041079288,0.01660332005923375,0.20986360454743216,-0.07152729451969267,0.026278421973645855,-0.08291552640425942,0.3271810403562417,0.0020870802676225373,0.11367519084022289,-0.20617079191550094,-0.053549240389483395,-0.0436821683456857,-0.022846182624675887,-0.08074689436793156,-0.08673003313819765,-0.09848987362365254,-0.21139375498611246,-0.12758104033050746,0.027016367165361713,0.0285408366225404,-0.10714032341102586,0.08368942611466441,-0.07179758718940957,0.09239353437170039,-0.09257333295253455,0.030456071148966472,-0.03136142880797751,-0.10705854916808502,0.03556999870154544,0.1799981572293563,-0.06098718105320524,0.014348890720195904,-0.007801650468521231,-0.18208041277070278,0.39585918505516904,0.20506385116396172,-0.08166525838116911,-0.07804212102132374,-0.20319155993233465,-0.21961022446927042,0.13069752849009503,-0.06798040703416289,0.09827675145042941,0.10629148175793662,0.08361711990513855,0.25615677493857336,0.1813913191685912,-0.0018448228832942586,0.08957428073578466,-0.004745710407284274,0.008762151244689646,0.07364783328397691,0.12596422051896586,-0.003021956420871437,0.22541044412230415,0.266426036503259,-0.005526955128196785,-0.21440629536662176,-0.20157402206067132,-0.0069789845508855695,0.2187572361122246,0.051621230681894406,-0.17744126102259047,0.28485808592823103,0.1418415191253382,0.06140658775551998,-0.01306658296027934,-0.01686684456957826,-0.08096030457737081,-0.004962795171268141,-0.23695015893204707,-0.08185085709262013,0.08443634277525582,-0.18508564568653482,0.10447301497170139,0.032689142644131086,0.03558236062730867,0.017894489390017015,-0.0011450103753562774,-0.1965755586010023,-0.050676101689427024,0.2435710308459731,-0.16529450209342078,-0.07833727076758687,-0.05321045173335192,-0.009179107117336412,0.15566134754809854
2003-05-05,0.057276339993606366,0.23203437728840776,-0.14454557107948296,-0.13380285610471493,0.21471532013217878,0.0849761199363547,-0.05894203630574311,-0.023930879703118024,0.02582797053581518,-0.15182483823046386,-0.055581991971142095,-0.021519094869010737,0.16067559046945062,-0.04289168442346341,0.21573883924687676,0.4428058314749521,-0.021963168776127723,0.03743794195861555,0.049165460795147733,0.015033767995682656,0.052770343326873956,-0.012530208143558605,-0.08260370910855966,-0.13729262059633626,-0.0878602195337293,-0.04782808396110041,-0.042474422314636905,-0.03584833200978013,-0.06972111946178638,-0.1523041235806945,-0.21923005420071953,-0.11317213966950639,-0.07256847652779368,-0.22888942957541036,0.03920052362930753,-0.005743752087669358,-0.09555239256543856,-0.04615605957829416,0.05306389399392817,0.13509224198286535,-0.04327837386966082,-0.07062149790156842,0.1501361297165937,0.061053718526421684,-0.03383075279089811,0.2129875810220653,-0.15805332140352085,0.28996098610533433,0.03358701729204657,-0.09824135396614081,-0.057290407454777856,0.029908267629552465,-0.3041208636179192,0.09246828141288099,-0.06359806534813997,0.0845103788968112,0.0460553204106033,0.21597629053419287,0.1635449233237204,0.23137187214138216,-0.005162650280357741,0.15442360459644747,0.08393081523659722,0.008762145989544948,0.00283958274195181,0.06955087969251526,-0.04690525279746906,-0.05242247098821305,0.31876254230697787,0.07002745311624346,-0.1500740491365312,-0.1245447888411369,-0.059834863239342256,0.11001714127995028,-0.10671357763264504,-0.19422676827109173,0.18813575784117853,-0.0024996489649712545,0.07277258685953303,-0.0633287848961499,-0.08061359446262682,0.1659020237422678,-0.054303443281812115,-0.053895260491126445,-0.012173572563021392,0.15652055906121035,-0.16571022645406627,0.1365158867820479,-0.013767640940451296,0.14154768238589183,0.06796289607850739,0.13053391739334877,-0.1618932885203615,-0.05672092046718257,0.37256932371485274,-0.12889290591310343,0.05166907728263381,-0.08588359350991605,-0.07050978993558733,0.08044672762613081
2003-05-06,-0.40984402337021586,0.4170234975654527,-0.11343729013577081,-0.2779504481291681,0.01660402295643517,0.05963355612569217,0.04889306887529069,-0.030191609932222963,-0.08355780863971257,0.12452891112455168,-0.07643940963531726,0.18867586796939506,0.13038556598332407,0.047770471920607176,0.16099862796906592,0.15448449774497608,-0.0944043621718756,0.2738614096823679,-0.12755479661062333,-0.2920759159142399,0.22092571034860065,-0.012530214781060124,-0.1566582549378276,-0.34624638064168484,0.08616658561920044,-0.035502296848046525,-0.07428804298862401,0.011245469762954409,-0.0998222141385341,0.046232659424348586,-0.29559864416981646,-0.023856794758733996,-0.07256848620925334,-0.17160635914561534,0.07696933909584618,-0.2269428597552074,0.028223974016625224,0.10537571832407455,0.1730766174815951,-0.256123988643998,-0.04986496541982332,-0.027893365066410068,0.17989819945664093,0.13637610979881482,-0.033830761970310624,0.20654595462434047,-0.009972665989193196,0.2794626643343818,0.048865060008378335,0.02519675054854663,0.0035761983975240307,0.03226585967242805,-0.18835497848485866,0.23365673673342127,-0.034151477413008384,0.08250864752633344,0.03451846315707601,-0.10704584568184433,0.2280278349429995,0.17883523826771616,-0.02603405465223849,0.11306043725473586,0.11833451161010801,0.02534174913377857,0.04266486915904183,0.11525488476477197,0.08502738035413955,-0.13178970684338004,0.3029055785896888,-0.1261236689862732,-0.18882901171665253,-0.03790897546597738,-0.18224378826194956,0.09235877503683976,-0.24417741427985473,-0.19422677025088622,0.22478271162665736,-0.021386940223819616,0.003931256702474941,-0.1824946191674039,-0.05658427805980655,0.1174232250184727,-0.034324144653190294,-0.11253165317649519,0.08343732923254217,0.16042325782632758,-0.011765822103836324,0.3214233261758289,0.2024445035970494,0.011313310231102942,0.04229334923648804,0.14447864451137504,-0.18608215433092704,-0.18494679593745175,0.42162010277408996,-0.3035856038646381,-0.07736484706625261,-0.1116393052644569,-0.0955898055107146,0.12101814085373802
2003-05-07,-0.541030965173116,0.11045899293289237,-0.08215933961451506,-0.09846400977794574,0.027557070256586533,0.2082414224711162,0.19294468818086297,-0.4034511079677246,-0.032741192121400246,0.27207766985504134,0.017543742039768398,-0.013492343560621867,0.15381143701841915,0.10494579249276778,0.027909116805316537,0.48785823906196163,-0.08180859816568342,0.3777979436123461,-0.07024193076942883,-0.11701710393234202,0.11694828652594792,0.00020009154989286286,-0.10477543977135201,-0.28281082199499047,-0.034953369703187145,0.01823366659627922,-0.13529220240232354,0.033664954226712535,-0.14264969970859995,0.04285905067131451,-0.12355225590617655,0.015672373076056345,0.054595973727216814,-0.057364587983784174,0.035184179484376146,0.08994204912467767,0.08509793585891692,-0.009837076603394702,0.20807335366470536,-0.2561239990839525,-0.18908001251485126,-0.08078599135929429,0.19031070650585094,0.0771214226790571,-0.07323863424258746,0.08655037394875487,-0.0020638233571589424,0.41976458204512396,0.07514283289460967,-0.09710747155580625,0.043955035656392194,-0.1681754750373229,-0.3611508814184221,0.13388291521191478,-0.03772520885885863,-0.1116196671176948,0.034518453848314284,-0.2769047229374868,0.056482642864575994,0.1149221640215807,0.021023575865119073,0.3193423787565198,0.06631948665673446,0.12832975137720412,-0.04784803427472193,0.12402401953647835,0.06213580456081234,-0.01268961470084117,0.285363475130747,0.06220675738094002,-0.07969084875955994,-0.02827757946045036,-0.013022163493426674,0.24738027254540865,-0.07615206679250418,-0.3167626676393905,0.22003811144644977,0.10893133339469635,0.07937952348841196,-0.16060437791751647,-0.263002991232572,-0.05390028938374681,0.01676097986214573,-0.12493840639429318,0.07991329847257211,0.22094415661643974,-0.03423800481916325,0.18755669966363406,-0.06477497582237036,-0.018620357817573725,0.01563416389602671,0.08162059839617765,-0.1152069707918385,-0.19257017340837132,0.17479971106297484,-0.11836030347352783,-0.16619407754864307,-0.13075383090083223,-0.007400507742154106,0.06487499487350769
2003-05-08,-0.3672741253398305,0.11889998632541265,-0.09340949057387007,-0.24451951311731326,0.07516711471052093,0.25746590943746717,0.08457128573078392,-0.027080538277972962,0.07245126532325773,-0.16903028783276908,0.12067656171183369,0.07735977273987465,0.22784650811152296,0.12504238958928893,-0.07302474974390517,0.03994774607963322,-0.12737466175826484,-0.23907502108464884,-0.023872117627795276,0.03678482749606115,0.05893926653319134,0.010992740514860024,-0.17464337488744788,-0.23862051959968353,0.13256063908320845,0.015078301014427397,-0.058234836552459784,0.07580085020270405,-0.1389325688357911,0.06373195320608606,0.2727094738419136,-0.06798871462652396,0.14905267535320582,-0.15046484430128046,-0.04664915108149681,-0.12047259208525644,0.04429874329109321,-0.122791389445455,-0.020372701245879372,0.04039488445721162,-0.10694633969652098,-0.15012663404352544,0.35161636815579883,0.32698962379206575,-0.26178653278381014,0.10485720920955864,0.005825515018662263,0.377564808382857,0.06186655751225228,-0.044289270177460836,0.1313023984724321,-0.05921975349558087,-0.41955113585804715,0.10646780749099183,-0.0342925518529826,-0.19470740954154292,-0.044016785596875996,-0.23055368255337316,-0.022526357102146698,0.13742038801941386,0.03857058938561288,0.2441649631446755,0.039649732060457264,0.23892155768901938,-0.2102421788312484,-0.0015469887656269006,0.41270265109624393,-0.012689622574881319,0.4596396263330818,0.030658120756576826,-0.1324451762968164,-0.10755858683637165,-0.2056865439861644,0.09330684715338519,-0.14904465166678332,-0.22230335763519954,0.08609574720059515,0.0992638613671906,-0.022920859157042082,-0.15962741406536288,-0.03842724577093576,0.12427754450478493,-0.026781644706624627,0.15586983307329513,0.17053572541292403,0.34408543552208354,-0.1535763921814496,0.10131436421926085,-0.1312970313687243,0.05618542119184796,0.028131959027658172,0.13812826168370748,-0.02595908179576608,-0.2280569258581404,0.330174434221722,-0.16344948214735366,-0.20907909049914752,-0.1594868139436242,-0.07058673954566537,0.06805229360941838
2003-05-09,-0.3900276616980534,0.20669313956665203,-0.07572089908231644,-0.12137753787300565,0.1331853547522181,0.1261964204771983,0.05932728707948425,-0.027080535537506473,0.09660757672439059,-0.18161845920878417,-0.01655341968890903,0.19756169087944112,0.09220105767470439,0.11568569532497536,0.08182654939356976,0.09438495112890252,0.01579501427454247,-0.0919668713897054,0.007075026544906658,-0.09478781850625456,0.19069903354174153,-0.09091453503540875,-0.19778550842081033,-0.10801040262306955,0.19636967179990167,0.07039749514459631,-0.06721909191230213,0.06328642630191646,-0.10718597679903984,-0.0007419735542902793,0.1712151172545782,-0.03433709769851781,0.02850257929315559,-0.15046484779909522,-0.04050126110663065,-0.17541188548317072,0.07300866283934983,0.003543372819432634,-0.0006322439337283923,-0.19211603261762922,-0.12804879287316398,-0.15390753499546087,0.08761126837246659,0.030651063218290798,-0.25843900326703806,0.22231859594572398,-0.01769725166115416,0.07043969569873762,0.10339252031973624,0.03181700261632617,-0.03685928121776303,0.057654011587776666,-0.261437600190204,-0.029352514124264734,-0.050497203879014026,-0.12130727487573129,-0.1019351536122416,-0.029989657300524785,0.24756480891583788,0.24092414053840064,0.2477566449021306,0.07885846957883257,0.03964978546135881,0.3091437825535102,-0.19579717841961264,-0.08116907855685558,0.06752800509033495,0.0017411282401573688,0.3555189007070856,0.020234445242415307,-0.050141386611030785,-0.09534319621348757,-0.14507046571915064,0.06275351400268886,-0.13908796947491836,-0.21361676567434593,0.08815801457010257,-0.04322893221535816,-0.029972851596238578,0.03249863060210369,-0.04697075354007898,0.19566816545747426,-0.10034674032776014,0.04203127660499098,0.1698527146863507,0.2440855828279671,0.03155519914821198,0.03585487213124462,-0.09318437519216981,-0.07637697958910744,0.01904913571420072,0.13812825084665487,0.10393437838098825,-0.20682766974639077,0.15499085618595362,-0.27186190645939995,-0.13323435919736662,-0.08454069323077859,-0.03828933033337521,0.04685082223866427
2003-05-12,-0.20812097028976012,0.00915860587462444,-0.11445402962410009,-0.010767073902651655,0.19684067469757913,0.12619641493133435,0.1254052374297023,0.25585057396155764,0.1833836039894468,-0.06812064644956205,-0.047909435498397455,0.10485620657510185,0.1176724210069655,0.13372192570219843,0.07621607814333291,0.02477173692970846,-0.012673052375080643,-0.13778023461287184,0.1034878517280815,-0.031089720440923393,0.11475539455527504,-0.2869082699278758,-0.25907854912878087,-0.0774010624990401,0.09036916247488509,0.07373109658055547,-0.06721909796058832,0.07991673459812103,-0.0376897885140628,-0.10784900698130485,0.14287037049468693,-0.1141221513428296,-0.022847364587692737,-0.12942293566018598,0.020068208829157975,-0.05253756965879395,0.15352709437813536,0.019026668178977618,-0.03983752764644369,-0.07462597827579394,-0.09326548727187939,-0.0585284001873104,0.09739008955514016,-0.09696225176495846,-0.1638867763907273,0.18151715882275057,-0.17421516225759875,0.17742247206541348,0.1051089523184312,-0.03152531054307014,0.07405308461900392,0.06124358878443837,-0.20562212627836746,-0.00437450285740499,-0.055668801225797974,-0.1003330760397847,-0.03998960226369546,-0.013571262761958382,0.1434765179234218,0.15950103441787597,0.33379412154370475,0.22502774917225757,0.042651369594627564,0.1979633519656525,-0.04701681655100801,-0.028680205738140507,-0.07615160524911652,0.21432939184737665,0.1952274596978328,0.10958671086031349,-0.011152426957709818,-0.040080388157959335,-0.21710908379908703,-0.017737816031280593,-0.1087253170899577,-0.11633568058311888,-0.02942328158748166,0.04130227854944061,-0.025468377911980943,0.09404799038358438,0.015133220567365633,0.13096885412635595,-0.1096459052535244,0.009357219756602747,0.1544857382264151,0.18976868166463942,-0.024464437085318324,-0.010755130492179042,-0.22420610487344764,-0.05238632744178705,0.05935244010926985,0.05021893035685105,0.03861400327172529,-0.13138438095084332,-0.04054822144741136,-0.18821930328416253,-0.1335389948125396,-0.05080645324596509,-0.08789531408180627,0.04882232364076279
2003-05-13,-0.1718148004209657,0.07549561541698172,-0.09493689468336718,-0.04625016093034133,0.19461776268240713,0.027738954218586943,0.2561901735846229,0.2558505731066879,0.18927667314007557,-0.020379128640054735,-0.09394951681826921,0.08662602086061222,0.1160274475541368,0.15777874568618477,0.16272033031475813,-0.11269063151281555,-0.010359322464142992,-0.18821807163925766,0.0668216174340385,-0.10290511491365555,0.15267273402551015,-0.3009112721782984,-0.278267081685073,0.01408948499943579,0.04807200031051676,-0.056098118932595094,-0.05757569647724289,0.04209513681851421,-0.031437776373322575,-0.128076312897486,0.08455662541386108,-0.12594038438379454,-0.06896377760882767,0.037598365789928076,0.09877187928307501,-0.10281141065394737,0.05830609429730813,-0.00375869586109272,0.043769132979305514,0.1394666027348651,0.008887246589254187,-0.06894527928042263,0.09246332286862742,-0.18677869509829778,-0.09096611387468108,0.17878776984635988,-0.14436601502414237,0.22467007186674717,0.07947322613508057,0.06769391896084553,-0.057628985150663135,0.006679913477526318,-0.18428885234437498,-0.0780721904169335,-0.029591716980355103,-0.1603486502082906,-0.07833135273693848,0.09345868737934131,0.19768689038226434,0.11149895985260902,0.26054873025517633,0.13231950638417586,0.06295408521051175,0.07433209756113207,0.02357118739732632,-0.03993480209016837,-0.11517188252400863,0.049744319058573516,0.11395861657147374,0.17060896584894836,0.046497719132069945,0.03330192427123998,-0.16793196858803233,-0.012916627348183597,-0.05064044627321325,-0.14500074740524496,-0.056491764581199345,0.106035081037493,-0.033684202466250784,0.03222747629841285,-0.0843968051275838,0.012960865493698577,-0.1242043052409507,-0.11839216707942517,0.02207971783396825,-0.06710887018576138,0.0009461907619004246,0.17800821301357297,0.11660609287288,-0.02756959625207054,0.06846169065244323,-0.00017922092692730779,0.037720065627644885,-0.18577281162287704,0.14148326855764887,-0.26164683353213536,-0.06376296707487558,-0.015668586553487095,-0.01978375166643402,0.057525698444474596
2003-05-14,-0.2855697006164394,0.10902048071972548,-0.17059092091726225,-0.083410903114233,0.23149693314721145,0.008762830393009659,0.10985294259632417,0.2396682845462752,0.2643862630222008,-0.1617886231611771,-0.0949384193336989,0.25418443848002364,0.36841398096285455,0.14504462427899473,0.1315086315334591,-0.14128087135755488,0.006687707268494087,-0.10357162905900569,0.048142459948818855,-0.011289722080640736,0.050123426511729005,-0.3080414437449776,0.015355240319062758,0.0030597394006414693,0.05368956352888805,0.0517325356088519,-0.0769161027965271,-0.032221519633308764,-0.04080568621356265,-0.05512108649895441,-0.03507233878841096,-0.09486684421588414,-0.02383173475335054,-0.002607220674370335,-0.07588194674055102,-0.12419112422352134,0.013307691169611885,0.01209095444930157,-0.04472635854259664,0.09807465157591468,0.006309877495889421,-0.22031826426006287,-0.0327357422719208,-0.08191630048901473,-0.1904288961443918,0.2247538302657686,-0.1083989025214716,0.142852847317302,0.07225908796040598,0.12887645508278525,-0.038993799900879866,0.0207148654689336,-0.0008741161883536025,-0.012311587234583274,-0.0308241013858953,-0.11253440243774755,-0.03782229383948515,0.17229347299718561,0.1396469241101049,0.014696495092821848,0.20734108264590884,0.14039782546203675,0.042527195582383076,0.1581098532175289,0.12366640178919412,-0.027030324945979903,0.01830177194718209,0.03782527415534335,-0.08105514863158202,0.21741749194794574,0.03676802572483588,0.12879048284485248,-0.08603675689075183,-0.16068353746953007,-0.12178848584822378,-0.163026573502028,-0.11986887522286674,0.00493710219369961,-0.10571626226195077,0.015295375746195205,-0.04050371610712133,0.03925063696339037,-0.10602588032121818,-0.05041981430128307,-0.010883159906657756,-0.10819696664653856,-0.11060247947679235,0.11005120811327072,0.15882941889565966,-0.0169373220771339,0.0683249944954664,0.06681060071887343,0.0657848262783188,-0.047642995889527556,0.09686546460390333,-0.38431577393923766,-0.14424260834260738,0.03318567162413991,0.08929584780156037,0.023453163974402242
2003-05-15,-0.23088573943827825,0.10163947079991856,-0.183044551465324,-0.023936527158771752,0.21068802226835823,0.19849755510839998,0.11221288238387535,0.29220456440004083,0.21389847054761257,-0.010801981324485286,-0.07337368998733854,0.20656791695663992,0.2861979106921108,0.05245853368262776,0.11009019628207911,-0.1494254738610968,0.005164539777937902,-0.019661423958474207,0.05861569353481472,-0.04254168697958015,-0.02853125993476257,-0.2996476136167883,-0.012010674089660986,0.027956989968219343,0.0782041594397888,0.06655559994348219,-0.13513664130351657,-0.015245318783003402,-0.015729268071208957,-0.11401185632123229,-0.0936369181475648,-0.11064928253991975,-0.0028263653382116813,0.04006077238602164,-0.12617410725110478,-0.14633516635147648,0.004947686502749328,-0.03231350980152474,-0.12247366428193034,0.10912601525167347,0.11095448407806359,-0.182318517546599,-0.2110967966400217,-0.13439925920648546,-0.22277643206124484,0.1494160471192578,-0.10099679876595768,-0.016190474125235582,0.1229675934104069,0.12887644964154957,0.0523373421945227,0.02071486568547842,-0.0026888693601754498,0.058607923564842096,-0.04705415237823762,-0.11937870236458095,-0.03820261739137236,0.14546231659850584,0.19539075689847982,0.00556104354460765,0.1709029446256443,0.13134595920295908,-0.010323030894961789,0.05966456003842167,0.07977250489586608,-0.10098827577821268,-0.09489456433052772,0.007179964050572173,0.05603360322429904,0.20218977154674664,0.006453867291451242,0.06303533409248496,0.09014690102571106,-0.02276851597828584,-0.13484214460155444,-0.1468982533226502,-0.03900886770905573,-0.010907778305189849,-0.13532751901614004,-0.0029447068633365737,-0.07410396644683018,0.18238944140978458,-0.05886594944408366,-0.04564947817223806,0.04716212405158638,-0.10569375510635054,-0.22454815261496464,0.17229854297763172,0.1487853022724899,-0.04250784267762538,0.06981996855834695,0.13176951228149966,-0.008545828317379158,0.08165465693827156,0.015013648862028469,-0.3114996678133892,-0.08243431985618119,0.027222385158282437,0.02203648320433456,0.023453155710913467
2003-05-16,-0.25993175556723536,0.09070728595895976,-0.20527241632084456,-0.057022902449281196,0.06476430706493254,0.15196083051486187,-0.02767519522796523,0.3334936032201262,0.05928035304439988,-0.019468967054040828,-0.16118569341843572,0.28819947322886563,0.18166945579272667,-0.058208899541349536,0.20723238217603795,-0.252011241581824,-0.03541702139745501,0.06336591709942492,0.05249598887663871,0.002285455219839554,0.037891213574862685,-0.2232590887941834,-0.01736569055173854,-0.0961085127258675,0.055492740733292856,0.036555263208530385,-0.2115077604872642,-0.011283115183202444,-0.05556724853316053,-0.0352432120562897,-0.1401550736616448,-0.071912067348618,0.03740702893282481,0.04329816007006336,0.03081806004923711,0.021963739952744216,-0.029379694631864788,-0.05553816985952533,-0.07444706462087737,0.26382113872619944,0.11840719357484143,-0.07617670194770018,-0.021081142719542065,0.0694731038867716,-0.14167424730605638,0.12829208457180025,0.04271427546611822,-0.07775688884324257,0.1827273594309811,0.16526647022908703,0.057212874746224614,0.07836227313490796,0.06553575638084157,-0.0020603738933890735,-0.06922410404755742,0.09923577279883287,-0.07659832596684282,-0.047218287764491745,0.19221462129228006,-0.03520370797856079,0.14857226820089167,-0.03961658605327909,0.023432541065882707,0.17290440499472784,0.10953231606347057,-0.0823412488758384,0.16821957183835443,-0.04285826141321807,-0.005203435247805072,0.10021813317430209,-0.010142593850712945,0.03249511777994433,-0.013269720522807714,-0.1278202633618497,-0.002762904776290567,-0.10027463244492711,-0.0791995756507432,-0.1856098950583243,-0.13530942049250397,0.004834441864521169,0.03532377519950515,-0.10951161443856317,-0.015696290940779706,-0.11618740678058548,0.13719790095744552,-0.027813050961268647,-0.1666819484857208,0.0875655370194691,0.10848612394889014,-0.10600813415361383,0.08083252966628952,0.06329341965454244,-0.059687379609458385,0.09398106358965765,0.015013647805234715,-0.35244982132395586,-0.14385968255620712,0.04393562385810127,0.042816412704145115,0.01588359083710653
2003-05-19,-0.24645355357184506,0.21547908608932959,-0.2569714410996011,-0.13954395416686732,-0.006759172413840784,0.2242126195103916,0.045920915897847456,0.21710137162843057,0.1137335281193442,-0.03245866844547578,-0.2531438318655933,0.1531400997851714,0.14166228137694278,0.06479836450141976,0.23788698117120116,-0.027391352543173684,-0.08601674896961249,-0.12578979140521943,-0.018147188951067164,0.09880192788912438,0.0057897960709481595,-0.19963901439237816,-0.07948026603319149,0.0014424051816361474,-0.12587051024753307,-0.029372804477668792,-0.16933766599160557,-0.022894823736335262,0.008986925275970854,0.011083020882959023,-0.10272214246608789,-0.10094216282025349,0.06352466165199126,-0.033691019113898955,-0.028060707508874322,0.004243317754800239,0.03065229586688482,-0.00145341340598727,-0.08064736251094295,0.2806430857263213,0.14925790878010764,0.0034937834781481776,0.13028675383690197,0.045537473464476876,-0.06689982630783936,0.04366090562587456,-0.012222281303585969,-0.10777176261570467,0.12083910713042968,0.15873323321523322,0.04516323426743288,0.12375783148028104,0.01797540578809331,0.10648232060458669,-0.06523553060265885,0.18249113566890715,0.016545657753547962,-0.04480487862068319,-0.07831164103690536,0.06248361150597992,0.016533056430306257,0.09351480212791585,-0.02036929243977969,0.17290505450593735,0.07716518814688343,0.000309388737733134,0.16810930652744188,-0.012795910111567745,0.02028758672462931,0.026809764535431803,-0.03521402330217709,-0.002859277949196941,-0.1081531845650488,-0.22382395600328903,-0.06926104970441424,-0.010821342180637265,-0.03910835944468241,-0.10281014914510316,-0.14578804271031698,0.008279491519779228,0.09893301194924316,-0.05844275498627798,-0.007587362467445357,-0.11618741866609596,0.20003315356757084,0.05243100390913718,-0.15907688109809884,-0.012957595622293611,0.08140387198630439,0.0035782137247457723,0.05092745160219256,0.11299414730765651,-0.051562166652523736,0.11166516309444825,-0.11274389296011825,-0.3179833173254802,-0.15722510052227126,0.06141462905048448,0.0014861194092304604,0.010957376705988531
2003-05-20,-0.23537563066368009,0.21134303140283509,-0.12913649389232298,-0.18333012901522472,-0.12034739348617644,0.0030501786790275943,0.1397754684208343,0.1258962639427182,0.09612741115215705,-0.036445010470702865,-0.1744895997529898,0.06295535801017103,0.04399564691536404,0.15112033762121022,0.14895605158920375,-0.12362289775058825,-0.10461843210935227,-0.29948597358524104,0.07081768136519008,-0.023941394503112185,0.10128394578077488,0.01750583249189425,-0.10467505374895392,0.3181188410974131,0.018216057838927106,-0.12490489375054188,-0.15003317033059657,0.07127589643789473,0.09094267937581625,0.03849918510884377,-0.10883362512820662,-0.1371079490794089,0.050207321275501406,-0.053952312864653046,-0.13570043045948285,-0.3054580453707366,0.12487353116811888,-0.008736268238306158,-0.18751753065416057,0.06927829311069743,0.14925789563224987,-0.05009463887754171,-0.022466832827361265,0.20850187841158466,-0.020730590053527717,0.05148266828266866,-0.049571134543968505,-0.01659586145314059,0.07988069799828382,0.13739959225741014,-0.02248695832076107,0.0739324638386375,-0.031638693784698795,0.3932492729104826,-0.05121092153813033,0.15006720681030863,-0.032437333305518054,-0.10839521362825484,0.060218661786262895,0.13050563570954823,0.06997251813784264,0.13662372845184712,0.0037495635941575947,0.17005408594345506,0.05331643376675761,-0.0672613554171604,0.2202426045776671,-0.13281000347523633,-0.05717971992104904,0.0058468030956324675,-0.05746867435168993,-0.03966044215670071,-0.02627664213849667,-0.17799112193476632,-0.12207770370898646,-0.048621680458322374,0.013879263539224519,-0.0779832306502982,-0.10607936880975019,-0.243409944124694,0.08455794749746808,0.06689162311581094,0.05592614058664499,-0.15263986533979013,0.16585915449374983,-0.0071304780079097215,-0.11948798055676908,0.08285702560786411,0.07604729391925324,0.08533028707897815,-0.002770635442971463,0.16429488088507774,-0.05156217358431515,0.06272330496743542,-0.03714900849414603,-0.1802707931661925,-0.16812170290820314,0.057706913771254024,-0.07586292311890135,0.09536078576013092
2003-05-21,-0.15643815331329877,0.21559164139851245,-0.14629593029191384,-0.17450852842151507,-0.05016029024967091,-0.022156404207163242,0.13131650906479897,0.12310582217623033,0.15850004159096068,-0.048444623962668354,-0.1545893204797325,-0.09519237305632149,0.022996495562853637,0.09795622857539849,0.07994000997092239,-0.012536990566856396,-0.24060035925545115,-0.29948597420599476,0.24210398721611878,0.012337117553363227,0.12015564924377584,0.03609198474786714,-0.1799117666604373,0.12597780289720384,-0.04081941681561957,-0.13266854519539958,-0.060574150333331425,0.09943416197581649,-0.06910943349010977,0.10703795415919537,0.08011485093934695,-0.11664161168169963,0.04545579565295744,-0.09527889845754624,-0.13808025575389907,-0.11988008123367297,0.13508633942674403,0.010375933748595682,-0.053814601188045555,-0.05302714531944556,0.18487931157982404,-0.09973259992649508,-0.05232829945534116,0.20047025041650623,-0.021898487753353235,0.022659021078257686,-0.17738850800728662,0.07132244206179604,0.019726455818665892,-0.04568851815036607,0.06665885471050935,0.05723760892263326,0.022673345152406325,0.47804552523128935,-0.050894330651549344,0.06699137859166564,-0.040747573579044766,-0.10707798223661787,0.11011559032506775,0.020505904146092244,0.14531113080216243,-0.0007753406835815689,-0.003146277624332415,0.12152552452125737,-0.07269620562047484,0.03807363811532228,0.22608241575738067,-0.21633910220899896,0.07895604929706318,-0.11544209111778166,-0.15585701567427407,0.019557890803092996,-0.051093341191566326,-0.024118522708547575,-0.19969937804285834,-0.1054473795350622,0.01387871413412975,0.024649765100098666,-0.07892842483917499,-0.24377928831977888,0.14081292456140307,-0.002738555054195093,0.07719575631750014,-0.12802213984745614,0.13335058926406834,-0.05019323299630512,-0.1193581613249328,0.048174356191367326,0.11258350722949001,0.14658158193953755,0.04805964506598957,0.0844770182703302,0.04537345691728099,0.13169938328219782,0.1375237837123654,-0.18027087382866983,-0.2139461022651495,0.022804087084803533,-0.16737012822408207,0.02460491734078488
2003-05-22,-0.10507242198068742,0.2538058478285332,-0.12596505951665207,-0.16761543563597944,0.06405898551094164,0.02478115133970311,0.12008582933065326,0.3161878960569638,0.028727073030010486,0.07190227086525497,-0.2246977153332363,-0.11719133953514899,0.0854057198939211,-0.0036389524815968926,0.06834703400834269,-0.2527427965956792,-0.11404302456657783,-0.2961541410826405,0.32814524496792724,-0.01739266956843546,0.0053475202265536375,-0.15227658228436985,-0.03288399229821248,0.06622338522181533,0.06221948555613015,-0.04955628058351486,-0.09780152036279398,0.00900862062825575,-0.16383752914272984,0.14040800399949396,-0.09836598185366092,-0.06563754256932139,0.06962725362739706,-0.0794979851637819,-0.3437230380691883,-0.20299245326489992,0.07575025898705956,0.092807096094476,-0.06646537636854741,0.07616340304050781,0.04523013382853519,-0.006667557872304931,-0.015694192652446325,0.22032187217751023,0.07471919293325364,0.10293670167855405,-0.07837714481283976,-0.024070458726902035,-0.04263015744820411,0.10796512149039403,0.02278558936175127,-0.1267475027512768,0.186341952086979,0.2670659607245595,-0.04857545995043138,0.02374959567195819,0.03308791997693022,0.09383921739743123,0.1251150039384987,0.005456106978835126,0.10474867048034302,-0.14514769294949276,0.012758897094712519,0.014496708216947542,0.06698198770853017,-0.033016282749186915,0.163585160094381,-0.19968398661246403,0.08661288966771978,-0.08998427058901816,-0.05174313747858277,0.07985031754214787,0.08474965706837484,-0.1191372532627406,-0.02991398464283522,-0.19510627462464453,-0.02391708817931598,0.02094765412618018,-0.053743180360904926,-0.08404547766726676,0.08017722926169547,0.13925007096127004,-0.014744011158384739,-0.2535987164579858,0.19500236884516103,0.015856454464195507,-0.14813290032641271,0.04310210376990782,0.14963019017726856,0.06378834262266297,0.00816917793555287,0.06066813399451924,-0.06017919979991703,0.02947402676815123,-0.05689461670786405,-0.13427245330398607,0.020637232892050716,-0.00515543488103302,0.04072334004784129,-0.1482160353259122
2003-05-23,-0.13015572524797542,0.33596917766260964,-0.23968506676475557,-0.150314482103101,0.19589868235082145,0.05971877313043311,0.10756395255792327,0.2224899901627406,0.09237623896479305,-0.03315336108104672,-0.030729445297751866,-0.04316208099797112,0.08744382196753216,0.18806052884878727,0.04255448618993922,-0.1549984875705004,-0.11404302536640219,-0.2927444545213966,0.03100025286038918,0.10281588077933058,0.07648181892053604,-0.2585226369257819,-0.028960314870782346,0.04950291174069887,0.08193688374292682,-0.0677195226828798,-0.20919601471047367,-0.05822863937880997,-0.13115057592430618,0.1828713548373143,-0.1230327413454937,-0.06233556908176885,0.06719889230264453,-0.0652627520837209,-0.2643086968610525,-0.10285899568825031,-0.026289881813026328,0.11648971748439862,0.038085288658842024,-0.06586023307835501,0.04448180360216353,0.07720664875639613,-0.01569408257600006,0.10866113419684026,0.0034403925286115955,0.06793153622678572,-0.21414470283824233,-0.09547068545182207,0.007215596687801605,0.08280697218538893,-0.014338192541734953,-0.24446965505693494,0.18613138212788166,0.24782101515185215,-0.05953734020921481,0.2376435174532779,0.145448042246776,0.05330522787229504,-0.09761936237242486,-0.07031370044834051,0.01687278523740497,-0.07296097194762181,-0.013486039657670527,0.05983051245244359,0.1597949069642071,0.11617079089651235,0.05985072300221748,0.08406764922619815,0.06737759437395893,-0.07886206884407651,0.08496764485652097,0.09543425157157175,-0.035866215452286965,-0.14666849063259302,0.0009517863741044069,-0.07049707058599176,0.025543155862080717,0.0917124379214815,-0.009168701856423551,-0.08658421902453346,0.19883866728927155,-0.011956091798132371,0.02456096647376707,-0.13211663177692332,0.010841631472424364,0.07510950865183078,-0.21287233269208575,0.0801755594810648,0.11464874718336349,0.042768992436283584,0.022109598408379786,-0.09486541392261151,0.00216069755289869,0.10762738441689387,-0.14097485329423382,-0.05063382002436218,-0.07280246639967305,0.016862035018217387,-0.10743236241940905,-0.18367883429931833
2003-05-27,-0.03725526016673921,0.16421265765067372,-0.2429946343528512,-0.13865540374332075,0.21985066858326816,0.0071538641868140185,0.08071666237490693,0.0071732159988457415,-0.053226120980614695,-0.11640514726676536,-0.03607393933762259,0.02991787271159833,-0.007751028376307373,0.1298224749635093,0.06943675318886847,0.04269003472528977,-0.03758503833416414,-0.18123844305462639,0.22441520764882394,-0.03059554050886067,0.04021902121818459,-0.20239487072441928,0.09886087451239617,0.08584813241746746,-0.12966627287199844,-0.14364938608515992,-0.13621274404493597,-0.041866114638802965,-0.08132147931247541,0.1008616701168746,-0.12648492200611733,-0.06236561520888344,0.12638895938955194,-0.46955277618103913,-0.2534666959683219,-0.012248490812348675,-0.003952326103117052,0.131077926575918,0.08889771427245899,0.10379310110696342,0.00680018808322537,0.10445671443301717,-1.5041276232375197e-05,0.14477437275757543,0.11509652274951253,0.1764336497945981,-0.16560755578998312,-0.0061855525966711625,0.07660809034846165,0.04709817886491437,0.042805174533419275,-0.19361274681890875,0.12014148727806927,0.21652712896681656,-0.05684413387810151,0.2156215757488134,0.1393074124463571,0.10758740310973429,-0.15765180730612835,-0.12400072478097864,0.05250767530450956,0.01896482531733156,0.0023940881245389403,0.25344129082405903,0.14237002914244493,0.0021477506318380735,0.1591836886884763,0.03459999206831042,-0.053173354643899794,-0.06699932557122984,0.06305256868495031,0.06214864694851936,-0.1744573482398786,-0.05120730527423597,-0.004454336543397109,-0.051080129919589885,0.08186945978304729,0.03180708597452859,-0.0052426920855643535,-0.1610274722803242,0.07563594528039858,0.05043275200476197,0.057136110211903214,-0.09077550077269766,0.03948707204534202,-0.05862245347538982,-0.22377200379183804,0.039082979192348384,-0.033702751484351014,0.10907881263306501,0.028360083544646083,-0.018683987762069556,-0.03166271068443191,0.1119678902565023,-0.061167575670606135,0.023672166720784316,-0.13446084439911235,-0.0037191384937411355,0.02327768788831067,-0.04236038169411331
2003-05-28,-0.08413420137440127,0.16346026466536207,-0.103481006795701,-0.12109856954229484,0.20400225972834632,0.14166258565194403,0.08071665858512313,0.2927383646476883,-0.1431631168558521,-0.1119578717340584,0.016409378064873477,0.11812279761423486,0.02951193725876233,0.08292124032047522,0.009546771718561225,-0.20719953156384222,-0.035764755067349184,-0.1725604763046163,0.13146949805629046,-0.16194230364174358,0.012159641966779319,-0.13864614829545496,0.05693203415771745,0.127928314343727,0.025744094412415614,-0.061543912580898884,-0.14745596847924722,0.010149748741153607,-0.07364400911452913,-0.009614144137964891,0.0017059641837429067,-0.003230581283421133,0.0682818203389732,-0.4695541580831482,-0.26116600411761776,-0.14380580734907092,-0.0352527499061085,0.0058943745891642755,0.04491054777425418,0.3976472199103578,0.02589862616555,0.1578846526384869,-0.05820648185040671,0.21173340369150767,0.0474717150490511,-0.036765119948705134,-0.10356994214355404,-0.04056050038531512,0.03437510182200597,0.11532604540750241,0.13007511075179018,-0.273670564539194,0.2085957625155962,0.1901888622617968,-0.07172550346178201,0.09669222190557647,0.17467011083494702,0.018786890664981973,0.008979578753107344,-0.09983100253275709,0.0031259840937221542,0.09954034453984374,-0.10404188308942165,0.2699323687097026,0.08320683814486986,0.1273997812035484,0.27880989314265736,0.0018380670451725242,0.11666997602989068,-0.0859286692376514,-0.0028777160771790663,0.005157115044809066,-0.0497721373916376,-0.07311858377589954,-0.0928921081727733,-0.11133530392763748,0.10302352429229925,-0.11785094031411798,-0.09238635015305686,-0.026636006039711613,0.07276177520913853,0.11728997766774958,0.05055125542339264,0.01646783793518963,0.04346313281204661,-0.1489776384115632,-0.17771793511505374,-0.008924890668630175,0.06752707091684305,-0.05219491012279897,0.05631420737622667,0.0597998020711127,-0.06790947266721128,0.08453169076730278,0.10254484119604945,-0.02649808960688222,-0.12371287993405494,-0.05597596119222399,0.03124453639388289,-0.053780552529495575
2003-05-29,0.036236508538701494,0.24802408674243687,-0.06267059910499619,-0.14511836413207285,0.15074906578131136,0.020155906977496307,0.1882909214455403,0.19784328959567168,-0.16852574572594256,0.007150540215587521,0.033083259455638746,0.07787068577822451,-0.039811901338030004,0.06089132845855497,-0.0007523500405327279,-0.17245832368756248,0.00951182742432457,-0.11358665022823314,0.20694328548592283,-0.31252643029893146,-0.022051805320145664,-0.15483972238574234,0.05693202843667998,0.14471969476834967,-0.10570280104617992,-0.08058949045370553,-0.1441225803052538,-0.026064345281197294,-0.10006405730473468,0.08562495920139988,0.07959793535716476,-0.009236518067289987,0.03479017579636257,-0.3625481333416869,-0.163599494625845,-0.11385837238101973,-0.03525277095806807,0.0545362859404459,0.05373993162260384,0.11267574602510386,-8.451844487137979e-06,0.24709539176549888,-0.04310685663062257,0.21939838235103012,0.174115053499269,0.06335206197412872,-0.1945597440509143,0.16277051794078273,0.017819069504035955,0.12326566139705021,0.057829414038886556,-0.20476662395708672,0.16254768972692282,0.1454861224972438,-0.06126380361364154,-0.016992920524281096,0.15994875391421515,-0.0027519394771508983,-0.017659606014857398,-0.10070177321564619,0.06328462780840116,0.11150170589650994,-0.05198117099186273,0.19265618699671452,0.06053380089335922,-0.0005589523198701708,0.2060760516450082,-0.035182525712587884,0.116313840617796,-0.19915103066745593,0.008742800755297745,0.016337092228107954,-0.1196619467065205,-0.17754101564286107,-0.16040876168198093,-0.07549802537772153,0.04221273569366845,-0.06799270454672615,-0.07188259962442257,-0.04977490223116062,0.06498450995566343,0.3068088495733105,0.01878781266458392,0.1223772136303935,0.04955443084581238,-0.14055110743452745,-0.11719121307463379,-0.08498172575605568,0.004913655678435559,0.030682679967158885,0.03406599349056335,0.022037257011219558,0.0989979088100183,0.010779911380759837,0.08047806391495711,-0.04695311291517256,-0.1616742593621126,-0.051517373278786936,0.03974295095851892,-0.0078012881423700576
2003-05-30,0.11537690511533709,0.12743447062410398,-0.06845502880356484,-0.0780084024969255,0.12123220440933917,0.02015590676448877,0.10463467843534259,0.11869461600129749,-0.011707949459476131,0.07563335389405938,-0.015437894528308096,0.060476051766764904,-0.1270934490223795,-0.05354696631341299,0.09807416400937005,-0.04469242315421751,0.02801037446660149,-0.15381245998094234,0.30646642502790716,-0.3587136256558417,-0.05793951208029903,-0.1548397354499971,-0.012809311052665784,0.10843825655436307,-0.07391074911832198,-0.08799145090647797,-0.09680334640965901,-0.02760209573494835,-0.08586028791803768,0.09774026173930937,0.11752550439615583,-0.016964773519736357,0.059243159294391945,-0.24815929802625636,-0.044242026141278826,0.04323565751267379,-0.16298867864575717,-0.000558246249027599,0.09714486812223312,0.12982915758390248,0.08486207315832348,0.18686582278063196,0.020984869165218172,0.25255864483324236,0.07907605897274833,0.026990408463669895,-0.107019598339209,0.1627705157022578,0.012770047463946756,0.1232656498253206,0.08850446740194233,-0.18934833346510854,0.14057190644083875,0.13536549608308285,-0.061621976884182084,-0.1331149617225622,0.2078340133061994,0.19852039306208027,-0.02894578996475681,-0.06380751390365763,-0.07621225845331776,-0.012995096824178664,-0.026667908157613947,0.14067220628447524,0.05466638352843654,-0.06794090770906583,0.23192101915671207,-0.02705754572491113,0.009709378508905304,-0.044533997828625396,0.04480722038672951,-0.05362558356806964,-0.11920788736467659,-0.05294830284956085,-0.24638406955564557,-0.11994919064973956,0.03535308698615191,-0.12392749960653465,-0.09598556745235624,-0.1280520970605542,0.19307979057230507,0.2337304680559785,-0.006125294280354431,0.0666306951699618,0.074213852955717,-0.214060776475213,-0.06412279323942703,-0.09223181063476979,0.04942306828028251,0.16592899022745902,0.06245980219053895,-0.036655325970451,0.014536284746185676,0.03981089157914305,-0.07957846967765507,0.009902599582500289,-0.1500997011140405,-0.032032757645673655,-0.08331323233236576,0.042605014745738023
2003-06-02,0.11537690023949168,0.13246649210293193,-0.06961473353584878,-0.13514213068787057,0.03584891716709097,0.26260410503303055,0.20760859087862907,0.19040399107809197,-0.020712524175008382,0.169830794895453,-0.05534822695231004,0.13644588507569338,0.04978831671897094,0.019642290349137143,0.1613062687293587,-0.044692430924459355,0.00854517093783123,-0.23995642926850203,0.44474360811371116,-0.341743665684045,0.07933252439109223,-0.05392732263114341,0.10132091588044229,0.09523015712099622,-0.0861914004369983,-0.04026161560867894,-0.1276349281906745,-0.046730602207038396,-0.07589259860458114,0.10300029346211897,0.0645025637420354,0.012952041631396488,-0.019083950472558408,-0.2449290681808098,-0.04424204541917171,-0.006240196572766943,-0.08087508321754962,-0.0348096056959138,-0.08683558952009235,0.0028945790576450484,0.04501689794516589,0.14390969565123465,0.022734040257278074,0.15926485782576397,0.2185085193629442,-0.0330162993806741,-0.061038117708743296,0.07295028605244286,-0.030576180120548496,0.13939210152147,0.02774534901246868,-0.2046005921200147,0.01111524327032398,0.02142925042966613,-0.059303211699604445,-0.07950254729950068,0.19615976833302873,0.0787770657255817,-0.17830995877184333,-0.09387816522272367,0.1050599532382543,0.24944603731922288,-0.008174651933178486,-0.035350344637830086,0.055731086615833945,-0.1424279843811366,0.18412174419569116,-0.09326854010724528,-0.01186124353406577,-0.022162536638062114,-0.0009948988812973122,-0.03759342117450764,-0.008004926176533655,-0.30944614603675363,-0.240012157451888,-0.14318332630859312,-0.05866053802546156,-0.12777988158092562,-0.11279709944254332,-0.07762169186459339,0.057321457676392726,0.3714066965898311,-0.0013817013213442502,0.07722065455322918,-0.038608831961364415,-0.14499102417233356,-0.056260088239617374,0.08942477591914441,0.03790043473070868,0.16592898506476897,0.1002843908832225,0.01570711131760898,-0.07763727201894827,0.014250813053450386,-0.04820201476224445,0.053314104831776545,-0.19629862691550581,0.024647497468230792,-0.02942769756831728,0.030821542656175396
2003-06-03,0.16466699626442582,0.12545935459783844,-0.0837068688856015,-0.15371146505431743,0.05632363954768569,0.2861636775008997,0.4117659835056311,0.2828055292489615,0.1176167974831747,0.213255762653686,0.08064484844845539,0.09412111470665009,-0.0029937654928053107,0.05602430732138809,0.005908360690159818,-0.02142048653160094,0.009018814312283808,-0.20917503838918697,0.3568873270165217,-0.46343939865153005,-0.08039754290971193,-0.07191409845483494,-0.021575791180463048,0.12577622118521098,-0.18278104231506473,-0.08213465967034865,-0.044969896811203634,0.042078720975777015,0.035002851542608314,0.07613164157921967,0.09131062413787633,-0.032483927270271266,-0.015805106666281647,-0.12864894791515322,-0.06496859815038677,-0.020251615200260323,0.03606430045320864,-0.013912538916151587,0.05709943240641327,0.04599129877357318,0.0054403673336774405,0.2493741731865977,-0.15033384114309378,0.05320441113019287,0.057904984380845896,0.06789715671001696,-0.03240146742712056,0.03194396169722202,-0.03731828811697876,-0.04352729229812934,-0.07335288380501422,-0.21401633535812578,0.06460498248392936,0.05526686955174507,-0.04974342480936124,-0.0752896638699039,0.12391428404802968,-0.04411714550784295,-0.3675161093598478,0.06980102570442095,-0.022184490391879585,0.04073454748259874,0.10304949105902324,0.2794731156333177,-0.021635202375017464,-0.17230432688426361,-0.028843886908548496,0.02697877530293449,-0.03099798872243782,-0.08963344310493049,0.15503781025701785,-0.061647941465472714,-0.06126525737464238,-0.4212373880147868,-0.22617000450261857,0.04627527588164148,-0.05553648128479031,-0.06051884801663086,-0.0980995908143243,-0.10947701796161566,0.1887847535735272,0.20841146458108206,-0.019148445277157953,0.06859922296462201,0.00776164517872963,-0.3265493239534891,-0.03338750298001061,0.05944894088480021,0.09834885550326734,0.1704731424328915,0.14631118430380527,-0.032728249458845865,0.06830326774064222,0.010316235253958984,-0.15381044551615977,0.07046063276862206,-0.1360418134014746,-0.08698826468121851,-0.011888119722908642,0.035157344471483394
2003-06-04,0.09270045393396839,0.19165633504418195,-0.07812227721379893,-0.19531431414857855,0.10687765183806366,0.18826090923349567,0.11112240497423143,0.3574660551806136,0.0026829754104477723,0.22843182453429534,0.01650807713165922,0.09412110811599951,0.037362569499718945,0.0517133922417285,-0.0648069758593815,-0.16851857744865975,-0.03808026166965807,-0.24350611140465747,0.27786274646580583,-0.20214320524292384,-0.009177830479065582,-0.04442833488076413,-0.15662085520272592,0.08629755191140669,-0.02382904487756493,-0.08213466977000827,-0.042006624894363194,0.07851468741130446,0.03832594024221997,0.06450490482053833,0.020492209532904686,0.0016629419893892396,-0.015805116634468323,-0.17682180998412614,-0.05840310387663536,-0.1121331418245192,-0.027834124433719385,0.04230972767765792,-0.07823267246086307,0.04030480762833573,-0.02782438637277037,0.6019608939121274,-0.11197081124910059,0.08482814890358244,0.16558143435589476,0.02809212033250263,-0.09479264521792363,-0.013138834176185743,-0.15723979954264947,0.10261242256462491,-0.027910240710867187,-0.19775117721900384,0.18536389912051082,-0.08217762848558945,0.008669923073126383,-0.054674292087594493,0.06978689425256245,-0.0711179426697281,-0.19135218502050175,-0.0651688099141547,-0.015730213541545402,-0.18953766829079008,0.12575875335220837,0.3026533446870314,0.07497927781837863,-0.1357264105485835,-0.011104465064809346,0.16301525926914898,0.13351936696974512,-0.07652333145921864,0.049085189436607446,-0.06818850910851233,-0.05553691803341388,-0.304369845047991,-0.1422851771654436,0.002852598335291708,-0.07477562417047327,0.03904540337464459,-0.16040435699171643,-0.11307331929248796,0.18255855742097482,0.3728890181331017,-0.04126623811887963,-0.15482041086834808,0.003328297372087863,-0.35449521657534766,-0.10182200500757294,0.08768315052021422,-0.037523815120195335,0.30170898765494464,0.12345574969724676,-0.09335484413442664,-0.0353209935468292,0.010316222809311888,-0.2882620257325058,-0.09230978996890372,-0.07572226945252429,-0.05039680498515185,-0.0766718943041631,-0.04304290658967674
2003-06-05,0.36492297041727956,0.30210255672110037,-0.08691528125183146,-0.015246336681271727,0.16041323666014634,0.027224716037119838,-0.039096972330760475,0.3860261984044735,0.2037067931652735,-0.08695124047270142,0.06023671407657772,0.15421664886606892,-0.06373979765166682,-0.0010850976755935418,-0.02274342170464387,-0.14136257082237746,0.0863615410687503,-0.27581282655642664,0.2725209504213566,0.09264641129511464,-0.22765247311316972,-0.060805684343028986,-0.14072591059293577,0.0723013774447205,-0.34677233404141944,-0.1002829692652278,-0.08558844140482615,-0.06300961889857122,-0.02451545424632129,0.0620793571274272,0.139785231146693,-0.012863130322104023,0.07036203346830273,-0.19254772112368948,0.012951682386369973,0.06319677646277212,-0.051474630955852196,-0.04436807893152724,-0.03474276776347788,0.24299296927025718,0.04747740537399108,0.45818310949224633,-0.08368795812931497,-0.005939191503222908,0.21523399257166917,0.020080159958166498,-0.15128905251296895,0.23481541835867722,-0.05030586978685747,0.07706437827549754,-0.02756149019149542,-0.15839318000009645,0.08957738132120836,-0.15653253299707756,-0.0784134285588639,-0.0514696447997487,0.024044863643374707,0.10325667819425623,-0.18649845225807252,-0.08648736545621766,-0.06758165847146665,0.01296288039738246,0.010085808381087654,0.032051040652997034,0.10810211842814897,-0.18329836049777937,-0.020360923408995122,-0.0405874294053828,0.0790108721992983,-0.01639108909980707,0.04908518543150399,-0.10158232831373658,-0.05967330155143553,-0.28632854603568214,-0.09141875350061113,-0.08805971199761782,-0.04961014398626311,0.10845557152006412,-0.17893066081154874,-0.12906094143117747,0.21391537680105885,0.19320614726708135,-0.040634085864117556,-0.011979444366587762,-0.10910410676166421,-0.24003063329752183,-0.17200100769771848,0.04223388884641858,0.011585736028126225,0.18569575476809835,0.1627594590240729,-0.1045149617369285,0.03333701964075629,0.2446683109893873,-0.10830066956379324,0.04856441244730083,-0.26237685186464,-0.031118485081964308,0.021297517467762945,0.0238080484076684
2003-06-06,0.4184918453771994,0.47952120266279613,-0.10240878607687234,-0.022520019293179653,0.46761080635543306,-0.19788383157338835,-0.06871531567215523,0.26786796485015635,0.2893812045658489,-0.08060119680661332,-0.07428738708007736,0.08076943464179383,-0.10178334871931115,-0.08285627711656032,0.04275316517144377,-0.003337856331380073,0.08885642726279,-0.3147459573522695,-0.042924217427262344,-0.05678549513518397,-0.3317914090299846,-0.05636337437604922,-0.1293613080712733,0.039644074106588496,-0.13907014738243417,0.015836289632980484,-0.04230420050022445,-0.1476905330243794,0.0864048734750145,-0.10611374355113658,0.08314248225840007,-0.017914636359606047,-0.049704982826914275,-0.07766600354573304,0.15905043475169559,-0.07710483099686415,-0.14553156994662436,-0.06138251573748461,-0.04494718929467434,0.3016303996574642,0.1444087957276828,0.5280218764898607,-0.0836879694941108,-0.04943019983103155,0.14565404215575023,0.0135469931958768,-0.10210889263910432,-0.06095010596356091,-0.05225973432431722,0.008697438279251948,0.007262272781397151,-0.10454104641907962,0.15525614348299405,-0.10859220562744727,-0.03546874060712588,0.033457203573965096,0.20053820548539839,0.26576269744742576,-0.2812400764827364,-0.2247287520619143,-0.042340685792307146,-0.03421211292241289,0.1234981705829644,-0.09707865021245968,0.256070808506139,-0.22505350000542965,0.005322623121737095,0.055724464665516,0.14415749000139672,0.02479363146598463,-0.004288271074661771,-0.1384100450666415,0.1549145987231345,-0.275636038555505,-0.07058223791412505,-0.05903855523905418,0.01093913804138929,0.029883166376645634,-0.1816951182568798,-0.10575848522555428,0.15673282662549481,0.1395905054051138,-0.05117980434933015,0.07218331913197606,-0.09526189175539268,-0.11480694154839026,-0.22473673792732676,0.14361300843382382,0.057864714749626726,0.22501619899877415,0.14355201794360234,-0.037199624568370386,-0.004246537396551207,0.20963848479001712,-0.12595944047341254,-0.1124854349908224,-0.1487992920986345,-0.013743393019932564,-0.12796497173827576,-0.018301060301426805
2003-06-09,0.25798048166531046,0.4585659748589877,-0.009165171306236758,0.0788582712434472,0.23820384872873251,-0.20030607423697763,-0.03869969826180365,0.2319328794652835,0.1377330739924246,0.07736337408949291,-0.0809634649000009,-0.01197803268878805,-0.201544494522461,-0.23684220812598777,0.06889881177962283,0.004745173959496128,-0.012142462411651308,0.11130820014715158,-0.07421588615928358,-0.19921371504698823,-0.14135404791323056,-0.12265602152168158,-0.24143336369153703,0.07815546013639772,-0.19799370621528845,-0.02721350302798393,-0.01581532222705258,-0.0757483131829196,0.10150250756595522,-0.0797944303374387,-0.22962978945151105,-0.012111648975034502,-0.09394022614977836,0.003842663666857949,0.413489072998095,0.10532017710056772,-0.05818232782968121,-0.006321754494577609,0.1297522108790663,0.1317410653395912,0.04708706175108564,0.5366972204503475,-0.11903434839638763,-0.005063470327359127,-0.0014588422930942298,-0.036157995518811485,-0.06295528288492636,-0.20033567551146053,0.0016603000765434625,-0.15723449292029926,-0.05299678649059701,-0.03834890850761531,0.014526151460281644,0.055388547375273114,-0.020867511909666372,0.2000293035201109,0.18884557676732755,0.09464990815415801,-0.324015062079801,-0.1769114663467573,-0.055818138688354224,-0.049675313464866575,0.1625233930570324,0.07047118301056528,0.2727954025796782,-0.04643291873348563,-0.11508598461395181,0.16719136896825873,-0.009167697832232724,-0.030804610401212726,0.06913454825035892,-0.03744294157479049,-0.03296963302489861,-0.06173125342631213,-0.13842018760959082,-0.07175502119127569,0.016723839112477927,-0.06817192014908507,-0.0663932622546605,-0.020000057161088932,0.2137552685608424,0.03390884786740032,0.08301133780060176,-0.12822597976239145,0.06563342239706837,-0.14529664422865418,-0.0723097433902778,0.07773916976541216,0.06871781510950828,0.10682167252577283,0.12581426540475282,-0.055533457122050496,-0.019992911686185433,0.18477610692832677,-0.23272193014276177,-0.12685929499348922,-0.12129139945203274,-0.04904097124865897,0.04383027884348199,0.038221909748013205
2003-06-10,0.3463889723271392,0.3881009360187748,-0.0673949273267375,0.13295842923572487,0.17626313622078202,-0.15289153049452947,0.015829485137373873,-0.0006924509869107521,0.12097274008837172,-0.08255271322530297,0.05007222257226553,0.00962181231661566,-0.06060917207082341,-0.27785204088437504,-0.07089405205970871,0.12638346298417188,-0.09978515559908309,0.005186601353606157,-0.10004646522876585,0.05610290196428655,-0.16234076074478992,-0.11203542376712368,-0.2026779202532044,0.043129091839702316,-0.08468470805484349,0.055430403417115734,0.020724933505901804,0.021400451364344802,0.06531033140388456,-0.11090352083551351,-0.15404933429809098,-0.019412412989136627,-0.003333929475094412,-0.02567880925178463,0.40456629779889736,0.13693924681680564,-0.12562214945614733,-0.08413884439277072,0.19268413644396287,0.19627150232690113,0.14623851832751106,0.21120778577442711,-0.08456551355097361,-0.14507362280219993,-0.1006946557211936,-0.1644176587000407,-0.06440113079597266,-0.04732083203281599,-0.05390671383019902,-0.12449390659079725,0.04762193743985007,-0.06636181314832931,-0.08344144617757769,0.1654643557736912,-0.04621265290966238,0.10020093512205161,0.22044417318564996,0.002387395320434777,-0.45420197789113886,-0.23821373777690077,-0.05554969623464985,0.07792213168029218,0.05290753766754972,0.13810075820923237,0.2291416706229398,0.013185380865328505,0.13392490318458425,0.14183189881520095,-0.02940239773168439,-0.022859541501037684,0.09762948115294694,-0.023629451569553653,-0.1275137804768997,0.028436916693564216,-0.12991940800361873,-0.03201663833975013,0.10227070343788239,-0.1104695867508657,-0.06019019661108325,-0.158417773378808,0.25558253896291977,-0.02584709088398847,0.11048966956600667,-0.04749843239692015,0.005715377345487382,0.036811967874674584,-0.09683828269261388,-0.013304586652340274,0.03397595335548678,0.1983040185133468,0.18126186479455517,-0.06673376034335969,-0.13566378652324448,0.2446794966653047,-0.1049586121545639,-0.07103262135487792,-0.12129140058647715,-0.07012676799451985,-0.06500178370479669,-0.02577608277688272
2003-06-11,0.18437994325145696,0.17361186054359176,-0.06087538243912764,0.04675602152486114,0.16221567668337245,-0.0825863988901617,-0.05269782037810978,-0.08350523810778575,0.0967046166500424,-0.10241394722681353,0.07566640921206799,0.01711816381192865,-0.04588889834781008,-0.30476881216903956,-0.09304170455950726,0.15533234782074454,-0.02966968060220399,0.15173835469107774,-0.07355097613402348,-0.03767138360980577,-0.2592922629854351,0.037970354872280516,-0.022963652832824734,0.043045804211657254,-0.10525491721311976,0.013275577878435581,0.03654108703112659,-0.04442605171164364,0.02680120419167883,-0.016227151357391268,-0.20266402494132227,0.06263228382201187,-0.027425268130691082,0.000456638381143332,0.3613727950906339,0.036540390705956896,-0.13356712202810242,-0.07785160163123782,0.19268413000094672,0.1355147620364554,0.1500047961976818,0.2772569886871568,0.007784245758264707,-0.044807505614487396,0.0035880500939111056,-0.04819254987246267,0.12136408912825881,-0.13416545589970416,-0.019220065412888475,-0.07044777338685668,-0.09163403293704134,-0.040253241039632355,-0.03772898893840569,0.0723720997193643,-0.026506284828217975,0.08570500491261866,0.123493319574663,0.012160621010384847,-0.336051036197737,-0.20247834921632923,-0.23572744204618024,-0.09919779007886385,0.050593026424559394,0.1847447063650932,0.18361859830104724,-0.07824788833171041,0.15873471594023025,-0.0993495683393001,-0.029402403360888733,-0.08985481285656902,-0.0434106247169357,-0.09975214741744237,0.046730867942761475,-0.12097726056055119,-0.09832825613111153,0.006527139736040916,0.18835144779329008,-0.17898144606396924,-0.11653816299610327,-0.11671922548452707,0.15275587635929236,0.0765372440636613,0.13960660879589395,-0.09384025406656643,0.07125645522069533,-0.0900041177307279,0.027257610781528857,-0.09402712889887006,0.16422215528298179,0.20040608857617653,0.14664843375440972,-0.13410702358364424,0.04497828661454833,0.12674906573987413,0.07488789599375587,-0.13703499388302387,-0.022420995186540504,-0.09076285267842528,-0.003727678585931581,0.020383366918434922
2003-06-12,0.12950420858416403,0.11149152588595974,-0.029653157676268773,0.0706857219872675,0.06591716565017426,0.021488927547297327,-0.1238130435571311,0.06295661452443486,-0.0683733208550754,-0.11472759831804398,0.18079097905624497,-0.10114181595316937,0.005734371135508644,-0.2587698103702328,-0.14422000663499177,0.0858212169184039,-0.13191225071606952,0.19816292144881403,0.025983830284610564,-0.05613560501310915,-0.2217932455841352,0.156280242285276,0.03575660350122078,-0.0020328317616231505,-0.14402237979961505,-0.006021450640931346,0.013130128406754196,-0.0227545526621026,0.03687795452594018,-0.026566126347132006,-0.09328772806556561,0.004947162734923322,-0.022575938399419338,-0.12857472755549587,0.2981925412152384,0.03762190128167055,-0.11489528689604783,-0.059659989758430836,-0.07528568968472846,0.10352605665638173,0.2383010354018741,0.035481903342300274,-0.003885258220416909,0.1215442930534734,-0.18491239103582802,-0.10032692475458205,0.06137705935305423,-0.04682886308107757,-0.02990534822085274,-0.19798943548712447,-0.06827824768963925,0.015892295352815947,0.024903939245833145,0.17810479013281436,-0.020633491239832817,0.06743048038308681,0.14000181705148365,-0.05433056390536154,-0.39120412836195984,-0.26804061671666113,-0.006873347915979682,-0.028016996873197433,0.042207733653180465,0.3848941124635654,0.14844355158257644,0.03503172500891273,0.1593333914422973,-0.09934957045316797,-0.13928498423214392,-0.03774910039016335,-0.0553549781430544,-0.07102409291256268,0.06239440328357166,0.00899757794935722,-0.0972294541878166,-0.06860690888661138,0.25980182370980415,-0.14864941539748633,-0.1571408976587241,0.03034312072528587,0.2567528975077331,0.012725643812441685,0.13960659571711723,0.016218886814831905,0.1538463758434507,0.032774738377203655,-0.07084575398778585,-0.057920019788179,-0.05852843031216369,0.2848270741715347,0.14480341372304012,-0.1577983903174469,0.061427307051193945,0.14062591662945073,0.05624199149051613,-0.12920853337447286,0.061909516095404876,-0.09580698694861355,-0.12164113735268096,-0.04589623605197589
2003-06-13,0.07013805368617716,0.07876937023728668,-0.006398874290436497,0.04168818724475785,0.06906992342923296,-0.008771297721411218,-0.1238130540625057,-0.054172547472785694,-0.03992586930822262,-0.09944037353333407,0.11177917024429947,-0.16001835918580662,-0.17461891172344382,-0.25145346857050827,-0.015216026799397826,0.14125968891435864,-0.07322879113634953,0.11033695990029797,0.15885502589058745,-0.1800995016601922,-0.15948731982905648,0.14236641132661024,-0.054822757044934646,-0.05874674016586248,-0.2495216105056143,-0.006021457560316052,-0.012643846685287228,0.010590275037567314,0.04292960396757033,-0.03371159758913551,-0.030800097523651978,0.00840255835587281,-0.04898766758529537,-0.0750054919984528,0.24970332317753033,0.14161175534962298,-0.12917734538542633,-0.045713495797793414,-0.1346418232844224,0.05222068294683408,0.2583656266751973,0.19553902411986068,0.08134367800652116,0.0986423034909484,-0.020096596138344462,-0.09021687375882134,-0.03513015409992846,-0.017566639541751836,-0.0446792145133928,-0.24010741711809622,0.04358603971235893,0.041218482964017984,-0.010313714576764818,0.0940239935037454,-0.037946186680714575,0.09489811342954087,0.3189236791246905,-0.024831916566614036,-0.3079448822928865,-0.26311178346555514,0.05042339561553521,0.07454100765094064,0.09924116817569419,0.07400106327823754,0.08195271428293047,-0.019178831109564518,0.16224504466220802,-0.12064707794458898,0.13756133002009385,-0.07646763127773365,-0.21143578993567527,-0.010055303285742377,-0.0036693810941031244,0.15931179489241257,-0.03544558388165482,-0.09728989576487157,0.16391788373660365,-0.08042499166908236,-0.09109319377562297,-0.10148699247856018,0.2320560882787279,-0.10066125716464246,0.14352715819382617,-0.00012058624396175053,0.14474296692378844,0.027944026404968906,-0.07599852952245117,0.028340611927958396,0.04234715575387604,0.160724533235739,0.10127940834149142,-0.1577983947757048,0.06239484870206686,0.1451082685675416,0.22732408651143465,-0.07268272599618196,0.028971118772122547,-0.09274947605248895,-0.16073465849618876,0.024646700016505572
2003-06-16,0.029821389214046,0.022402838196174092,-0.01951251039731263,-0.025108175383872118,0.0646588702910615,-0.06535329572341649,-0.08610262437140374,-0.08238673705638101,-0.10344220282100941,-0.3759120357952952,0.16639203912397327,-0.07344714044968105,-0.12059825108485786,-0.16529799665565212,-0.05297178641054994,0.043384404392599926,-0.14818810481901656,0.09698553180762952,0.177556887057537,-0.24872803995818143,-0.08793257798550135,0.19773368387088322,-0.025010584444402177,-0.08314418647171617,-0.25904534937189133,-0.038461605444786114,-0.04098115103768933,0.18111321388391147,0.02213545360298125,-0.017644991581524556,-0.07088172686360347,0.003392419909717232,-0.04497248003276154,-0.20401984967019082,0.20979343547950788,0.08425349501948595,-0.14306843734724928,-0.024709279852358896,-0.22349494237378842,0.1384267885853811,0.1526251988207329,0.11656427938309137,0.0907177955117444,0.15274945472357981,-0.04284999564492855,-0.05613704700254598,-0.00954676447139933,-0.04470623990550762,-0.019803820950808307,-0.09279393554904959,0.023453342241191836,0.022963285220024197,0.09312623302147123,0.04595869676977066,-0.02959346190643404,0.09489811348552633,0.1966574626780646,-0.21637970782589233,-0.2068705833042688,-0.17954779326241932,0.014383421908589803,-0.01346015032915975,0.10484311009888728,0.0742404628581058,0.0489448201164329,0.034139887792178664,0.07606128479477232,0.0021397028695364535,0.03670021732502428,-0.02958797732779137,-0.18482686585207003,0.0552973081699156,0.01580917237647106,0.06702895849499561,0.040160206673256295,-0.13067779234011054,0.16659025686990536,-0.03744204275792336,-0.028264821411721947,-0.05475822809920325,0.25866628292510135,0.09422677960779852,0.08513318475493155,0.02469164141064713,0.0147871997620004,0.027944025318225953,-0.02381521396048243,0.06882712634555074,0.1601381123786487,0.06438299951763451,0.10508700006190119,-0.12124430446312581,0.10588299601287138,0.09641063928557915,0.39418703763975727,-0.12934238143946183,0.1852552418654424,-0.11100318403195295,-0.05190778869407296,0.0036640637150340155
2003-06-17,-0.012673409815996128,-0.005396784874289926,-0.060722037383597355,-0.1060164788705116,0.09901374128253951,0.12573370709208898,0.07081352471904188,0.11792306228407227,-0.08460810630273805,-0.26289919724946526,0.17381026784244347,-0.28097008163526915,-0.04263984880449713,-0.016214907927264707,-0.14190028352018355,-0.02563615915811274,-0.15941875923516427,0.0829154458680559,0.11273213153850878,-0.11463410267711728,-0.06633694594083407,0.02923287188073472,-0.045548869501202766,-0.05592124353200116,-0.3140189903102409,-0.10049635630669475,0.04371915049729322,0.1834233659469865,0.09909913700051672,-0.052572187689844715,-0.10885102378703115,0.006162363406971423,-0.1138410445619448,-0.10004002873179622,0.08316194018745661,0.028521936335908746,-0.15646943936054772,-0.0032249300146656714,-0.3008304379379037,0.02370072160774704,0.11994771764506394,0.1946849608434664,-0.04178195338729888,0.010384111725811175,-0.08394410534767127,-0.0011232429783007154,-0.024564024238153282,0.07878530757045786,-0.1542275125946212,-0.11206723750366072,0.028845860251242382,-0.07270139152394198,0.19655845255360532,0.16947592024473407,-0.015976887396935154,0.05122471077579734,0.3650901003626778,-0.2121988342288455,-0.2471275008825807,-0.17183334258235294,0.034280644149915766,0.10001303808837075,0.12024018507143674,-0.09135000969963555,0.0499296680383408,0.15028762514822144,-0.16845987512647714,0.04111869850501939,0.053188745812505545,0.003906253200980673,-0.18482687965173114,0.11754695998826502,0.010333947391597266,0.1180375680788138,-0.15731068842074608,-0.14014570454711736,0.19761191372468861,0.1240666545745806,-0.022992121471398768,0.10653726605438492,0.1647925040337983,0.24833696417986542,0.10886247773153407,0.11556242525881674,-0.08424686696697688,0.06614143928840381,-0.22473176198259845,0.07749349614643779,0.13865918899342614,0.14941374840624566,0.08897612805070373,-0.03457327118092236,0.026565428265103785,0.06693610061810255,0.4132714722559605,-0.08414895992083572,0.3760044367872246,-0.09488868690994454,-0.13840022204736602,-0.0164480082788607
2003-06-18,0.08620954363082826,-0.08049654816446809,-0.0006291246210863045,-0.09551256619500131,0.16595713037679155,0.19230555125871304,-0.01997714214316653,0.1762955624809712,0.1482865609818903,0.03237968821220689,0.30533401274418703,-0.15025032987249332,-0.05985571083764852,0.03829323549171075,-0.2485956102714562,-0.1132813536770001,-0.172710784403902,0.06995428781493994,0.08709909814243366,-0.09237473910505457,-0.0017141832484841918,-0.1887948229846723,-0.08255319268201565,0.10464409008204047,-0.07459285875325658,-0.11372819709174985,-0.017670528716898438,0.09352011005367701,0.031915019840748515,-0.186870344140543,-0.07663591283225243,-0.03310191882803594,-0.026031378834752837,-0.007079016398636922,0.023330196722583393,0.01659739534986924,-0.11800047339497785,-0.20524547401964144,-0.2786610413851993,0.25496364081582623,0.15983811139493073,0.17157928383617876,0.058281863204391264,0.010384099889144844,-0.18001622274356485,-0.07459097266630295,-0.001742686957295606,0.08621519310214237,-0.07859530265221126,-0.15339419877778285,-0.03235986396289471,-0.18812387169949035,0.2833573858669199,0.16498472336910835,0.00869783222947501,-0.06519557347258623,0.08456140137248372,-0.09919874303525085,-0.06805490568206582,-0.15305818827479412,0.01628431353548891,0.15787938635427307,0.02648615002544144,-0.18345287656883727,0.02962532125626646,0.021300072907937624,-0.06641413539224923,-0.016174635753296876,0.10395292172050978,0.07734952226976628,-0.20178392654133115,-0.05311989437724271,0.018327913622728002,-0.05023490188213448,-0.12212051606165239,-0.2000112816470166,0.2041113596004953,0.0657392831430593,-0.013720869417221913,0.05758066874960503,0.2353421174143777,0.2178216247715459,0.014277823677438805,0.20317596730715906,-0.06486359722830404,0.01728837208041618,-0.21263169051603825,0.09333819446585052,0.025994167900558605,-0.08108278755644964,0.09110651413007315,-0.19524705412992402,0.23366376153069338,0.0963665525830305,0.35259418175533114,-0.03892574197444966,0.33320741834632417,-0.05828943981249294,-0.09922846796996825,0.04231691182004387
2003-06-19,0.0015062527689943255,-0.00822956017682689,0.015384666798377987,0.029775926528273093,0.08396222398126793,0.2357377121398558,-0.16213658532289382,0.025977165069242712,0.13244910215504035,0.15676884560921003,0.129196260917409,-0.15025033792142445,0.13091462298742473,0.1208871592460987,-0.13905173601740276,0.08239567575521171,-0.01757010923238186,0.08362157994761785,-0.2460273034292021,0.008650897366944153,-0.08216173867802637,-0.27681872736305085,-0.18371527995142417,0.11668252974430174,-0.16704773497868852,-0.07148730462400577,-0.06061694267980144,0.10165601284266701,0.03191356279459318,-0.21584719291464974,-0.011374743509394047,-0.05279511461728913,-0.11447663269973923,-0.13542816847753072,-0.10545121562449988,0.16455505834322742,-0.1770542038344571,-0.22172011353859128,-0.12148586838420866,0.10955480937972636,0.07488572857984038,0.23344792481283327,-0.024657146800755095,-0.04045160977901066,-0.2037332577546324,-0.058800856017022236,0.06622041902734085,-0.16050739170782885,-0.21340784803457555,-0.03246850831332279,-0.043209942458352496,-0.17181297652469088,0.09648396732184214,-0.2599560137077337,-0.011456347475736695,0.2157363852474864,0.25386628603027533,-0.10141966596575107,-0.13984243863559828,-0.12966597658974752,0.21003697506969848,-0.04875374053654763,-0.00488423347020301,0.017306187229335405,0.1028659625864675,0.033865163708422394,-0.13384203313346457,0.01337736872707997,0.19799362811389554,0.14241137064408899,0.06509874706147635,-0.09665764841034367,0.07325672746721104,0.07829044498466603,0.06553172674895558,-0.23894418698108452,0.20411135389622148,-0.033628811921717565,-0.04654626595577821,0.06293895100380674,0.205972220422552,0.21782162448118278,-0.12565544870199133,0.07579510597800199,-0.019881663238601903,0.08387581251795542,-0.08406947959088065,0.05233084382641246,0.07248444025620797,0.09890726201337931,0.10841080693320895,-0.2524854834533337,0.15548369562227188,0.06831382069954296,0.3284335276067829,-0.03314960942780226,0.3526105766866125,-0.045747694650952325,-0.07578788389476872,-0.1049206530492671
2003-06-20,-0.12961121702573944,-0.11616544435880263,0.004916149174684578,0.06247892418275299,0.08579346388701876,0.1459318487247087,-0.16213659525293153,0.194456410297643,0.07631881709378943,0.1413490306295731,0.02436802181457935,0.10905680074012264,0.12876335906331957,0.14808471697646325,-0.02126262404275387,-0.0514513795078437,0.1366895547600339,0.2557023886464636,-0.14868262742020366,0.1734175092966797,-0.09295153876902218,-0.3025528188888091,-0.10812116474803528,0.06799822450061911,-0.20446432719992194,-0.06649329146262024,-0.13619626316274297,0.1675195071029695,0.0098941940458045,-0.28422479346875873,-0.22991197812945727,-0.0009937431798548735,-0.035010103295451456,-0.046937214586000704,-0.043514784386167286,0.11075776313790167,-0.1727563789918107,-0.27496356501558583,-0.13550162689331982,0.15600447364476297,-0.02497876619067408,0.1930809582758013,-0.07483596538825774,-0.08577777776097642,-0.11632544720320992,-0.1328792852452949,0.1510716922770926,-0.12458685926172168,-0.23662839226639468,0.12198946991808828,0.11590309188654727,-0.16043381182714364,0.053083080273337975,-0.4301512208390829,-0.04558445990374597,0.437056066624872,0.258199963004425,-0.20255301031513614,-0.09447816782358769,0.01604970300653198,0.05810695647592851,-0.06671895821693673,0.049168735479907195,0.11831325764300846,0.003841086876823275,0.2008940365016381,-0.0413777026127947,0.03847701300723287,0.14494997806132962,0.21734218079941836,0.10372278728603772,-0.10896760779841265,0.010363391839779655,-0.0023517082239811263,0.06115739905077089,-0.3132317343868462,0.11341357235914429,-0.17194932143190458,-0.07625403117810925,0.18227751283038002,0.06208132306875272,0.18895362778860322,-0.1873668267551084,0.0021991240699438717,0.08653963338431396,-0.026505514759921956,-0.09157898941475384,0.03685311181144481,-0.016014520391683117,0.07492473109869413,0.07240957833635198,0.02723409638235026,0.2083995353503021,0.23532837862950015,-0.03632986809886252,-0.07383268291446181,0.18003288569601497,-0.05583716324942333,-0.11696819469716847,-0.08831824616456363
2003-06-23,-0.05151740191881055,-0.257856690107701,-0.026197644401332033,0.09616192768073527,0.07756457459970763,0.24844506614972645,-0.18968992216174352,0.15715963130135252,0.05372554973530707,0.0465195404839859,-0.014080104378206598,0.1118915696497708,0.04144785271781111,0.11385708895416503,-0.11156795723008822,0.0016710106080643282,0.1043449919883009,0.07103573127369418,-0.038060842542494415,0.09086634177142205,0.01643604360830579,-0.16643786470469304,-0.05340594864533078,0.11098458451582369,-0.12714014934499498,-0.13179060644095286,0.1091424551118248,0.1428450058415246,0.07931312845162623,-0.2882812310500062,-0.18339637048002247,-0.0026637322114633818,-0.23757595300506135,-0.11098204042442775,-0.07400208998573111,0.06778067461511368,-0.1853213396154179,-0.24819153658916368,-0.1249825190626495,0.2877970352731112,0.022120435635587736,0.16615924789480804,-0.12057381736027192,-0.11847039989157453,0.20158569461685677,-0.0019818839155397307,0.1645069130773066,0.08465678314889069,-0.127185176069838,-0.037241618149468456,-0.06990876955681671,0.15446462494666913,-0.0016692133191260376,-0.20219523750960544,-0.022720767309968457,0.4750161261588284,0.2231753372408176,-0.34792080912618895,-0.13150151514552694,-0.2474290971675434,0.1259647189605799,-0.1274078725345904,0.14718400917634689,0.2636757190167941,0.07126305090170444,0.4220286424121555,-0.07522647682854468,0.06918475236681954,0.011482052127814061,0.006443413214168774,-0.12216128809866804,-0.08641135917221837,-0.1384293623002062,-0.002518047348440416,-0.1106289407972553,-0.047403604398815996,0.03534692392871306,-0.10751157265437292,-0.07846594510744552,-0.07565221963592567,0.016514724515631952,-0.02724947334957194,-0.1279456741718584,0.15829920844901227,0.11208905750998503,-0.10471079612070376,-0.09028804480315503,0.04626182271505556,0.010891985805181734,0.07492471829663845,0.1299821248593105,-0.2755636809670544,0.2578973336341159,0.18716104048040275,0.22944133659588206,-0.19419081684681944,0.10014741402201885,0.02815672354745778,0.1366185336562462,0.07041695604660876
2003-06-24,-0.07402428937127178,-0.16134029735502003,-0.047912123418162235,-0.04783692682766186,0.11285229816698025,0.0992014882622592,-0.09937305721032356,0.01398426645975953,-0.10894662220404076,0.02017609666810283,-0.10141172978129559,-0.08379283127766501,0.06545966708096107,-0.006833266396409219,0.037878252429164046,0.07329084628314717,0.07229360753625544,-0.15272707570417196,-0.14060509617845496,-0.19513923779442555,-0.22219083982093557,-0.05233536655522168,0.030584455011046282,0.09203279417787183,-0.1505305356620513,-0.0994751060369207,0.11307334110372784,0.2238872111070738,0.07802277818201993,-0.15487396341903695,-0.3563480386726108,-0.04239932275323225,-0.12566970796542415,0.06574809412788547,-0.1630972852665562,-0.1381440688229564,0.0849840364970138,-0.09021241699639465,-0.13992258150774284,0.02138847263229968,0.03288565731695555,-0.005743199678800142,0.01221490548715654,-0.05947367027016159,0.16989092524543162,0.12256864701551119,-0.04896607854982745,0.1294957666077499,-0.1386369686100732,-0.09421145623848153,0.15922977288371107,0.15446459885721944,-0.005601748495117965,-0.15548322597763328,0.07712296538734643,0.6429073985722975,0.11380484482630804,-0.3943136655363695,-0.11899062034263459,-0.2420009917281016,0.024851136952970695,0.00014176989277922067,0.24037669639437403,0.13617873463419536,0.05205291470639159,0.29299870869872313,-0.12660277322626742,-0.10252828084927625,-0.08941473113739717,-0.04783842803551571,-0.12541544041362881,-0.11997208219173701,-0.026987024698543624,-0.18174057978751515,-0.061359321220491564,-0.04740361790469968,-0.1708513790021072,-0.06524631207805112,0.026573673242110237,0.03362919372087792,-0.025504621844973763,0.1399503453155686,-0.21815824848650367,0.1914809558943682,0.0005069650745510141,-0.012581638485208815,0.0017328408075492601,0.0561776249749703,0.3829390890263277,0.27799298982171555,0.08803491368516408,0.039061877341715415,0.4193998715752956,-0.09994459368686509,0.2252351353212126,-0.24026297530463225,0.40315511743363874,0.013083156203052646,-0.00808464729484673,0.12658419227254752
2003-06-25,-0.07402429889192191,-0.0001904943808584444,-0.038553003568078954,-0.21479401084077993,0.20451489649880855,-0.0072858304079149545,0.13961813501083237,0.19642661486684332,-0.18495860528802371,0.022492068554916263,0.031242958496548245,-0.15424713294421602,0.22449351061565323,-0.002990909018770718,-0.032789141249294135,-0.17128991267147445,0.02738849923171433,-0.24235514883167447,-0.09391365210146627,-0.10246331091961433,-0.12552096271022087,-0.018469337522298988,0.14971273964221804,0.22383894734159018,0.10224382536750444,-0.047259869908340184,0.04467589168501074,0.10137565832482653,0.06505207987122152,-0.10306681176363296,-0.2782581232521688,-0.06423600368304223,-0.23554845569776225,0.24087034061796977,-0.0669712290836869,-0.14579810730090167,-0.054453234807063204,-0.24221293801926977,-0.11242805377312512,0.07293276523157462,0.10267456706740524,-0.005743210741875603,0.012214905911800964,-0.09067124382944629,0.05879683911285777,0.17973918242667175,-0.11237180863266753,0.005831274297073234,-0.11923637095039505,-0.1538545143575136,-0.2442840029998704,0.03738729795259323,-0.11828542867175601,-0.10994971875787696,0.16755776934240482,0.4433318027646427,0.1538114049854,-0.059004859403426875,-0.21796316147510797,-0.25997347278415095,0.02485112751880238,0.14401994992886216,0.2310299813524934,0.04866773725655439,0.08840309076090701,0.11847189109900183,-0.0970608293512186,0.020998325247765973,-0.01533130186064844,0.05704199613694485,-0.12752018050425498,-0.048085040738354075,0.24909828768322215,-0.16169299791935313,-0.04540099387247498,-0.015846128739731048,-0.2593597167316196,-0.14321244341030967,0.011160827728286502,0.033629188308061185,0.07948192311552803,0.07962374168312887,-0.08396840279703474,0.12058255528814253,-0.000875940122649498,0.10354507906804214,-0.02656699874752966,0.05799877640083245,0.3347304130928409,0.2031593716598487,0.055039146665336325,0.014126269532356123,0.3640775342219626,-0.15272244499791696,0.17444072634635518,-0.20782188421265815,0.19306532098486012,0.023375889136347625,-0.04565496103551471,0.06830559992329238
2003-06-26,-0.1546642284790686,0.09553154908468779,0.11065085807517462,-0.0647257148881037,0.058206618757805154,-0.027285857770426986,-0.16287013449888188,0.08730737544938315,0.14044741496824323,0.22878225211005765,-0.05270633562763428,-0.11194071152467165,0.17477281778397324,0.10203746953888852,0.03578166623495271,0.009191781071249197,-0.029005787512918046,-0.14681313313843228,-0.04470299628385415,0.1513309074347169,0.1156582772454677,-0.21169337548343195,-0.017938965492284468,0.23205847842391425,-0.19133745449571785,-0.11708437980195546,0.08705841378364874,0.010308207259423923,0.031467536741837304,-0.021917362058539485,-0.2404946823120553,-0.013021622438986453,-0.07776128226256739,0.21712655025363115,0.030859004974189728,0.09301851815635051,0.06395837059878759,-0.21776890747530867,-0.09297236006340395,-0.19029510037978467,0.04658028219120375,0.0881381113021681,0.17979763406787816,-0.17585512752081395,0.22218158801218407,-0.017268133554474638,-0.22167532100466034,0.05463692366035459,-0.22555783307889124,-0.09425820939556233,-0.168841959345664,0.10322177834654404,-0.19419369293173946,-0.10994973277017271,0.060185490254683366,0.0714527186676638,0.0957747570997086,-0.0077920188648418695,-0.037907152703674826,-0.05249609028493347,0.02636501312473345,-0.09024014589029467,0.25719204004705554,-0.039695714486222396,0.13738234456438678,0.23802767561079663,-0.21243816576272925,0.12987743126087367,0.006375124361250169,0.0874616044610936,-0.1032327764406296,-0.04163646854651377,0.08045898469539901,-0.0818347260180336,-0.04627559401911176,-0.25269934698560564,-0.24116110157239676,0.12254639337155279,0.052013983591800456,0.1309192687532621,0.036562726562792774,-0.216927996323573,-0.05220463762922025,-0.12670825243799244,-0.0008759495183877457,0.021021316294613054,0.08994093890952397,0.07941593468412649,0.13335786051433057,0.3041804371613615,0.02297459933187342,-0.20594818735634812,0.4827637522583963,-0.008821408388561961,-0.19265670012425806,-0.21073040104701604,-0.0621859835761807,0.12480005236332194,-0.09449924424714291,0.10992948389851111
2003-06-27,-0.09458202948733488,-0.013810991213449156,-0.04914374137347979,-0.055326778081356214,0.17865371448921252,0.057955884099386186,-0.38118889932510147,-0.046176635957850286,0.24551437558692124,0.1925850396269104,-0.07456590666070577,-0.0550672463408902,0.1927593153886658,0.06280745585874654,0.07507700041139426,0.009191769675378039,-0.06839966853036197,-0.24363528259518988,-0.19026399295043717,0.21258242758418033,-0.13702125150809924,-0.177471290699433,0.02024086141454,0.004760686014857876,-0.0319834512141618,0.07263815812655611,0.24609155201950572,-0.029239711379392117,0.04898073380553372,-0.09347344600193566,-0.23341977841589787,0.013179785893524922,-0.11224425690121326,-0.022725708581885665,0.06799020893318054,0.07426148912258583,0.006987091870299521,-0.07943028899292902,0.001053538916230644,-0.1191952626141256,0.06253097364503778,-0.14079951039950173,0.044986343949679444,-0.15694637402960868,0.014605804613391189,-0.07988877290797913,0.03514224663439463,-0.24441013948354265,-0.21172969422231167,-0.0368568360922526,-0.2095836369563179,-0.015202087760496986,-0.12697174234208172,-0.0870071579929718,0.13639415382812506,0.11192579882756698,0.07747984342347494,0.0006003465300815949,0.14487154990105996,-0.04440702636847811,0.03882029148479245,-0.2126520760683948,0.21459687369825478,0.07823522969584924,0.21637882456070515,0.08388364556122747,0.07956319919606256,0.03475906246137781,-0.0329423948444404,0.19000263199863804,-0.0729511492998022,-0.04163648119156333,0.1442336138384483,0.130871060445697,0.04596218859762065,-0.21129114736840524,-0.10739872248125297,-0.008302167881735757,-0.09637417940400651,0.12324119165101802,0.06194422252828869,-0.0869979716696541,0.07888200709160695,-0.2768035777563537,-0.07320237500639715,-0.014983274553775183,0.02221696927385931,0.1927586766828977,0.26558190172599727,0.20018880893724328,0.014985230506028856,-0.15453713228279226,0.018727259144656824,0.05820081711852942,0.10451778515920736,-0.20432394324741035,0.10742816427643638,0.0376626442882614,0.036267288841561954,0.04908807573600222
2003-06-30,-0.12813700196521502,0.0587063237203274,-0.05735427928534656,-0.014835749361389842,0.11456508566672823,-0.0345498574273477,-0.24515004500859247,-0.018026210198524475,0.20826811247449487,0.04443850516655628,0.060467280686078304,0.10302565202168763,0.152810205335288,0.19564426500597626,-0.05132302693091346,-0.07107268683628194,-0.15589773639497412,-0.12357972042503998,-0.35795598335096934,0.1673026062680513,-0.13298544506361953,0.02825780625126737,0.06679536707795371,0.08457915146696084,-0.17180449135947293,0.020927214358029536,0.07943141226862696,-0.09604092007905736,0.11025833243708426,0.037559611073298936,-0.25003246315260774,0.061595308848457375,0.012596159161925424,-0.0872195250437925,-0.03541285606195035,-0.23147172483351344,0.24747193419121524,0.3495369180058308,-0.043505362320177446,0.05667516379662064,0.0002919623850790777,-0.045016032932685114,0.10508775493751668,-0.11271131242762908,-0.036114274767025174,-0.0960174726950041,-0.20452190532146186,-0.1479224427616954,-0.03815784349600911,0.02161925491574882,-0.11020957808475977,-0.09590516405489455,-0.0567689449391072,0.042481322054139,0.10708447653800078,0.18028145142637686,-0.02454399645337906,-0.33192282833773584,0.1631058337299888,0.020472075656621326,-0.03381191303619754,0.010717380583312678,0.15969897113560078,-0.004863703210007945,0.1773057547344681,0.0737618690682061,0.05851562942094172,-0.11576563769417611,-0.12512293821385437,0.13657591138432568,-0.08864531576580376,0.025631302245437648,0.033597477969173006,-0.08527505135416595,0.050054136615432974,-0.1372768978702043,-0.06093631451738657,0.13247945756148052,-0.06762760016913621,0.21709721050660288,0.14696204512691616,-0.1319254627466525,-0.07321350685890167,-0.23358220321325518,-0.21927257442835635,0.19686359302348855,-0.019633626193510303,0.1979399031981073,0.1528410864194833,0.030295889368453666,-0.006172221030315466,-0.057605267663133536,0.19739729554824445,0.021172472015434495,0.06857075645948549,-0.26423241019133026,0.14684711439598963,0.01922478324328718,0.1250803812817316,0.024843950009507867
2003-07-01,-0.213456032334366,-0.025470426935142017,-0.032227685644529845,-0.11957734888137934,0.11456507621313276,-0.16911062316830433,-0.2342088654604326,0.021568417390939735,0.09821437332699358,0.1280193247459208,-0.008027577347021666,-0.06297972762618433,-0.13551095565413318,-0.02900721099079223,-0.007872902784322518,-0.1424503332429558,-0.04578043252661262,0.061234065136761724,-0.20131468300975167,0.09192017892750645,0.08402329398493388,-0.06727739865608212,0.0318879075525964,-0.12357521262844362,-0.17601920160564538,-0.03912742683089789,0.11617282680747605,-0.11656640270650702,0.09086339718330333,0.22659462209201323,-0.14752893701911637,0.10365185455811483,-0.04484545086613115,0.19707875669796351,-0.06931733435137954,-0.09756501579129258,0.13308776081979326,0.19208240188049497,-0.10011309390079205,0.02011778747689371,0.060888214135716136,0.07657003808726301,-0.0829335123615336,0.008629323080388522,-0.05744300295589225,0.09827338081581836,-0.10553178433684222,-0.01707558868589592,-0.031323545544492806,-0.11027826137736318,-0.110209588776217,-0.11626410525925954,0.0255449187092593,0.11750048885410062,0.05106442884753025,0.2484436781230883,-0.08596166421557204,-0.008224768406003438,0.09968810714398849,-0.10189814338715177,-0.005689692383556046,-0.09604626005644577,0.2651463825076596,-0.12200600884204982,0.1865619370342081,0.03688002484807659,0.04342974056087038,-0.1450183717763061,-0.017105243223026596,-0.01883884861896575,-0.1597002753347742,0.1066677622475628,0.07614470218740983,0.02696560428909863,0.012812785881471235,-0.07514921445575146,-0.12126477824377602,0.12767580038009055,-0.025684327024832313,0.21709720239487051,0.15875944160427682,-0.4241738751357287,0.03953973824048914,-0.014983354748421999,0.010737436083112983,0.30856406533688185,-0.10484655296807005,0.07284046408907105,0.06046436185016471,-0.0699284960701607,-0.06459774518728713,-0.09325579447013715,0.31370523524244054,0.021172464969723345,0.018620462772888036,-0.21287918780094436,0.12246663007263421,-0.012260932638469044,-0.006438558640634836,0.07567875177567446
2003-07-02,-0.14573499853105443,0.01928255307589677,-0.05533634745966061,-0.05476150118189815,-0.06009409577450339,-0.3144418993721101,-0.5988501178462132,0.10573262282027876,-0.09289086367275669,-0.05935656663408682,-0.19454481501248597,-0.08314040577249879,-0.035957332078117854,-0.11942335278546357,0.19204182966198083,-0.30356163219339866,-0.09469389117237248,0.07221799678495083,-0.21587685140258894,0.2735473410456195,0.2697230229309633,-0.013979028722575343,0.11363251329519228,-0.08171847443614923,0.09422009172995564,-0.03896631306940353,-0.025014117972721468,-0.07392659120973293,0.1254976638676777,0.13101647913793596,-0.147173968886596,0.03954260022010078,-0.04848136668838245,0.010670805641415936,-0.05610240285683323,-0.08996107312757749,-0.03166988059415276,0.04420689968920123,-0.36485910720004133,0.09610223659203099,0.1453195354724746,0.10238449902664198,-0.03983883668786491,0.20451723180838002,-0.061313460580316455,-0.0806379883150101,-0.11692538521801159,-0.07048667558427885,0.01104960308323831,0.1381529775295266,0.032290554816187034,-0.16131419660476726,0.06272148943829865,0.1003979767503449,0.04890471036251262,0.24844366841914858,-0.11482002137554106,0.2723580108705698,0.09421717296759666,-0.27601752159474274,0.09665657380633054,-0.03740455318580698,0.14420240717058677,-0.21702710737925046,0.3226331762670233,-0.04214271456421606,0.33760949388558076,-0.07527827575573463,-0.0745258848529351,0.10029731216144065,-0.24252923392622247,0.06556289709256208,0.2605747711486081,0.27082265579188025,0.03588511524985839,-0.24512577058814036,-0.11806902577924613,-0.03497617580289165,-0.09447317491640002,0.16368703237901305,-3.8939869240768754e-05,-0.02751403008097258,-0.06030400187471768,0.09192319991160604,-0.03876758743576687,0.39526499176291147,-0.19359194496618734,-0.003981044237732493,-0.06296583841388018,0.06102109978552408,-0.10678477292325735,-0.08647870264088675,0.04983794276383806,0.06982659729016245,0.20563023618328527,-0.2021014620542509,0.0919960839419463,0.12175300493198757,-0.024244789666721858,0.058089870154892136
2003-07-03,-0.24381859018939328,-0.12628501033879797,-0.03286973188805279,0.09546424936862948,-0.0894814520517644,-0.4649096513383961,-0.27409712138048986,0.09988913673072237,0.10442320719412408,-0.017102750829141616,-0.07023698566574595,0.0132665216313637,-0.20619123701276673,-0.08467021313851361,0.28896193287916955,-0.11767681336177839,-0.02122274655730793,0.02408003696040788,-0.13747102713166767,0.19353199042341312,0.10670267411873931,0.03386359256067556,0.01939204038417637,-0.004385154232917806,0.13976938021882684,0.032996738116046406,0.010255556959123675,0.04344277122330075,0.12613603124711853,-0.11081588795564656,-0.150323984067188,0.1300086105326385,-0.09705700368320197,0.14945363483537222,0.05198723772930683,-0.07197195529052178,-0.024379837829248966,-0.08146474292342733,-0.10390397166717666,0.21808577507366517,0.17390701611164078,-0.2480966373464335,-0.039838845933218854,-0.14353550048025066,-0.2165661642868346,-0.4712930984154998,-0.07798802134658415,0.031989249848134775,0.001760364624841999,0.10129785716786603,0.08017456920313454,-0.2142661216257606,0.029366289575182475,0.274395938684467,-0.05400316919157795,0.14513979738271143,0.031069772645394653,0.008198501993490624,0.18912425190321583,-0.028071111092838,-0.045810287276972304,0.25655176362299076,-0.05683120483480877,-0.1579502747587013,0.09848576164494675,0.04627562508314134,0.31859069420825165,-0.1318018223489641,-0.08165104467434783,0.10407273230441941,-0.1851490095359592,0.08375747614889224,0.2072599730774384,0.17107396572709205,-0.05250611747753745,-0.2531317696595874,0.056424208429017145,-0.2664884853220651,-0.10884301958130818,0.3046369100912017,0.04555910098772073,-0.09235679914901282,-0.05909875934295977,-0.11299725862498822,0.06098443827288566,0.2307502020628337,0.005027610398602529,0.008673061060200079,0.47195803716692236,-0.08818892832232374,-0.04480573138287926,-0.117618070821673,0.0491937037911051,0.25095656211957834,0.25539535816935677,-0.1472855090922327,-0.015020685815415545,0.11931315930773803,0.0022010783102981504,0.022694222694533667
2003-07-07,-0.0981995533418732,-0.2952348964592651,-0.1052371086010609,-0.038767468411965815,-0.12160833375456641,-0.15728380656318225,-0.185529794841556,0.05553166306527868,0.07512715760270289,-0.002863612556467404,-0.05020271037768842,-0.04695998236849089,-0.11736624846531767,-0.07750792786340008,0.15517805863742257,0.01048418489594947,-0.11559600396748604,-0.10363692096629622,-0.037840627532539264,0.09640875246748079,0.10994722077976124,0.1359316194683784,-0.010850372533615982,0.09056806165558824,0.2952463722256052,0.07769625583542214,0.11347205442173866,0.14407309003866364,0.012090838544398463,-0.16414396468557088,-0.22914412375971677,0.06203231086840043,-0.08125281575218907,0.1438101478139771,-0.0925969335721866,-0.1876875803530794,0.08577532287049394,-0.060268453054081614,-0.12338413425396123,0.1133341965468483,0.11453983068097959,-0.20830981493672235,0.11444863366558998,-0.07405514320843083,-0.24798124836267615,-0.3816132154118583,0.028932798688503264,-0.15967676178028364,-0.09460532241771058,0.00912213258776109,0.08910870042266764,-0.199152837630473,0.0696089415673761,0.31905039667457696,0.006891176347946898,0.030118290699499325,0.026997298224305657,-0.012128658904834694,0.23979193643046404,0.022223659180622,0.11449259165621563,0.10108987854493261,0.13476717219924572,0.0003666359775079882,0.030680370226610392,0.07905955733348086,0.3998250002601189,0.06003149218582734,-0.0490049364171248,0.10349068387411241,-0.1403847262764861,-0.0010005178482280542,0.155562576381818,0.09405521024249697,-0.02324087974015647,-0.0917921861734258,0.023806027355199297,-0.2359386029369954,-0.020745043973556643,0.19976873964404648,-0.029961092038315467,0.022536890494225272,-0.01122747847450579,-0.17803205852771548,0.16496767344509802,0.2522102860905566,0.032903854775503796,-0.22689172812370575,0.24054245574535796,0.05394004962280237,-0.07653461777989017,0.020285428009653064,-0.022252734700037326,0.07696984897189657,-0.06396305161067618,-0.23237726791295213,0.10076635694643483,0.06191282425157108,-0.008739382224245987,-0.02501901250627166
2003-07-08,-0.1809344487348479,-0.5516709125513779,-0.15158811692182,-0.1327060458156933,-0.41522205808121243,0.014377556761632802,-0.238461921178842,0.3855530204483662,-0.22945136484040457,-0.05307017669461407,0.11090163774000128,-0.09055645392192213,0.009983849176826034,0.1870882605977821,0.1004946143440304,-0.19380693695552476,-0.058605433956424556,0.3168332899524623,0.20408191704204115,0.0669854542908638,0.38166920475434857,0.1575132903134777,0.0058473158116721016,0.010127038657230322,0.0638120836439391,-0.031801770339639636,0.1953011628855771,0.24535980460175486,0.01921209286062369,0.05263071951979433,-0.25621396782784195,0.04295821243114755,-0.2696053877299452,-0.08031364669352538,-0.08517858543424102,0.038099607614053975,0.04585741875681939,0.15195385034549558,-0.013107921468983473,-0.2885314682568357,0.054442827902417404,-0.2102795121239836,0.12575998661756127,-0.03802624232951632,-0.16157188555704877,-0.24871848217246156,-0.1953859828826126,-0.3468154699315247,-0.10847079241155615,0.06719599110287451,-0.08004023018691994,-0.2116288199852655,0.03103261367515919,0.16909424103896742,0.003078669405735704,0.22939142452134756,-0.147071257992476,-0.02635505700051915,0.09721022411247322,0.29404929327347884,0.05720493401005158,0.1041006084080019,0.026381594494135564,0.30990830388972196,-0.0824655595608369,0.0994122172308684,0.2950939972617626,0.06003246018038997,-0.22416690335263476,0.026133698934844865,-0.06566146270391415,0.11675202768848877,-0.19743330081515678,-0.002182765859275337,-0.12444701122307318,-0.052057756664147616,-0.06974170512141824,-0.2804719650394265,-0.058759322515482486,0.21710963685918117,0.09665581746615119,0.1049172820846355,-0.0395280993246441,-0.20721310748704913,-0.08737938706059084,0.2473115888118225,0.11409036841616473,-0.20255213967261496,0.39320572419505545,-0.05201137166860647,-0.07081651623712547,-0.0911924973310828,0.2553808277273518,0.16174059603450247,0.25619236052942607,-0.07199431687806998,0.1722913302994644,0.028634977294252326,0.0027770343252605995,0.012509083354936714
2003-07-09,-0.207819336447652,-0.49035285179416765,-0.22641147744484705,0.03207104977948613,-0.002551034574852391,0.02542907819144684,-0.2049933723579422,-0.11247413417554082,0.02189776317874911,-0.01995820260208304,-0.0594803971747629,-0.03457750610331034,0.2180652542113597,0.22201811386105755,0.07431106508000851,0.4786700861299722,0.032988740635089,0.40570406678328785,0.2040819127675639,-0.02234236504197605,0.0632383262240671,0.12858727678134696,-0.0013307113020959488,-0.173290829159215,0.16225277887753736,0.006184251348873038,0.11817933744334441,0.16348245676401174,0.13029190388588058,-0.02636493210774472,0.10048813460513056,0.10059502633503643,-0.31082757093076285,0.002131046694204173,-0.10778927376497292,-0.07466433624705883,-0.0806065554958326,0.15775673921361344,-0.01895318952164879,-0.045144184220816765,0.1521974001630295,-0.06757683428810585,0.06844290052998214,-0.01756197191485057,0.06748890650535169,-0.18354468567285603,-0.16810314227804912,-0.12685177422751476,-0.10830816108641023,0.199285743294062,0.05016186241017968,-0.17846936909336403,0.3558825794683553,-0.09808957873535235,-0.040665236139112076,-0.14809632983711907,-0.13551326684873366,-0.08236273381650236,0.12636246204034254,0.04145480630854389,-0.06612283453490723,0.18120997094981342,-0.14059567302949133,0.09990706652206954,-0.11747307554551994,0.16375793668217511,0.12105462589257189,-0.00603716075871701,-0.18987430057355797,0.15940413392336658,-0.16090025421817566,0.04990183306182755,0.08913416325501894,-0.09899200674226995,-0.07868191273213074,-0.07460020958245935,0.27095915423775135,-0.18043775426208622,-0.11421833799465665,-0.0006983701534028564,-0.07567302467312792,-0.01278941838464388,-0.1780226680424746,0.2919541278297456,-0.28258360088255474,0.01126798225987177,0.08294348213978454,-0.26210534967886023,0.16436254959642196,0.07738545781322587,0.030620824785068158,-0.33137195623994786,0.25538081986527195,0.1791312433151898,0.3044846174597273,-0.09362424417259968,0.007084717731101126,0.08314678119430632,-0.3143142266969579,-0.08071985663522423
2003-07-10,-0.22084376694281005,-0.2902030723377331,-0.13463237459357147,-0.12596587156994662,0.03705566022632804,0.0034907589971789883,-0.3688148659669902,0.0498542377929726,0.12431087844596198,-0.019958476168345906,-0.12068172278033532,-0.017320029931829503,-0.06246608553811422,0.07590063482345735,0.13888236786002886,-0.08859205393435529,0.16695248183891245,0.2679127626412199,0.16101917186086234,0.04592993611867787,0.008958475298224676,0.13368921891394572,-0.030165090346164065,-0.06679425168707663,-0.14565924880152423,-0.14047898010383802,0.17769652845055792,0.08277098751487168,0.13309186038472445,0.09294160326348927,0.05004276034479557,0.07896502393427056,-0.30238893354826746,0.029819935694250822,-0.08793447939701804,0.0015816723151170656,-0.08137879791435766,0.15744500768466455,0.002873486247748818,0.0167492245669573,-0.026864602498995898,0.23829437750404012,0.3628849798794081,0.200577871229535,0.15300591643239295,-0.09442372219477269,-0.07770253779483828,-0.18567449713514458,-0.13490404356874877,0.31308761868223756,-0.04054282111833477,0.057014170796734605,0.26206330519165794,-0.3041799825386379,0.007880052027696509,-0.0010227276875475432,-0.012833987645282041,0.01838971720329629,0.15060778556341964,0.10883388923232329,-0.11880963018506298,-0.09997586384903064,-0.033682089769812754,-0.12007776953724562,-0.1768695834573188,0.16255709176145008,0.17877528276223842,-0.1192975257627352,-0.04366814070432903,0.1371218706947376,-0.12352077185954781,0.020802193385785633,-0.0034352123726430137,-0.1073198040307498,0.05436915811073176,-0.06815972493606705,0.08999789927540396,-0.01091606984215546,-0.0820631207598526,-0.0614895405608352,-0.17442013277532936,0.12433906959404585,-0.060529488570304886,-0.0809003370024864,-0.10753881678801859,-0.223487642129375,0.13920702233446378,-0.20658718600573228,0.20374100948515345,-0.03433922363668456,-0.06372981801493247,-0.23014887401680048,0.25538080862190893,0.1068321666687646,0.1667833610515967,-0.2595632651937449,-0.0063437494649166,0.057403565317658584,0.1304074057135075,0.015654820769524173
2003-07-11,-0.13721620136458548,0.21185608202255818,-0.1271823805171244,-0.1704301762130077,0.08814211853065361,-0.007544652978715596,-0.1480320385122611,-0.4491529715958733,-0.06250850330984137,0.012022761185589098,-0.12969772574068766,0.10702127205599746,-0.047658903044968004,0.0804531366582702,0.22711363647422467,0.1451608884931518,0.04133881890738627,0.1366546215614666,-0.09476578842561678,0.01497345671407138,-0.05891810453537211,0.16212768386030557,-0.03042026773141454,-0.41352735223461473,-0.07177484774295922,-0.09075687109191022,0.053643354654524016,0.07935799752340696,0.11804728293915603,0.056178146991378776,0.09813623516897017,0.015521263607053203,-0.26727217570917594,-0.015396338481086798,-0.08430595988589626,0.10599604621136659,-0.1363316614612579,0.05537212098075583,0.06886385166292228,0.12541703592203637,0.11939119174738379,-0.0495966793604264,0.04628042167014246,0.29904268231935716,-0.08484480244331895,-0.118410526905215,-0.18461104432724096,-0.29301375325506135,-0.2383277492456986,0.27364884369162146,0.07094870712811376,-0.023728470614272027,0.14883095663225923,-0.21704317720197178,0.04101177801743247,0.08232998559503815,-0.10118152766866104,-0.06289141704881016,0.1507971156068443,-0.032367460636644536,0.0666680778754204,-0.034751310234358325,0.07819285074988339,-0.40731922393977815,-0.05950200093586671,0.14098282490946715,0.32088285228289337,-0.1394986797307817,-0.017760185119065835,0.2099948280806786,0.09824181923727336,0.06849389389136507,0.17206550922884367,0.11514931932816092,0.034124571283416914,-0.10357115865605705,-0.0001061527440530774,0.11197495361540491,-0.027077972723408256,-0.015334027753616072,-0.12613041762543561,0.0029164774401225684,-0.10225575332244154,0.19782388197664236,-0.3083761796172447,0.1268746688630924,-0.06987697969547241,0.09390955293494373,0.26128944737825005,-0.1188599643218774,-0.07237533583744314,-0.09026859082522702,0.009761589068788821,0.09788151779250968,0.3374330192308091,-0.2608971140166394,0.07491875013294799,0.030154357889705507,-0.08140845670059027,-0.043588508610923976
2003-07-14,-0.09207567989372921,-0.023659468047425105,-0.026771404565072873,-0.37471667922413804,0.14563755960612906,0.021871054801330413,-0.2955060898820238,0.04175981903520973,-0.16247947321838507,0.21545630172369656,-0.18782829048750943,0.28865646455924526,-0.1426103085335893,-0.0573231568896514,0.12110815345231667,-0.29005169163579003,0.05293552622927657,0.1047709343479856,-0.039751958698882685,-0.06993708319049192,0.06320154219316283,-0.07006832430463444,-0.04428067454973772,-0.37211692970208665,-0.06988159259085852,-0.07787751653439744,0.061950606958935714,0.09972570297770927,-0.09006716367637486,0.11773807294687787,-0.058802035282989676,-0.005259168032671338,-0.15975711305322082,0.08000716948289462,-0.0812830372000908,-0.0890541687540116,0.03526754020002577,-0.01743941180491623,0.06248313323918163,-0.10831773586746907,-0.11734599144749215,0.33482633741056317,0.07918076422629723,0.19208304975394744,-0.05675195617265004,-0.024837393094774157,-0.14341283153414766,-0.1639145383067972,-0.3607523874476591,0.5715649922813714,0.12201888047032627,-0.003976583983907957,0.08953835876916608,-0.3609813009675874,0.05518251100203104,0.16612810702713024,0.033477385919380834,0.012702098475966773,0.1896720038621847,0.1468616352701394,-0.08188647327505592,-0.1766292313850145,0.20785085507303883,-0.45995224458773404,-0.05920008012019688,0.0798732691000149,0.3571894945996657,-0.01983151352862965,0.11984468825665644,0.060747215544895254,-0.05109274396085123,0.00895935996788694,-0.03073771934003898,-0.10515883371254017,-0.02833359106235706,-0.01985624799348171,-0.22868961493878934,0.22357284849184475,0.028472154288669747,0.10557676143561537,-0.12247347745220459,0.2508490481840674,-0.18806203700221477,-0.039814156485489846,0.015063387825230022,0.1234592590640288,-0.14798811294197736,0.07171317001326573,0.15881021980847,-0.05893790804544526,-0.1612134196290775,0.11645899461448246,0.16568517024951843,-0.021868503643468908,0.3511584013794794,-0.3241770536919482,0.07192260017802672,0.020808780782165283,-0.011183178139198283,0.10910435290915871
2003-07-15,-0.08566266689560895,-0.12615731675052314,-0.07030072755346249,-0.43526509394203927,-0.22576810441762973,-0.25370736392162535,0.050286223601085714,-0.5383587120060769,-0.1113953306614199,0.07572046133582434,-0.13328288455854412,0.3134328122158851,-0.06846448421110585,-0.026135163726171144,0.2708588225764879,0.3089817386691781,-0.09077906549695242,0.018926790791958942,-0.16108561306405886,0.1264914857291634,-0.44299447655178453,0.05037102860836462,0.047388327752369425,-0.24425112170691332,0.017932965789951388,-0.026693031778408753,0.27496323351524254,0.15098914825449417,0.13118182124455333,0.08258536250888096,0.022179648063670232,0.029664526940524436,-0.3464958952867037,0.007462012938502755,0.05539405768473861,-0.06726714315323887,-0.10224866990899693,0.03359227424245034,0.22359058355565375,-0.2845642537602915,-0.13371129188417327,0.13267387900502275,0.0791807563658589,0.0761254313938996,-0.031744003231975675,-0.037310445712084445,-0.23928840919221167,-0.21751408980706025,-0.13668105512794768,0.5301122881400228,-0.050222051138238646,-0.12045441518262212,-0.02995957477111007,-0.05689730720178999,0.05476735974381552,0.2596707443099856,-0.05734825682538713,-0.3445376843105386,0.07667143892556506,0.1842920669898054,-0.04208094248419859,-0.5066663545836116,0.1731407439057984,0.03138081965185492,-0.25822290019232563,-0.054955085197032814,0.33288133494965,0.12176166582258592,0.23043184125018729,0.012890028915171634,0.2465867105778323,-0.14447263380168404,0.11709481339148077,-0.1302923958854987,-0.07399308675851422,0.019939190372861224,-0.06334314098453048,-0.058620550841046906,-0.024932211179894324,0.24743194871460525,-0.23345727659020427,0.5338851072965948,-0.17594627152411071,0.17764392791483202,-0.16890984021624722,0.2890785204949718,0.09240315108282107,-0.07850984151200831,0.1021306891673292,-0.018332810479577574,0.01884592007519508,0.18310868883195863,0.05865269650537375,0.04830918030781624,0.11393102189518757,-0.10145512726382429,0.23490207868246898,-0.06549795779660966,0.20390305371667325,0.047303187591466955
2003-07-16,-0.07048202194525881,0.05973771246263568,-0.01214052951917932,-0.28031098113501934,0.015453700858487341,-0.24927338272367588,-0.21369524535630507,-0.11012448921776237,-0.003716163537916256,0.17189284915208294,-0.22030690841904718,0.04215461800572243,-0.1113587747509235,-0.11440624355236113,0.26884069251281395,0.16786998319998814,0.16538362126009873,-0.0818444550272647,-0.17845862294609968,0.21638406331086887,-0.1830718944516184,-0.20027311520608476,-0.025570270735949717,-0.1767657045942542,0.14789025433729378,-0.011461730062127733,0.3411910321842097,-0.10193656247019353,0.22578463486364092,0.04313681400491179,0.11777242887512612,0.09550810963152576,-0.3902965181539028,0.17121951733264396,-0.0065225323067408985,0.0824823047198982,-0.01975714879079689,0.0945485401085573,0.3776466810230174,-0.3278993554996157,-0.06471636466219588,0.05461291244773454,0.09491218264406073,0.11446008427022787,-0.09595327717163527,0.07104627324648664,-0.1092479779520136,-0.04692161465333202,-0.20045139831474873,0.158072826383759,-0.05336863808403101,-0.07042545835954998,0.09630741849527456,-0.12283190956346333,0.03022537526647844,0.02724795692065807,-0.057348270449224685,-0.18837690359054973,0.038506210812928716,-0.001200594313403124,0.09221752031725627,-0.09843260574847244,0.14860644749446708,-0.03055416588903692,-0.15429019153781326,-0.0875693110711549,0.31451760565110715,-0.07095355761810451,0.24702189983401646,-0.008259602101628275,0.14167714595271674,-0.08522038834641768,-0.06753506955901963,-0.12558559272541484,-0.2190366656866979,0.02092608489340448,-0.06898811444457517,-0.09993170421444254,-0.050365474252505954,0.26458319533902874,-0.1631969814882122,0.12460240965998949,-0.08383750074978696,0.24934717256365424,-0.04724040542061924,0.28052648868286734,0.13829326520113475,0.020440881393582504,-0.11954054326076996,0.15073085346063594,0.021948870599607262,-0.09152503779576315,0.15885685662981042,-0.0777409838125456,0.009207239055280928,0.0005931398323097909,-0.0979715165713766,0.06639070661844403,0.056856550843159916,0.01867199788263204
2003-07-17,0.0044387251981118985,0.025629963146468194,0.11570966809356333,-0.013903802541107154,-0.14496181433714478,0.056109595389419696,-0.011125739521347043,-0.359213604353008,-0.15953525031433033,0.0374868070326475,-0.05439413266375762,0.31304263029629525,-0.07750256442181583,-0.5440520276786734,0.2684121549363923,0.2758682996559591,0.0736609112449548,0.05706664915132275,-0.17895257562029251,-0.3313393463384947,-0.3616922096208662,-0.03832819572074873,0.2059443767560973,-0.09186038244643924,0.20818054115257942,0.1376183972127119,0.1038059662273641,-0.12364261012223571,0.18810390322181442,0.10634093782531523,0.08287321936441411,0.05267364303726377,-0.16285208029209322,0.0050440296398756935,0.03645112827141851,-0.0010717931247488253,0.0899156551830048,0.12799884128666028,0.25128553026385286,-0.12250342271277835,0.11077021540972735,-0.062415349119929305,0.08610264082071917,0.17660825651744025,-0.14213302257612867,0.021612339055477714,-0.2961077683563059,0.04075924129312138,-0.1079923400518855,0.12375167059959608,0.008686778011965322,0.0028158948391503623,-0.11547825592821875,-0.03672876745118203,-0.009192080347545385,0.20694958421093815,-0.4024399906797072,-0.3322572924551934,0.017596649257846115,-0.019847705878065298,-0.30084700814650955,-0.157455526393078,0.08961313292021454,0.19994687840557804,-0.04091875392999712,-0.17952034081685994,0.0658467877520774,0.0381561951921892,-0.05195972067337926,0.08627396134395687,0.17971094774005597,-0.126223876749875,0.15609929090589647,-0.009150222617881178,-0.19409473848920974,0.1566334282076256,-0.13946504016588265,0.0395706588347795,0.006134307778875723,0.1822304250327052,0.12134514494296254,-0.1627262927595718,-0.14234668377894968,0.1297867179053966,-0.0019447122936363033,0.1664733004418621,0.3200964667616682,0.006825192215133814,-0.07383931410603352,0.1313414590010844,0.026141342221767765,-0.3201773084445896,0.1968782649353946,-0.004233784409138262,0.009207239078291242,-0.10982772260892434,-0.07148932481965845,-0.05855688554360415,0.1737963265724921,0.10157031794635776
2003-07-18,-0.3569436733200091,0.48258902590022706,0.018891529063340046,0.07088296393664759,-0.02754538828572596,-0.18705161069594997,0.09254178324754739,-0.12889968026604764,-0.07405963307624355,-0.2689735261532556,-0.047318617251550274,-0.2109593005370801,-0.08006313684532465,-0.49610599145206646,0.12701942203881228,0.16864999988849447,0.11339211033165629,-0.4824316985483936,-0.11093096781283979,-0.33670525000863266,-0.10383804828566147,0.5850323850953568,0.10300138467599766,-0.06712206982366098,0.28624294311909254,-0.02668498867990488,-0.03595359728427786,0.033207050908271266,0.10199575094751863,0.05440619241392082,0.06806036041268261,0.13965159345094477,-0.24549343010656333,0.043002169139358795,0.11530500415889829,-0.19493124111711352,0.05561861074382327,0.3226686329991219,0.13446233245349218,-0.06233836047748563,0.09483346878615626,0.1159111720833533,-0.11163697932201468,0.1417436717495847,-0.11858030466223128,-0.018779998706641494,-0.3943888029116313,0.2351430762816177,0.05719726016056078,0.15876932131279062,0.13877601329320802,-0.07016070773312523,-0.30391066755101076,-0.15560944304868538,-0.03928635198429607,0.15029690811471766,-0.24248881577238943,-1.1490488999250439,0.07986418045043255,0.028613141147615567,-0.27333810479989357,0.09480473138169944,0.1918396664058852,0.311032779309861,-0.03971050270671569,-0.11018518851001903,-0.229025206328288,0.2957384930304467,-0.10104494918167337,0.06391587393073679,0.22085651722313895,-0.016297154927559843,0.17598269410239675,0.09430388113309253,-0.1466005799159825,0.4368181991313091,0.0694812807710433,-0.05037300416950231,0.09535328346707718,0.38709151428437444,-0.15380444516694902,-0.1116258062120769,-0.000715497094348311,-0.10800281803654592,-0.17682608125207044,0.31011574557674576,0.1953690567028479,0.28491969045496107,0.10766120896151073,-0.0013948423939503854,-0.020941542666327712,-0.0023715556897564065,0.1148138141916701,0.0404289835928146,-0.17742633326555426,-0.017895721923803214,-0.19361866235073222,0.10475360772360012,-0.10044805357839287,0.005047536505695515
2003-07-21,-0.21199660495132933,0.13818935950865088,-0.012534382564180657,0.031940784677011426,0.027663170965615477,-0.09996409848269477,-0.009535242447766434,0.17974543679690622,-0.18037359245436135,-0.2172258614935022,-0.06763911369386295,0.007556178369516278,-0.08006314586955998,-0.37397196662419496,0.22520998104673992,0.12362482172838345,0.1110923610654511,-0.10445693015982357,0.16087250708305437,-0.13514307819867144,0.056522362495569134,0.15571297707020113,0.03981366988024209,-0.16514470591032185,0.23653737926470386,-0.053563974178513205,0.04870253657167976,0.008383001638433564,0.1528896237858433,0.11587990503123237,-0.053479366398571336,0.2036107417118976,-0.1823852842384116,0.06954222153792206,0.16990479564044839,-0.10116029005413904,0.12773343457565722,0.29105975357182917,0.10105017702282632,0.06783652657548105,-0.0550370091163999,0.0696644307813176,0.19684645002306905,0.021630622562246755,-0.04726927260784196,-0.03722433151161488,-0.2220747849298483,0.1608609769707661,0.25446320897298075,0.14452547539773422,-0.005637320931240142,0.09382525205631273,-0.031516704395352604,-0.038217012792317054,-0.0792959033771931,0.08935483220515318,-0.13404933151766735,-0.930484064623318,-0.12143588463583062,0.2434690692675241,-0.23985076380912973,0.012742754687365463,0.16454907904495927,0.07303069434625738,-0.0816021763515284,0.03344233470133685,-0.21912822658670508,0.1254683239888638,-0.22163592578965002,-0.037930660343286474,0.09327276248214135,0.09532539728792465,-0.24036561324119832,-0.12284846712879084,-0.09842117402598059,0.11576734458346237,-0.029428253572334955,-0.06585041637767347,-0.07117628013142065,0.535498440053405,-0.14297057914864142,-0.08210952579286424,0.02017812575540369,-0.016377502542494125,-0.018312968439481353,0.2337215241883287,0.16115070017533653,0.09789817658661452,0.3008510613766855,-0.4614227306671314,0.04484235672169515,-0.0747476366778195,0.052529820121892626,0.0185720434761422,-0.1221260343083992,0.007735175691655415,-0.18060384450586442,0.059547367276165906,0.1733656924005588,0.09325137981325331
2003-07-22,-0.07973305266748713,0.21637696497568168,-0.0666982680852303,0.04616951049793532,0.21078288320472785,0.14295085013477604,-0.042480117707324544,0.32961112773619583,-0.14404398110133187,-0.095370322790888,0.12798547460659498,-0.11954411949223309,0.004505849586575389,-0.26057320663454414,0.00782136160266937,-0.2346723317511114,0.2762859597443562,-0.156356380175572,0.21197265354371733,-0.18868859321829565,-0.06066819693690265,0.2494568992620838,0.03981366026025804,0.008051473439790582,0.4917683294289297,-0.03598449407383001,0.14030476748484424,-0.09621963761949112,0.060444772154630504,0.06279653063046339,0.001216555989487307,0.09843449798942554,-0.17662723421058857,0.02294344268523401,0.10399893105981745,-0.06926648328781893,-0.06754433479812709,0.27087124688994646,-0.03130023361316617,0.06335721176418646,-0.010246130005637294,0.16769429395980281,0.042089045132457176,0.039252098067483095,-0.21246544514432003,0.06033131564759726,-0.07647182307593503,-0.6788744474730253,0.35405186797787463,0.05465697673351258,-0.38367174439512436,0.05647269476291674,0.10599777049486082,-0.09582601998709221,-0.018109226145988287,-0.3194084028103281,-0.3102852652563812,-0.4383876355309232,0.10406392086495053,0.13590187590187877,-0.0231165381355909,0.02553620849016182,0.17081150137660706,-0.1840944580535134,0.04222331593155643,-0.20121058426895178,-0.1850393423595995,0.004025622690870053,-0.07330359829135318,-0.045890747445293485,-0.07746808092653959,0.1162151140432588,0.06010813375014735,-0.05870360674503372,-0.036392131732915924,0.18880435537116153,-0.023906186132581737,-0.0789955554614772,-0.07117628023970114,0.26087665390567755,0.11514756378298258,0.03643899262806716,-0.0017323144658393866,-0.04219119685610725,-0.03088887381479211,0.007124754212475783,0.15824991063116164,0.2530061184394567,0.398731318580582,-0.4925611695805034,0.0001758123525386981,-0.259878095515507,0.11322326180651038,-0.10791901559672146,0.18306958956798206,-0.13815026499887662,-0.02379615506728162,-0.04321443427914192,0.25649393166717827,0.12494206735852063
2003-07-23,-0.026654122852848024,0.2296653803590883,-0.013570559367553713,0.0016025998837108106,0.15769714259736722,-0.16371345224199646,-0.20258793538451614,-0.013522832158115646,0.24138740170629983,-0.10278022578597185,0.07518560991612268,-0.11954413146286576,0.07761122334838166,-0.10727223396478679,0.07326590628684125,0.13987623505053928,0.1858140975203752,-0.20467577457061764,0.36991421671864416,-0.042976389895588316,-0.04271148492554217,0.18719171541893534,-0.23029456975219578,-0.026990040935456545,0.3323777323853185,0.013929248286694076,-0.019024024296790076,-0.030146099037892123,0.061316873064703875,0.02049676594813539,0.03873565362968702,0.09263893604015142,-0.0831174736670521,0.00570001506068728,0.19676861774237997,-0.2273672994403051,-0.03036341982194173,0.24415681387966964,-0.09344148467955786,-0.15074031043007008,-0.1317545382817416,0.4361862420694998,0.10637092712828031,0.08028528347340062,-0.2805376879657999,0.003013599253907005,-0.11523429033452803,-0.6735831164433351,0.19727907466665348,0.06528258581839864,-0.0797655156465911,0.03022390256697669,-0.06910235928078534,-0.1094448866362152,-0.021281147208743377,-0.22002075561537193,0.17247053868913367,-0.15612840660956606,0.1772445623045547,0.1827026318433956,-0.12374435966823491,0.16730466976349498,0.08518738353472813,-0.18409446919280315,-0.025142647973984356,-0.2521436484947903,-0.106820115870422,-0.07871899153131402,0.11849524650165315,0.08930956494195545,0.06994566118964764,0.021995651226758683,-0.14308144902362185,-0.15805128530470527,-0.04054554517092737,-0.027192852675529903,0.022265536793690695,-0.13270413945248757,-0.07140102863174556,0.018161221079586808,0.06286238473648817,0.40107147771169116,-0.13254843582239484,0.10464699991045984,-0.13442960159996487,0.31865831910593767,-0.15873656734352526,-0.07348003718507608,0.33587970761148517,-0.2386752163869847,-0.010306114347111952,0.03326854966690612,0.12921249391099718,-0.09534565877464196,0.13170517927057532,0.005670705113978785,-0.012101456745400885,-0.04325415928789226,-0.04454348235429862,0.055134078480641585
2003-07-24,0.08627587260388907,0.17657546199675384,-0.20215328104110986,0.02548580592204698,-0.008217930046271684,-0.012970507131938081,-0.29397441785696865,-0.014220491787149785,0.30409905563325784,-0.17472328525578482,0.02302329208115299,-0.11954413896617827,0.14636121492222498,-0.08823993714894222,0.060763066805115826,0.1398762301800773,0.10413149372220096,-0.05267636323572591,0.2446292743874262,-0.06660800517871907,0.04167022858858506,0.19740694098823688,-0.16196651550908675,-0.049824304735531774,0.07129268317369482,-0.033962236734552814,0.10475843741780591,-0.09694515247424801,0.11904252529622622,-0.03922642342342185,0.10979772307360129,0.0819355063706146,-0.06705800852580045,-0.24913417075374103,0.19598601986093503,0.02967525819168876,-0.11700339412585288,0.16959319745598084,-0.05136645284791871,-0.06809476454131816,-0.06152587873085082,0.2388588651379749,0.016111032728837904,-0.02049793661123694,-0.15644250767436682,0.003357626913892906,-0.0031929682137937115,-0.33104173231728357,0.2223925136522712,0.05454477339252824,-0.1263099066570073,0.11621818046799996,-0.05012501672466875,-0.1318352353167744,-0.021740157516377603,-0.19028105596541456,0.16624345510424957,-0.10131138498842975,0.08181313853957967,-0.05054127664203176,0.029144546955517537,0.11283130687372717,0.01639572167623689,-0.08097746234225936,-0.0012494574258529773,-0.11794227810783826,0.015732217233996863,0.10595010446247974,0.07588282064749889,0.08944953855493087,0.06949652295648803,0.06665760855385,-0.14668957964805193,-0.16189658340239532,0.007569316494887792,0.10427161835674144,0.09111872759702108,-0.014504854357933814,-0.1610077543577171,-0.02114174489385203,0.08547433982181557,0.04196157444020529,-0.002646186258658354,0.2808769632811288,-0.08874304054034272,0.1303426759324276,-0.10406036201829809,-0.38873075561234816,0.0031635696680715267,-0.1444678870949005,0.0803845488555678,-0.11808800362455768,0.07977725058488332,0.14941286256260747,0.19915391335886481,-0.02345859284056461,-0.08052033605570223,-0.07405787696025896,0.26260414750921657,0.059415376374593515
2003-07-25,-0.034073246555625054,0.20732753889332559,-0.2098218170414565,0.13004935597696635,-0.038236293788370845,0.09604436161099433,-0.2092836288383627,-0.014220491693245867,0.30007987109080275,-0.014563926592883381,0.06735763361911795,0.029508209412075232,-0.0916757671280855,0.046169220663174845,0.0917191576700114,0.19925700542504116,0.07102668603381107,0.013561669735440976,0.14941685619361808,-0.16994142425112513,-0.07727585066791424,0.0949103259628312,-0.2946504401046606,-0.14723424528854728,0.057069013721316765,0.07837781778374046,0.11649797796772307,-0.02402543510128478,0.14975132912166716,-0.13849751103936128,0.10313411439683406,0.11823431259224623,0.004822138111509282,-0.19973543731098667,0.18680168028127644,0.04255752787698737,0.006408725324352204,0.149347249143458,0.011128658788768427,-0.3910225371857148,-0.049436074175881806,0.2019970917706126,0.0336468968862384,-0.09291068674333482,-0.05146066121618071,-0.057102124861766246,0.0680207641107656,-0.4175999727240373,0.10358210318244625,-0.04074030037704404,0.0771949960857372,0.13697149363833944,0.15328933363331815,0.02274692720313877,-0.04480545765659275,-0.20924890747537858,0.1987350139516277,-0.1440741728741423,0.17755824366667725,-0.006847668044430541,0.0653835594770942,-0.13950474657250103,0.050390606633683714,-0.012930878328732364,0.009647631554610493,0.13137338325564904,-0.10293487322259173,0.058559087814380406,0.02712602037342816,-0.015003069427130707,0.018059584075191728,-0.054627402396745336,-0.11647098745270333,-0.20998837571006473,-0.007040968611246774,-0.02777092282205625,0.15061724554756772,0.03396752491820286,-0.11089106002822836,0.017033365618440405,0.1262588319983499,0.19074500837402875,-0.07703530320653985,0.13035826272730233,-0.11975765936688479,0.06239195458452439,-0.0607503953991789,-0.41250013234901434,0.06926116017314245,-0.1449204806558314,0.039789596341841975,-0.20345135034546089,-0.023380227390127347,0.13113974943123968,0.16850809601973418,-0.13928051602797026,0.06090439354049947,-0.054331294244720905,0.08962576496116616,0.10996873290308012
2003-07-28,-0.04619292306029372,0.09529404601851639,-0.12021857267721404,0.09975156248390599,0.04569928637189362,0.1890242692854209,0.14326511215732454,0.08135029814468345,-0.16750150394222782,-0.1175205648974299,0.06205487967000935,-0.0632778437441705,-0.17455086246221424,-0.21902460627965606,0.14699429941849124,0.0676410239587468,0.1571070276210227,0.12108755528065525,0.09045426457767466,-0.024283507436704897,-0.1294749299123361,0.050276355229755466,-0.10220552854520559,-0.06862195034698333,-0.010633893188926482,0.05984289429733534,-0.008915482584844647,-0.0025013746754331202,0.14975132821257087,0.012168648626423738,0.09788279663056468,0.13160132976744693,0.06389970463038566,-0.006703883798555179,0.16657486480711375,0.03435884164365379,-0.007094138407346616,0.15957956999836315,0.0055864313855185695,-0.24306588441183938,-0.05602513217823716,0.16206595150711967,0.04498801476198316,-0.07309715926026752,-0.07674888022203094,0.009739524736119245,0.03771688576548294,-0.24123391939354438,0.030147307084867923,-0.20960459487076713,0.12532773463278957,0.04782592714590859,0.11776933673649898,-0.07233811451817743,-0.10806694165806219,-0.02086763514443256,0.18780576749130184,-0.04701568404511641,0.00856695370129339,-0.02128662121162681,0.052817351530484634,0.1259352790099273,0.014485775476482481,-0.11193179544927126,-0.10453133306318502,0.11455943962523188,-0.1044840107310892,-0.06810456225395745,-0.06747160493621679,-0.015772862027360435,0.05414920951783507,0.07897822770002427,0.00039122897943114315,-0.01822788258355678,-0.06775064093285421,-0.005942383231010304,0.1427823211990264,0.03522019219533557,0.03602775052984072,0.10098972143529318,0.09133483076891825,0.06875181594908097,-0.09078807993024154,0.06556953625205991,-0.07126748526702173,0.058064172640450704,-0.25651203088106445,-0.25958122807494405,0.06129292193236115,-0.23383273562474216,0.07024822794342471,-0.11400084720821757,0.0949818118906625,0.07418731929743924,0.17203570142082908,-0.12361195774415981,0.001292092142528804,-0.02981108812671786,0.23351434215146033,-0.007581737412303026
2003-07-29,0.009918451601861,0.17660453584428124,-0.09947163839598751,0.04641741923557806,0.10566473623891233,0.15907559504150004,0.1976778724280431,0.001809092739375064,-0.09352476111320575,-0.16441086466454188,0.034850612199640786,-0.0632778450485386,-0.25371350712645335,-0.12594500364619868,-0.0048497390592372805,0.08168325565737701,0.14697958686180418,0.14064056248963275,0.08601533227075239,-0.013790454295290777,-0.058658404651377456,0.09441823043475965,-0.1370863527147003,0.0708990873537966,0.02178914247517988,0.05273778819682878,0.05396695928234887,0.03406412100902098,0.16546029581265845,0.08548568851578549,0.1007028301550718,0.14064570882203958,0.01588206800756149,0.08122370813194985,0.07345669479099627,-0.1710726137408509,0.06813928031456529,0.1452411417409989,0.0055864272790724975,-0.04978467187964405,-0.04383782576445327,0.2115945964314861,0.10016402239080936,-0.05827316302070638,0.02011237513722018,-0.007342646818732199,-0.04290449409317379,-0.16332242833632984,0.0022495230630215288,-0.18104428156335767,0.12182668501125932,0.08409739730198673,0.14949619310075174,-0.0216018849309557,-0.08626519146903641,-0.12434745323930047,0.09507751251661258,0.009474264848172442,-0.13225113474117783,-0.0765269228557038,0.0457723758129434,0.28374837144574316,0.04474593597388643,-0.11193180565512342,-0.14491521315817527,0.11455942656405063,-0.12650364766940173,-0.005977471275380232,-0.02101533079570017,-0.05971015180453279,0.011681162290677971,0.06665154564112848,0.14731607417619386,-0.007826253857884621,-0.10864196206897966,0.03423014232134691,0.19366644898354796,0.12859063653655856,0.06545114944543322,0.027541867630292108,-0.2731276381316523,-0.05282841047019946,-0.11162008280528066,0.02038506415583279,-0.10792756969772017,0.08946905798556809,-0.16851064067342017,-0.3068623270536272,-0.04060053824910028,-0.08592942098386798,0.021670031782537003,-0.03328744357860725,0.13528951318420648,0.05116918633666995,-0.05256459412969686,-0.21492615659243453,0.012064326436132271,0.04218303250368333,0.19482015481424933,-0.02773707691796356
2003-07-30,-0.09288122093615583,0.16358987359133498,-0.06891888347946369,0.049259805012978226,0.10566472295446741,0.12222233337301228,0.19555704096161303,0.009395685297641749,-0.01213140826883838,-0.2318469960173623,-0.049531475709759305,-0.11714905616151053,-0.3303342644681904,-0.177706070292213,0.05051751479281272,-0.01743496217291176,0.10928779121581278,0.13002459012989181,0.20756637056419489,0.05402290094965748,-0.03289343480717835,-0.0043106828544120035,-0.11053840153822131,0.09179734006573138,0.12488899015224575,0.07959859068057877,0.023061922183037105,0.0906320637769286,0.08518902493237158,-0.04798518160643037,0.02721490348977512,0.17782651826669169,-0.08331352263684737,0.11044753636336557,0.04348866131967977,-0.09864696544707535,-0.01694495026632137,-0.18129518778643297,0.18062207128920946,-0.04895169799805327,0.004321689156295335,0.16035682227316184,0.021315630817311283,-0.04395069362513868,0.10597327304054913,0.03257471805421547,-0.06731683346451414,-0.047797066944801334,0.011159680230496988,-0.02063232316649081,0.13084026444785227,0.10200994891087554,0.022745570465108438,-0.027616404304622838,-0.06611951641102412,-0.08406966914374289,0.140755610577659,-0.00022955142763587163,-0.1343987619536582,-0.12036904088203315,-0.14898757034231094,0.1534554182921867,0.0251532766823097,-0.07112603136385334,-0.1014686532913575,0.06293485032574085,-0.015427141994992042,0.0787173504947371,0.043503085060112294,-0.04286412111761738,0.0019483085595524926,-0.012714777854097465,0.12556148566982622,0.19034756946105183,-0.021265133182866543,-0.04009315902863603,0.2417174864154321,0.06288051741368979,0.01708463270579242,0.019822500961974646,-0.38209437858764495,-0.17237460178800293,0.0595086882033788,0.04916004984210649,0.02066228689813774,0.08946904479872737,-0.28962575333860413,-0.2441959658062713,-0.04053779844205734,-0.23579540086837247,-0.014718355011969372,-0.11950922275718354,0.12088766281728575,0.13681809573238116,0.041262925811820596,-0.06157307889132267,-0.03693985927751661,0.022441000508399207,0.15038572499979136,0.04355083876892854
2003-07-31,0.030424345252667455,0.2270125411664488,-0.06418821214574302,0.07766734894369205,0.15327632033630886,-0.09809517113391582,0.06703916989508742,0.010165165121470648,-0.26790541980636434,-0.21399703458011018,-0.09983881273068343,0.08879233498817524,-0.05595063599299789,-0.11585577370213934,0.05068143201153963,-0.06074160706627201,0.12541060218678934,-0.02026582348643396,0.1749623632124309,0.07252303924535504,-0.10564936341283795,-0.28266295584302903,-0.18725842087498007,0.1290955026035962,0.05314650489150228,0.037011898207138,-0.04105387777669892,0.04303300969310198,0.13673997057677567,-0.04344497314372418,0.025567247778126682,0.18515566353940396,0.018753939607978762,-0.0999523868059848,0.12372638504133475,-0.10440460862739932,-0.06096947664766011,-0.06039904938866096,0.2208929203911862,0.06761282518606618,-0.07873779968796052,0.06108975757978576,0.12334033862885384,0.10031398688797617,0.023864771479452915,-0.11081750900207167,-0.07229079119828016,0.06193397361645029,0.04863713740798523,0.126136918554498,-0.05711086034450846,0.12928321577445245,0.17902796163487916,-0.09552887392374573,-0.07067471999467774,-0.11040454562497994,0.2375496000099056,-0.22696458589013255,-0.07579490820460955,0.057449649337003084,-0.16214430820955114,0.03990490514415511,-0.12239902885756998,0.0410244250522813,-0.11582119556539655,0.18835018812696042,0.001903068910864427,0.07785752594601748,0.04673301018589995,0.07507866429898058,0.06433087309447645,0.06676136670366341,-0.08191042224822476,0.0947679550241002,0.03867795663170841,-0.12393135336311017,0.34221086665448475,-0.021458663222618142,-0.03395311352684132,0.14168786363623964,-0.2755013725340524,0.009160737826178125,0.18096576740729356,-0.03639668205883548,-0.057038627499467406,0.030688961445191173,-0.13970430928712615,-0.2597207870952334,0.093900894041464,-0.12379073425705497,-0.014350815141338423,-0.1489162252254742,-0.14573307937443303,0.16316072903404963,0.06633715610872204,-0.17888563791959128,0.0017643743741425474,0.05180746686656038,0.3414995336007089,-0.0341592793480217
2003-08-01,-0.14968138532197178,0.3189679623113913,-0.059314192530240194,-0.010748701508490829,0.004890876538551082,-0.0520442798095072,-0.06808546119454478,0.01016516190983495,-0.20113559318301089,-0.023458877474776513,0.03648347375376515,0.2080455781152764,-0.11369247994086772,-0.11585577820376015,0.04302716777787881,-0.06074172338584112,0.10543492584886965,0.09174846858016807,0.1825708389549916,0.09377487153175498,0.0014842975311514211,-0.14209775615593448,-0.13461596253316574,0.07882382878602122,-0.05106520744247215,0.062035128524671926,0.0007665758137131131,0.035525500134645414,0.01964773949838086,0.0010487466116474854,-0.0856483983272333,0.2006007949438717,-0.1299709240883636,0.04426396729635204,0.09595943959809365,0.10493869001282759,0.010952083590388859,0.025619741974103504,0.2961740433565347,-0.1059956961949573,-0.07186455162771459,0.0442806766845536,0.17125765557399045,-0.018952830789299362,0.07843895788675866,-0.04746189020061158,-0.03568598096316186,-0.07306095615752374,-0.007524158465737493,-0.021233036139033618,-0.13222861708380687,0.13831072773819786,0.2005024184126442,-0.10851417108455177,-0.0589858517077554,0.09977687758619196,0.2625057479731479,-0.3308883017241674,-0.016685227728310444,-0.040544640528985494,-0.0692922237723805,0.20206606400010937,-0.13863514756685535,0.09061174063712843,-0.11582120815814109,0.2998851390333019,-0.11401311930803851,-0.007692136684913399,0.04673300609189127,-0.0032723564170980372,0.06817009142381282,0.06676136476466782,-0.22015712382805835,0.0937399120195665,0.1449120015455407,-0.1449825397277412,0.16952171117037432,-0.0696679545316184,0.008899990238540477,0.196500243945934,-0.10360923820427576,-0.058011588367535206,0.18096575635756748,-0.034498248390718605,-0.06464057426598817,-0.06442003632412549,-0.07979443901745474,-0.27434022214674253,0.09390088656508266,-0.15510142879307148,0.027553650120412398,-0.18052875320320047,-0.1267926001170426,0.036695329435881684,-0.01737648286309669,-0.11739562385725051,-0.0685834783222906,0.02981998080549444,0.2940737742270946,-0.01810718373515637
2003-08-04,-0.07345838638084902,0.20063303332267737,-0.026396111615531806,0.044964870170844246,0.08765350869184213,0.07246789278262589,0.08932455575737458,0.01394298702541709,-0.16207860123421033,-0.16949270224439658,0.014861898846061788,0.1148137443506047,-0.24384099239214088,-0.0660536711247863,0.14501387063374946,-0.07438658650205592,0.15753849776091142,0.10182567504254603,0.13843924138288166,0.11903416714979125,-0.13596913082885592,-0.14201220812002052,-0.022543362004137164,0.060793924021144544,0.0030727304327324598,0.06926618454866326,0.011981199435186515,0.03147846360977816,0.034660166936698114,0.05730753445169548,-0.04194820917231955,0.12939732740667645,-0.08982706599803886,-0.03604370871356515,-0.03979823751089237,0.057634352044739004,0.1362025966931402,0.060809170762368185,0.17672168493479826,-0.1712524753729275,0.002353584864741328,-0.09609575396667831,0.21187814778433553,0.09452621943889822,0.09694568180529174,0.10844787884368812,-0.13505489811686616,-0.08001487044621647,0.04699304809832522,-0.1739899838521708,-0.13222862038087058,0.1151241626379456,0.16265832039875455,-0.09780691364308755,-0.06040206653637488,0.31010316403376936,0.03887131267742484,-0.2567097721396251,-0.09924748658794195,-0.05836945061299305,-0.06660558760878584,0.04116317652463971,-0.06497850420653659,0.028829929328108742,-0.08057908889551049,0.14742292192065476,-0.17330170435113798,-0.026182075492426068,-0.09683202351813645,-0.029278901765987447,0.05739795087214746,-0.022763279732155067,-0.11024380878329106,0.19747387801394856,0.09631629125900495,-0.1251478925444787,0.051690795340267874,0.07818642906099846,0.0141562933990912,0.0522622013867666,-0.13540356554185057,-0.17245502562899462,0.09873836875617852,0.16276400978796568,-0.15992082484999698,-0.06442003640223978,-0.08772074873864581,-0.26447559366565515,0.0795636531891258,-0.1605944624306594,0.0341114919127486,-0.22088877013639036,0.03859290566922945,-0.13422555869641095,-0.04528826918863014,-0.0990202454249967,0.016901583717536296,0.03424361488457259,0.27282467339649513,-0.01608563800945987
2003-08-05,-0.13573405380018794,0.2302723279210974,0.03315264441320163,0.0872191276236069,0.13640449758827625,0.04534704290343954,0.011407850218874936,-0.21558344216871678,-0.2481851339418161,-0.16949270321863225,0.036601360499858904,-0.0012088452426549433,-0.07756774369194346,-0.1349467700664599,-0.03193361138347632,0.12059833844732193,0.185211892332202,0.11383382892636994,0.19835527659687205,0.2621977463061438,0.028699764310229456,-0.198789047087284,-0.02254339282718492,0.10417069104881568,0.12207418931860736,-0.05237051544754584,0.03870556494299566,0.04565233287032839,0.15519535638581491,-0.01049950514076674,0.018775553271908857,0.06746352376060136,-0.12539599591641784,-0.015923355123440393,-0.06321931594812803,-0.016961518025762998,-0.007386417979656212,0.13341528951223344,0.10687619841639716,-0.2013023979866019,-0.005156581427294295,0.07626780084371763,0.032245986063642,0.003562831791627076,0.06735736163155233,0.1270958070915506,-0.06197335678758308,-0.17456136058005076,-0.0009270635886719827,-0.11884978200497748,-0.07644480691841854,0.06261671814472841,0.03228016377927875,-0.07951045672422834,-0.07244735433169294,0.159768495288446,0.12310066327351883,-0.23117176843922704,-0.019508454040076485,-0.10168745753229971,-0.016086934107468247,0.015736524100811673,-0.07525468800703963,0.07810594169286766,-0.11326324834472722,0.16738038384610335,-0.22333277680229996,-0.11713641668712282,0.0057883195999376144,-0.052585140672909626,0.13513497697831908,0.07159801658076573,-0.1024604873415627,0.23291187372354616,-0.0390800780839055,-0.08484455609364822,0.06786792668674684,-0.0037500962315253177,0.03305078813870166,0.04358491727432458,-0.15282320645397074,-0.11899993589625431,-0.0008453279735061639,0.21994741420736955,-0.12676808824923622,-0.11971717438566137,-0.07887377315043226,0.06855763358268675,-0.009963100131175318,-0.08115896576796447,0.03584742640789627,-0.1650235979345997,0.04006765533567562,-0.05209012313278512,0.14193832007284177,-0.0525254495101043,-0.010786902812179075,0.035433025336582144,0.08517139261749744,-0.076566808076265
2003-08-06,-0.081033103650665,0.06169851060277964,0.004585200815328387,0.16060930344811897,0.27455573026962776,-0.17391604180767656,0.05319710142768371,-0.32365006195389884,0.08758729018817517,-0.11913124864188256,-0.06804552166104517,0.24381968577356572,-0.2587786923449055,-0.31364651326976367,0.17439068080338221,0.07315040203088816,0.05261518811536257,0.11178516350770927,0.2747875856175743,0.1864926275360434,-0.13226228053279304,-0.17969122294292453,-0.007573540287187305,-0.023936636782947593,0.3323971647891656,-0.10529850637327114,-0.03880522516630195,-0.0005833381906390487,0.11447288644637912,-0.09341943377912608,-0.05362800727008996,0.09304271053211978,0.02690874523292794,0.1417765505918506,0.7090718238781675,-0.12490940545968116,-0.10388803443388092,-0.07877832568179376,0.022181315108236718,0.014776959390750724,0.08273349846018166,0.048237908735895244,-0.010450206994265063,0.07711030122772736,0.10746792613252582,0.0009788940797198897,0.04405413835286644,-0.3074383066319164,0.16969581906524586,0.17531786492986565,0.0017667869417320556,0.13670860444030764,0.0411076485728727,-0.10188283330414838,-0.06832324721053604,-0.023990823493546427,0.056637625970587746,-0.38152675574518713,0.12750544198260738,-0.15212272159925563,0.16871806901882488,-0.033684697522783955,-0.04103931146898797,-0.12068704985992414,-0.18754369448466754,0.15132986336403498,-0.06311224589734411,-0.10455317073894842,0.03234656986798975,-0.03596966817218439,0.08635018458188828,0.045887176891356116,-0.1423301417504104,0.19188090738745006,-0.14040300316991766,-0.08044183108784998,0.18456460931559238,0.005103738054661742,0.062328125163972396,-0.1290703833995127,-0.23588469510868298,-0.11899994170168224,-0.023145301182377044,0.2950191952415465,0.028971254366808974,-0.3580062294416888,0.0059103878730219035,-0.010820024271125337,-0.17840618047374251,0.029369283257344066,0.07163416062110053,-0.16502360073003608,0.05970274940228636,0.06798209423475816,-0.03484675113623857,-0.18653894572242485,-0.22543088784824578,0.0023004746373301637,-0.10564135979054429,0.005008061164955682
2003-08-07,0.08745513469309756,0.10671713769948463,-0.10073794846683948,0.025410936165068555,0.19363509685307365,-0.20459685984132311,-0.043042620503209714,-0.4704552558422808,-0.14031299122409888,-0.17867576739312313,0.04527306364257148,0.3479287371837005,-0.32841537221759626,-0.33318063294588207,0.08735663007806052,0.01915627463911572,0.005373072644301882,0.023380496378595468,0.3189415266978473,0.17147175363622874,-0.3624623053240165,-0.15068409595358706,0.26663817776325205,0.01743970856641542,0.11768824145087473,0.039090109818876846,-0.03657830200339864,0.053378570073447484,-0.04239483807272195,0.04815986976682102,-0.1218942204010832,0.08437270530049831,0.12829462958341548,0.09209022585097407,0.5944751128978479,0.06709366735980204,-0.13830953812567984,-0.09561293439244667,-0.009751212841783864,-0.04077692800154638,0.07996413880468388,-0.097882663820966,0.08553650636784428,-0.11927947680639964,-0.054204410077796306,0.03750428224092269,-0.1376319174252659,-0.4107561934956907,0.08153581945416681,0.35818745775766025,-0.0525903647828593,0.12023129407446918,-0.016740673129076483,0.06686717349523148,-0.07865171938844669,-0.0645488494262297,0.18062360836733424,-0.27179559552282734,-0.031020385900679043,0.09992014243112723,0.18742761110514494,-0.024490785134133865,0.04108237851759415,-0.2503764717529555,-0.17348982020470796,-0.015365206096467438,0.20468549787070534,-0.15603515604946716,-0.019174548137442498,-0.06592114809449429,0.14110526484620023,0.08161684207559892,-0.22808967086990067,0.08384947278884848,-0.12661677089740667,-0.027848023292228675,0.03766930864563275,0.2101114349857317,0.06779389581530944,0.018485455962790533,-0.14305951060135708,-0.16409353389129952,-0.012580131113238333,0.05000241968326115,-0.07912765612730922,0.014572855226642095,-0.04676790938954057,0.04721548636175966,-0.05659189176810556,-0.11629705823225432,0.02701346802927338,-0.1014905695920071,0.12906466645467635,0.05449859812531327,-0.027226162172635033,-0.08690451505322423,-0.06073183344099858,-0.023581821326103262,0.1985426263816542,0.010947498139770915
2003-08-08,-0.11517667114974785,0.14730961905975568,-0.024079627697828895,0.08360694321107309,-0.13117253819725316,-0.26942670871248053,0.3348884799331189,-0.03707337632281981,-0.0406672048663824,0.10953613818163116,-0.028644677230954495,0.13856700140195,-0.2930193229130945,-0.06627954009560644,0.3100382905761595,-0.011368928622995936,-0.16425043096712538,0.03523395572426755,0.20804943420375727,-0.030036180839806116,-0.12360573455183552,-0.0016291099721847115,0.22393831177559861,-0.07256257114751223,0.1524574020009775,0.07301468087267139,-0.11103173877483016,0.028500689744611757,-0.09321464791055441,-0.010081737702647928,-0.10496410498884645,0.10246095239628505,-0.007637191674472388,0.16734910268258132,0.6046885282107489,-0.01662774056602113,-0.07785868064488571,-0.12035929985754841,-0.0846471458914352,-0.12113164065147686,0.08671234959925343,-0.009525273275290076,-0.2043407932573515,-0.1299548502795917,0.13311261953525974,0.03314885490888304,-0.22465712399384477,-0.25275825204887453,0.04109995467518633,0.12284650509414871,0.0025555270864367624,-0.08159238962322153,-0.06351503453224502,0.16403715845015235,-0.07418469616362275,-0.040941292897363354,0.08787709751990729,-0.29556631682032114,0.021121417060680093,0.07346668497472976,0.26749383262777926,0.21291516315140657,0.039836093858533414,-0.27946893372568465,0.011447456241472455,-0.022948523760241483,-0.12276489058006426,-0.20077492192315202,-0.11953437682155556,-0.06305554681353599,0.017890351838068537,0.0713469813334632,0.0817357433019015,0.09352276700836765,0.004831824005327767,-0.007648173568824339,0.0863900186277964,0.0808694196975082,0.16731933659269888,0.2994450300292301,-0.20731244763725057,0.028731090673137873,-0.020444525641698272,0.14763870736683266,-0.23871378771842366,-0.12189728309875701,-0.21165494637619672,0.13674252495644565,-0.08234344522573345,-0.08530076207915481,-0.027671489004691713,-0.169851131559417,0.08225248899451962,-0.07387611382580346,-0.012942881163945114,0.02288494972361798,-0.02748110138872356,0.003980303666399197,0.042239540371846275,0.08692877829778142
2003-08-11,-0.14936954006452804,0.048573254819114946,-0.08538874270138923,0.07715316457006802,-0.2370404270440881,-0.07461769867774289,0.1622209503286663,0.2749947248442972,-0.12100378191002051,0.05775721475996662,-0.05541392772482535,0.17042466555895217,-0.2785409086131033,-0.1593825153394239,0.31003828474279316,-0.26623905254153496,-0.1982746447472301,0.06542241889137713,0.23472593172578113,-0.1259942765306753,0.07389547059883746,-0.04005427729075346,0.12233494266446905,0.22322226549451746,0.14746445570569294,-0.025631179234343843,-0.023625888090669848,0.047074122567944666,0.012123395966315067,-0.007999379414061843,-0.3156497666224215,0.105769877302949,-0.019463013115607136,0.22972912826956252,0.4867721004560969,-0.003675250086273271,-0.05872342835088498,-0.14523197985849406,0.036540302895061334,-0.04812557133207894,-0.012664456354736472,0.01238566775074596,-0.1113917685933743,-0.22951250630789616,0.04616637547610463,-0.00944783304215284,-0.021381695050991845,-0.12392180381200212,0.07930332732204987,0.2595249553947628,-0.11412497154322626,0.009998068248486293,-0.06640401516568468,0.16372584878080362,-0.052798617662551235,-0.2103373053094077,0.01227080776961279,-0.18974686328977947,0.008663189636999706,0.12912045557893143,0.12057191414610594,0.2248244948048745,-0.011075194808880539,-0.1675379883675478,-0.11441909315206115,0.1221516873716354,-0.15719329137061178,-0.10438890698240623,-0.14790725506967342,-0.09097255949360107,0.02445290536523222,0.07746718316116735,-0.2587705816776587,-0.10993654638283858,-0.13563071605996227,-0.10139632545685857,0.08946503867832684,0.018077197839922964,0.19567383560728308,0.2654747395729046,0.005543229416509202,0.08317645411777792,-0.0755997719158304,-0.10021235636496671,-0.05331395769671932,-0.03319575984885879,-0.20252472621975565,-0.07529731727017656,-0.042660160522431434,-0.06447031603516057,0.023086877483589004,-0.18815506988657849,0.16155536239985313,0.11859523717885297,-0.05040733330898462,0.04790332351457895,-0.13063267315343366,0.0679590042313787,0.20018620217889374,0.12344752220608074
2003-08-12,-0.12174973867705632,0.1319717068818112,-0.08467580742187171,0.07715315642546737,-0.15046820639527655,-0.022977453254004132,0.254213387335048,-0.1111043615455602,0.018123068895856388,-0.1545896567341507,-0.02943467450870276,-0.057256167161391536,-0.24175836143853718,-0.02381453517095021,0.2884564581146047,-0.11364980692893295,-0.11571877346393154,0.08441042245847169,0.2347259268871903,-0.0176841453629638,0.16330762780333166,-0.010681072473711478,0.17094988303075503,0.2510553836542835,0.1905940415381022,-0.019392287348853916,-0.045684808093332314,-0.03483760424521395,0.14132570179332116,-0.1320738884231007,-0.19736149881010684,0.11667298908120763,-0.04948335965562791,0.22333187893115952,0.35544198320656917,0.1835030620087128,-0.1085480342080915,-0.14042337424027057,0.05591776490511669,0.10898455597853003,-0.005998435663262236,0.08276886435409828,-0.10736112676290882,-0.20738615981238034,0.12470692616690816,-0.06496635222094765,0.01163888571874648,-0.360183157029824,0.1083321836469628,0.001020570745740775,-0.22694207273510894,-0.11426326682706646,-0.05360639721808828,0.2614027533425553,-0.06666144359745746,-0.08962669128143501,-0.08180813738734774,-0.1438693461011757,0.022988283403821926,0.07001636348935336,0.02371760405632199,0.2136716788320045,-0.07155687543543515,-0.17086364421266467,-0.12234417022345827,0.014251086604114942,-0.13078161503805963,0.005767045481928237,-0.08732927470102145,-0.01918848108645769,0.04540490573134899,0.003014655470401337,0.06206007671998298,-0.11312112009997413,-0.10788008089148125,-0.05013038156895957,0.14827565535556034,-0.09003796245316012,0.20633508721970883,0.06324374255143983,-0.02700770796549996,0.05928402249553828,-0.05513712494414345,-0.0640286127444931,-0.2472686777204789,-0.03136301254274551,-0.1436182530566291,-0.11945084451173962,-0.004297585954687344,-0.19182399127820376,0.006307985167203302,-0.26653304818341556,0.21011075851872782,0.3175180658292077,-0.0545480679784742,0.15694587698554,-0.13364672324634858,0.012201921576797838,0.171053258159693,0.06449710749725365
2003-08-13,-0.11064098221673248,0.04804338376948186,0.02056164373052781,0.17141875366355058,0.19246229894663852,-0.09434109637188204,0.2288540719986399,0.26410216198623765,0.16818338029653812,0.006059637214252677,0.06358042133531798,-0.05489946707255806,-0.12159099771293155,-0.11657804405455627,-0.028201572998053103,-0.32092838798992,-0.005238083363545726,0.18568752338605632,0.341237648499244,-0.05738205930225937,0.37663684253818575,-0.13086578164171545,0.1864244032686141,0.12625457125127285,0.09436897539763309,-0.036777402876955856,-0.15503783132333004,-0.073302733514566,0.03843136169820602,-0.1356103983325566,-0.2032331721502576,0.09058868438189445,-0.06683663426216709,0.14175428315233968,0.3253831087350585,-0.009024595448998241,0.048279377920133114,-0.12185020062560598,0.06165649831681815,0.18612400503022855,-0.006271313736625816,0.19116035876064882,-0.07078745030707609,-0.09331806873677502,0.014072835800377775,-0.03752277754127259,0.030566671857776246,-0.3909354074125002,-0.027068743481328934,0.14854466923244453,-0.18833704233074106,-0.048728893876068005,-0.04487681371714711,0.1088759625289844,-0.08180470566739054,-0.219693019920137,-0.134210099306253,-0.17550203745255993,0.0921980684169812,0.05153754242149093,0.017083515945288483,0.26281049386123784,-0.15877968065733816,-0.21186964784124004,0.05746442010428291,0.011110919223997671,-0.325929894590003,0.12057832192121928,-0.18668371892701455,0.010103764371055817,0.15092319100719134,0.05000365418104486,-0.02484293755036094,0.03204948223337905,-0.01238767069266252,0.18522681716247302,0.04409704364203078,-0.028159607912491308,0.1687330881437477,-0.09721044400600345,0.14629369182046603,-0.009547955211515267,-0.13163017841735294,-0.12727914053398368,-0.07573003875769414,-0.0445755648263146,-0.49895182217292333,-0.10088441008615534,-0.024137616141620695,-0.014866892688006537,-0.013401302909791626,-0.18619420158696395,0.3491694707955024,0.3081051148030506,-0.24928452496721107,0.04641265973520681,0.022979240115880626,0.0009597356480587064,0.07840346612811792,-0.10959862618643249
2003-08-14,-0.16979850304449495,-0.0003365313482576152,-0.036588042648809695,0.15760206084405592,0.02600563036561181,0.12080286268435814,0.34015939681595114,0.21208554143569444,0.10818443714797142,0.0683144036609645,0.10391185060361047,0.020115800897278917,-0.08404363592180765,-0.07376331010982373,-0.05601777219042721,-0.2071942197844082,-0.016400923049262904,0.22565529203729429,0.34123763500447396,-0.019155616677927242,0.10855021154670862,0.17296163323788288,0.3147249711660435,0.13861275787563335,-0.009829674902856803,-0.14043109489478298,-0.07262875899011312,-0.10617177971853448,-0.08347434425446892,-0.05177867523915799,-0.1860653698436277,0.10931860222292743,0.05834114770544185,0.02803841571392117,0.2671174764742825,-0.11952985595307221,0.04827936873699528,-0.2065696635798644,-0.08652032744022382,0.17980782081594146,0.018354359864001968,0.22795360288744085,-0.1989113067858718,-0.2796110837413233,0.12089203480019832,0.04242510122621854,0.00787098210183622,-0.36208123184927565,-0.09285176511921998,0.1702561700399891,-0.22389692761614127,-0.10063495403470164,-0.026777908402808893,0.1325666571647139,-0.08158536446974,-0.049768015666277025,0.09827990598861501,0.009366682005399382,0.03011744144923183,0.07074016005983226,-0.09299803292973884,-0.01183604336085176,-0.1012404367606916,-0.13591091436613434,0.02502617148664282,-0.013272437906990385,-0.26336015289560544,0.13711334197451386,-0.14712754748851173,-0.05458188556506868,0.07119709039369129,0.05627546575267634,0.09473849770011786,0.1908078015922011,0.0002563314828407246,0.23270820797455982,-0.13758709578144201,0.014999019474056071,0.07308189900962603,0.007587440858002006,0.10541079312526554,-0.19775510380661337,-0.08309767811556137,-0.14323488485589622,-0.06736046968769897,-0.26451759664978863,-0.6034217858377973,-0.10836514397341555,0.07934310939332856,-0.014866901329615672,-0.04839737687583769,0.06317101439433953,0.21361641378378446,0.3887288922382838,-0.08378804954915477,-0.06869328066060398,0.14629907299531297,-0.060022223969650124,-0.008089103876670597,-0.02788041211316102
2003-08-15,-0.11619561184280462,0.09820292444041981,-0.08189937065285384,0.03599036194207218,0.14246225753608358,-0.15021205879732213,-0.16735269055555624,0.08148741022029808,0.3064236960399276,0.018434257883303235,0.04662306664548976,-0.20064975116975872,-0.15109218647908404,0.10961099096380372,-0.06826509125590055,-0.09981198198794766,0.10355776117223,-0.11210264150138145,0.27713233046280167,0.05944556510162082,0.25018056357161855,0.28947300995906367,0.10456909176082524,0.17926795492887254,-0.009285804124385007,-0.14204137806145287,-0.010352435307094683,-0.04971974236494803,-0.1412466988199775,-0.054315113444849315,-0.10367871126417053,0.13267297549477697,0.019076381112031873,0.1601577159973169,0.05087913716591026,-0.11799579469519085,0.02445935831576846,-0.1711911160364187,0.05094160518166088,0.1367281230793261,-0.09951303169945085,0.26610975649449087,-0.02138912621897358,-0.28952887974214514,0.2713851976705805,0.05720495877465249,0.11139493962282809,0.002773985109244658,-0.0917993280852113,0.05098992555310937,-0.28795363647445127,-0.07593921391481531,0.07276599072296955,-0.0505557769796429,-0.062030074432773044,0.0072161793265432565,0.29034176302902787,-0.013429851282215084,0.10471449959889176,0.05273702417133486,0.1741451501706222,0.10562898385444193,-0.06644001554631689,-0.3011976193548475,-0.09624494894279136,-0.09793192542462145,-0.18769310157078006,-0.11001042617877728,0.040310837886863266,-0.033812838217087256,0.11400742803996468,0.03672057641450203,0.07239906670385857,0.09501523862163536,0.33609225584719526,0.046049366328072355,-0.07191987651599216,-0.15526909506953354,0.10128940093797993,0.12775205744700957,-0.19047519306811073,-0.08466593939480231,-0.07232965497081785,-0.17013915215822248,-0.043612332451374435,-0.3073259847999092,-0.4683069253523998,-0.09902729857787992,0.21143560896261962,-0.12715584963465654,-0.09135988325441527,0.15968989167048622,0.30852130507867864,0.2987191222345529,0.013805666920156494,-0.04165654329269262,-0.02098958989121744,0.07520827318837497,-0.20272983661825925,-0.11379519721512527
2003-08-18,0.06153975494827363,0.10805118195331469,-0.07287731635342212,-0.03413064561037664,0.032917652257273576,-0.15655327238708136,-0.14652048145102167,0.04951077082163142,0.09653409889512293,-0.003740704804528562,-0.056320742279866484,0.13650660202316525,-0.029611460877497855,0.11175296161773268,0.015977978509876953,-0.0010049868209056323,0.008946783587693,0.16935162701515896,0.36603423439327504,0.14046055594162912,0.17542118476032575,0.028955110385131162,0.10817830652309984,0.003372182037206668,0.0008168266614787625,0.030534209443329297,0.03378905333310545,-0.09573079482661627,-0.05896077655284972,0.05577304677230849,-0.15203643882904824,0.1964342410197973,-0.006660088195082301,0.1865722304688017,0.15124366865350186,-0.04604292566769079,-0.003430534032266984,-0.184506798604584,0.1416048480974943,0.032639249980561134,-0.1516690868389245,0.1395594736628226,0.019525505335885904,-0.2553161113558813,0.251111311754283,0.02798860320738951,0.11596760388984906,-0.26183564653567604,-0.09179932897876347,-0.07768282033526608,-0.302137700369213,0.010517657855897538,0.3015166900037028,-0.040383122472995185,-0.022369964547005596,0.07573460942741611,0.20394522959015823,0.4202512718287903,0.09074854013764541,-0.005240685303470471,0.18822164314988174,0.18002261561884159,-0.020417545320761465,-0.4281859580613755,-0.06637781251641374,-0.18269799066746414,-0.10145493316728826,-0.15086949117455303,-0.027734895934931232,-0.018249932530447273,0.060649057904537645,0.0982479048784534,0.16545861399704193,0.17553088848935203,0.33057232243837,-0.1471612359848805,-0.0967836409555448,-0.11422333488752323,0.05909794293475555,0.3106839375816686,-0.17761502609411275,-0.051175224334778245,-0.07649191092878803,-0.25808783282387293,-0.11928254914978144,-0.3048460848287363,-0.3176387718461764,-0.19847100073079146,0.16484574360788484,0.053345697906759165,-0.05119981465051699,0.013179755564404911,0.2640852836247532,0.11304738618720944,-0.05379703146740782,-0.11314614213390754,-0.05290787219393978,-0.07480416321954873,-0.1109015578687401,-0.13252298945885133
2003-08-19,-0.029143139770684924,0.2923223787965519,-0.18829959087602283,-0.08074602007050874,0.17401386506887032,0.06557656100487115,0.022566413436326628,0.09265384522122855,0.17452521947757718,-0.12649309576718193,-0.08992693420815676,0.025373122714887068,0.035218505873184064,-0.02113856863482926,-0.051436606565692,-0.21171304397955573,-0.046803305898453475,0.040994801932503745,0.29184082970445024,0.07551979311988508,0.03217307041100324,-0.03059803886679979,0.24884384622890518,0.003372176955117785,-0.12788382933611586,0.25415998031598586,-0.0054301205904117985,-0.20746677937343802,-0.14644646532876018,0.1419146396380885,-0.07070488603411891,0.23677241161836723,-0.007992256375763895,0.08474568864775536,0.26725928329964505,0.028066787732999657,-0.18537642509767926,-0.12764496951934412,0.06170188172405802,-0.01336007725715685,-0.07606186032603938,0.009218644086990711,-0.17315535736021656,-0.015284087796425651,0.22494328970010272,0.027932749049079213,0.1491759448952067,-0.05087025477239517,-0.1082671696917633,-0.2048794372006382,-0.1719000008454917,0.02073029105270747,0.17103795341688963,-0.18459985189184278,0.00954537129632161,-0.10803481049829754,0.05304828651667767,0.44799485514967047,0.004898802466194233,-0.16648226709630232,0.11179263613108537,0.27475665974871755,0.013094357260196173,-0.3054963737035695,-0.010639527312637913,0.00035849872957762093,0.043771400386951445,-0.013480320303439325,-0.027968611474656475,-0.03926718152693795,-0.04727430209015068,0.15432059177919674,0.25599588987415545,-0.011437479745879376,0.15268816246621503,0.005358650103685096,-0.019568303624863725,-0.010387762455773929,0.1613060565258439,0.20875632760302515,-0.071320666737601,-0.072006217793245,0.09322702582815781,-0.000663693150387693,-0.14690116981233184,-0.274081990515789,-0.36133442741534455,-0.16825678441710037,-0.13259792171997836,0.1201581724827544,-0.13308991547609075,-0.07513770862453636,0.2200014147313732,0.17985846837712854,-0.018629053681207416,-0.19335336734222158,-0.06326098011240333,-0.04180730637840677,-0.07979521320745424,-0.06879875919822681
2003-08-20,-0.025497009845196962,-0.1203544716239722,-0.12641864890887133,-0.03235344400779824,0.12446043220768187,-0.10811067674753853,-0.003067525591183604,-0.16598023605324386,0.19338814371897822,-0.2614015322500501,-0.13763465990296855,-0.016088595954204154,0.08112857783978307,-0.023528980014444457,-0.01589730021725242,0.11564231455698205,0.06522628731346279,0.17089819302303727,0.16499188387155342,0.12223537268373513,0.06178245528697359,0.015032050034516228,0.2485787615066311,0.02429277731341179,-0.273466563638121,0.17493621026662726,-0.018679152971265784,-0.19637662761766944,0.06020947736962515,0.0436248328655333,-0.057142240923936445,0.18565919407641882,0.05664353042016237,-0.05934183084765569,0.3133925009173643,-0.14482756296463728,-0.1143112966375801,-0.0979823420355463,0.13828316494294,-0.036390616906292285,-0.07603595190100369,0.14802915390852628,-0.09522871984576058,-0.12915517504823923,0.2801283133305975,0.07086335314702644,0.009089222509920905,0.3908332911929982,-0.07096383172713328,-0.09775663857138737,-0.09609221103366047,0.03875610097407873,0.1617211128740404,-0.2846960525061336,0.0012193933918485545,-0.0998795483736946,0.3488273246246887,0.35355467142482166,-0.21068965132615594,-0.12859944441405663,0.05616297654172215,0.10667943353228299,-0.03571495436179829,-0.02282299678049725,-0.1701080655749362,0.031137627595764657,0.03977710757960393,-0.0363170776088994,-0.11284174148625435,-0.0038465042811415707,0.040608146562137994,0.15451323150882915,-0.0593982951107914,0.02063377408135119,0.12596255806274265,-0.09872443642429325,-0.05929456628654369,0.04304323854030234,0.03735204734635738,0.1033492315733256,-0.14650151072825243,-0.060222146818600324,0.07105726750882851,0.09994354234862018,-0.02870455458743024,-0.13155113859932036,-0.36473202591518195,-0.1065279930209055,-0.184033920428982,0.20729827783473848,-0.08953980647757538,0.10523834390088663,0.1871549237812517,0.17691437456575526,0.0919188699609017,-0.09887744498313705,-0.20890630088537335,0.019487234636624533,-0.1018107819899883,0.00341670551426229
2003-08-21,-0.20254691836744884,0.08581567468153667,-0.16903268433559984,0.0025945367395436045,0.012691617537070389,-0.06722196805341804,0.05538531065366845,0.08118929052926781,0.13444254792672827,-0.1521831699600025,-0.10032682559104597,0.12748275266529993,0.020338670131470518,-0.14181280812597086,0.05056461237327873,-0.19171701483056638,-0.08985819006775443,0.30842287936949137,-0.32906589723928814,-0.028904499345633248,0.07142237811042446,0.17054103534393333,0.24460244312440702,0.05251752160833317,-0.3113691451328218,0.25638240721881456,-0.004988511553502447,-0.11168962113462597,0.12020846671800894,0.07056815301373962,-0.07525590474073916,0.1779531056554042,0.02454677366637292,-0.0288491798147362,0.290657340545966,-0.00781717360689533,-0.04577190658068508,-0.03763385797850381,0.19686531282850653,-0.021587200911927517,0.049753536175922895,-0.020313906251988326,-0.19210634393622944,-0.04975748638428532,0.2566952992068297,-0.04971110182539904,0.08167619824773795,0.18291740354205288,0.04753604676638482,-0.14433016486693054,-0.08637526745709181,0.039449806394064535,0.15727014001598735,-0.26324047327863953,0.007614808919431708,-0.06725300628096739,0.10554356669836554,0.18572544976848868,-0.16014661917605805,-0.12471412355821052,0.05616299817250328,-0.0006992182550131828,-0.10008880721997725,0.012483210875187434,-0.07904729085037016,0.17937481082421636,0.03977710711355129,0.13917133392003955,0.006884086872428013,-0.08249482999531335,-0.07381726077864739,0.11829031653123595,0.1839057803046603,0.032249622851633464,0.2644818428742177,-0.0018059949229298617,0.10637091390934025,0.010518818565967942,0.08555642793160521,0.07095608815220134,-0.023200503302669068,-0.28148069433118866,0.13376742917140697,-0.060798431197368816,-0.0882496390502947,-0.43694250908774146,-0.15408950529072477,0.002037800342903793,-0.2420066480525478,0.05494227164765275,-0.002250682444586745,0.004175962800758189,0.15508416462117922,0.16651966585599381,-0.03160820453375733,-0.13638943485811972,-0.25454754436280036,-0.012228789973664625,0.047281918685183305,0.046796328387157415
2003-08-22,-0.28266373134127687,0.08807742035797243,0.09398057300370692,0.13115978639216305,0.15356531551778752,-0.16864865868508258,0.1820840481244809,0.18190001688725616,0.02799266596664374,0.06772699788912756,-0.005322148750108278,0.241231603473397,0.05868485404029789,0.11824949417922383,-0.01919920206030382,-0.22081993048196155,-0.1154270452452141,0.2712541330080227,-0.1261481308404574,0.07111550743973663,0.016418957118478465,0.33040893127079596,0.09023510115498964,0.09068670432361318,-0.23784512901849558,0.17652591568276715,-0.02834413653667102,-0.12023674721500272,0.12094597568211564,0.015605808016572409,0.01571044157669586,0.15563382941630832,0.04455112305441068,-0.0012737211657002396,0.2063491239896053,-0.19319806280038027,-0.06843506515942717,-0.03763387138737117,-0.1544337557534899,-0.015517295793036397,-0.10427333482889614,0.11520558038794881,-0.1895181252917857,0.11229772603590525,0.2883069602349174,-0.15951155984654794,-0.08200488400110556,0.008894128222349942,-0.02417738171248405,-0.2489378364097903,-0.038814929715804504,-0.0013544995040168342,0.10878086220378046,-0.17095252705009858,-0.01641834386980898,-0.0460493416189249,0.25001452640483973,0.11470972005095188,-0.1805889999738851,0.003174898464918817,-0.06719341726033319,0.05022022566226229,-0.05751389671106518,0.18974262567442757,-0.15963467915171753,0.2210680343928243,0.019691010757567587,-0.03285586615712632,0.14861492108992042,0.023065119549638108,-0.20930811847651448,0.06920788344752726,0.2700337877627492,0.14640229021271817,0.2470292104026159,-0.23124056867106435,0.1405211157349342,-0.10487216411718239,0.08555642077216247,0.034185285565791514,-0.19273081629075003,0.03325370907754387,-0.0029098941509172606,-0.08082848971009474,-0.08303931039810188,-0.30946895756975257,-0.12984736030236857,0.29913792287706337,-0.37586190413172965,-0.03868525411937973,-0.07221273597428914,0.12137507099658244,0.06872847107309155,0.01948987090541732,-0.15705272867389078,-0.18171120497118837,-0.3185254806575715,0.030903318738387378,-0.08327165947539222,0.04366080322098698
2003-08-25,-0.00555406029565137,0.02935167901648695,0.13499724048629608,0.011189731646721381,-0.11287501461332286,-0.1701910144214902,0.35701612513164754,0.16275738481706858,-0.14836465393810677,-0.08428647762613933,0.0769352031481356,0.14904430681157552,0.21501477663596513,-0.21442461219822184,-0.03192857599601061,-0.2313438787663017,-0.15538232212848632,0.2227912232901939,-0.050102679472474605,0.24518122207315413,-0.06549516794640818,0.14950433413799463,0.102605263882269,0.09068669748995303,-0.392491396985464,0.07647913199397091,-0.11280824161530015,-0.07894886515873598,-0.005179292513739702,0.20051072727398578,0.07607343582114486,0.14204162804502515,0.12229693321227825,0.0970528297406233,0.08694301776587803,-0.20528193652282103,-0.03300985114640817,0.09405542026111664,-0.048560164980870096,0.2646934358108165,-0.09546273887581701,-0.02129537138475593,-0.16624750216994277,0.12291913477361761,0.22352229638398713,-0.12866046077509835,-0.07501675527867337,0.12269619508941262,0.029110964626695702,-0.19534834568405746,-0.04457393189392377,0.03943382644509846,-0.006703947483718899,-0.21528648190904792,-0.05383220587122171,0.08880517213628672,-0.1208493682199655,0.11470971861487049,-0.05693504881100423,-0.009230178517609811,-0.001403689023287965,0.14634361352495498,-0.08997716098396027,0.1742033272562906,-0.0952669882384581,0.1368207129746907,-0.02435764549473517,-0.12982307461683545,0.14466371868014963,0.03335071882277345,-0.07456953739360771,0.14563577720838444,0.05105664130692793,0.33817960040482004,0.2659564967181148,-0.19835809943574337,-0.029563607246142973,-0.10236305894520943,0.10158487063065903,0.1526853094967699,-0.12716323007658073,-0.07916355373239914,0.08747940352286453,-0.08473881825011424,-0.11100237214613863,-0.10798930857160063,-0.222964181038303,0.20339589585382933,-0.32468133990512466,-0.027330777480931177,-0.007603529510294526,0.11495849208964391,0.09888245083718043,0.0015785387072845413,-0.2937340379793835,-0.16125964560476597,-0.28845887799174463,-0.02357313877136513,0.21820313931090815,-0.009647042375248048
2003-08-26,0.08190652104750039,0.055574628474132914,-0.010609613742383069,-0.023320485200386445,0.007413651177958133,-0.327897105234075,0.474369022245201,0.172777111227794,-0.015984952027157044,-0.14224704999269974,-0.014266815679258407,0.29682014113821636,0.23262525422970898,-0.06580908559813581,0.031036366508459905,-0.29228368442183617,-0.10354949323051252,0.04113137092525187,0.05328580576590673,0.07030252868031356,-0.12234946716077967,0.13221622250661746,0.0792658253249201,0.06807094937604227,-0.1673266759418304,0.0027821228992697257,-0.09852450139610712,-0.17434248601262312,-0.0246305972952055,-0.013873148638409634,0.03624996683221606,0.1483771587722125,0.09280998439337461,-0.024854273983051314,0.15343679129976692,-0.3030991247332384,-0.019759895402607773,-0.025644358994126867,-0.014597031706803406,0.28799617749978007,-0.12368576973821813,0.04208911978381604,-0.14160644332842995,0.06482886628998565,0.2386690012634553,-0.1199824463542979,0.031402733018441695,0.020113293763724643,0.05857139329235007,0.06006735348355072,-0.21340793507344738,0.02471800968360445,0.1439548509421645,-0.1172953610802727,0.012058670304604197,0.005633283892500909,-0.09896364809167457,0.06420787442864392,-0.03379471736623958,-0.08851573597008143,0.0201992387123278,0.1605608566890976,-0.07974144724496157,0.03318606386053822,-0.030912946288178447,0.18748366048662338,-0.07918350502945848,-0.07718961876838003,0.12500924535912547,0.07202389495764333,-0.17140163707708467,0.08836069853172897,-0.007711676663900468,0.1620077825196884,0.2747389236644503,-0.15645552092030984,-0.002299152214376956,-0.020710231005930294,0.0340535726160946,0.11952775163285716,-0.08813990027247157,0.013005868809595528,0.1436960301140944,-0.13387640820086474,-0.0938174158701303,0.025460180541590067,-0.05525153756596266,0.032751586001010094,-0.2183656703291634,0.08240109887294694,-0.062206266182383556,-0.028012517838659257,-0.11265008904522737,0.10190285105784495,-0.14994141227335478,-0.22854538918712622,-0.1121553579373089,-0.06568366949929842,0.014356186002954142,0.022340138210705962
2003-08-27,-0.10298013301632966,0.018770608491917824,-0.014202272302083726,0.0907694478169022,0.005238423594838272,-0.2928384765699842,0.2526022412390945,0.40829469254641865,0.015798687257155154,-0.06203712903661614,0.033888027440258345,0.29243466446650324,0.4245899134066725,-0.25367767042685274,0.15787843851538202,-0.41531709587515436,-0.11576004542174456,0.1137546413299781,0.14174243335487327,0.0436298874873477,-0.037250676363683045,0.02676981800977932,0.16055679797548694,-0.14729519792966944,-0.2015238917351003,-0.10859926782059806,-0.1917211644840271,-0.26969665331351145,-0.09650301659051086,0.025360917463200655,-0.05999567043703215,0.11593256256526084,0.1989719014781615,0.01752625093639111,0.30876466464818825,-0.15023344245997924,-0.0256422999782851,-0.08698148635737164,-0.07584016557234527,0.2603160583477055,-0.12573733450933064,0.04208911929409224,-0.010241982585369434,0.038105218009368384,0.16026159658389588,-0.01125219238739158,0.17823977820156603,-0.10093697096564609,0.04459147027547825,0.07036428094167148,-0.08161196724640767,0.016125583861870064,0.16494516582755514,-0.1787282420068463,0.002606722245867766,0.03629265489065297,0.06856909753827836,-0.056947320659867476,0.027341355597778887,-0.058989308724789184,0.020462746173540883,-0.003563654599694159,-0.11434115622049448,-0.09611075830709202,-0.06517445728272125,0.2563101597538042,-0.10967099780834973,0.01630852190813514,0.04428178714838177,0.0008862611608462796,-0.15246721375434794,0.1861330857838534,-0.16360798219117323,0.03996482598330129,0.34157600463162,-0.11061096734426278,-0.274415317006928,-0.0950962376389686,-0.00444912994885614,-0.12361197691008032,0.34638363877496026,0.10336891038312299,-0.053810500898781054,0.04459453289294885,0.09467799090093737,-0.12392809239423573,-0.1566201236138931,0.10377724210987777,-0.10009793803017364,0.003793243316555699,-0.0014338148121654088,-0.10090541636718492,-0.017154568340976933,0.1883080717668169,0.04291050159810809,-0.124963137417821,-0.014727027309496538,-0.17882484462716866,0.05187858587761857,-0.009733776662070684
2003-08-28,-0.07991779928752149,0.10031262414841065,-0.02691864990803541,0.04139048899663598,0.05588997899398406,-0.21945600446479305,0.19200842684607364,0.07015562985171882,0.039740949815914195,-0.10327042376266816,0.13793217991510134,0.2195279447367685,0.4318706811437024,-0.06324894430098756,0.1137235020757888,0.018354788659634413,0.023576227846204712,0.11221226994139966,0.016200028164618817,0.06990945002063305,-0.02511496795308908,0.03978903767882558,0.15299206716918953,-0.10365863501619584,-0.36939281598730017,-0.11492628314333625,-0.12690777702921352,-0.2586367006515459,0.02031625570231762,0.13400271938770397,0.0377097018514442,0.03866920621794,0.12106053727936716,0.025801902890777828,0.256769083915792,-0.0427336122872212,-0.07260999105051132,-0.017320099663465358,-0.27097364911030675,0.06498261896409273,-0.1531937206292012,0.11218407316620756,0.07877297652609445,-0.004489833940720156,0.04685548086044147,-0.0052642540684007194,0.2959118842876714,-0.22428546393541113,-0.06695325118144468,-0.05284006653320217,-0.17581458258463695,-0.02614840426287943,0.13900951209836038,-0.1710958168404405,-0.05315992595317864,-0.01652788835606195,0.07246936238634828,-0.20091257793018708,0.050575577957905966,0.04564522938496373,0.19527580013595228,0.06114320889500712,-0.05456741305073373,-0.11155421359117823,-0.08211311813181303,0.29495504678756695,-0.23780439388979294,-0.052731276792884745,0.025677826666576573,-0.014973948297152536,0.005273128548169848,0.20898647651145202,-0.23375279411054534,0.026272683540922524,0.20528099445710657,0.1522010714467896,-0.25082861804733203,-0.09298959844396631,0.04916512662113024,-0.44984403363733816,0.4336176397118234,0.17748436089374195,-0.029980341232791537,0.044594524071279194,-0.11940185914324837,-0.12322823061283156,0.03399252478089846,0.05055952508252463,0.04739647487184622,0.21447315830035144,0.028673748447296078,-0.05056315113172801,-0.10680906789489272,0.19000579204876664,-0.016142759003542218,-0.201505500547429,-0.17070646807300202,-0.10937576522276542,0.11898379945686753,-0.06022938471686138
2003-08-29,-0.22341305459456284,0.03638773882368031,-0.005791214356694059,0.041390480801055236,0.08978825765419511,0.03309061017865085,0.14376080347014786,0.025318132354196932,0.12741727794889393,-0.20545230875833437,0.1536222864698996,0.11662874245247502,0.26691536829343593,-0.0433216345258871,0.03282508063540179,0.13633699660789633,0.05461899249151059,0.20287347878606998,0.1259084673601329,0.08437081456688998,-0.22122157392530495,0.1507510461565947,0.24485282412307796,-0.04774539738870098,-0.36939281617399083,-0.04489015702821347,-0.17505116871613435,-0.23793489195692058,-0.041879271542930314,0.17661432204648156,0.032518426990842654,0.05905437897313668,0.09719555207088512,0.15012372588075992,0.18234696182308757,-0.0627631934189413,-0.03428112233821208,-0.12478199222577258,-0.27644860724829917,-0.0995591154655528,-0.14310452929740936,0.11319012401964425,0.07877297015952943,-0.08553294691576432,0.12458215156919059,0.08146572881362198,0.12656311135490234,-0.19355943289486893,-0.06084456005550396,-0.008968241931486293,0.11487458654000716,-0.09598719464482137,0.033276901513800465,-0.1453578606642511,-0.049704411827122784,-0.03268428687516412,0.09580922519673017,0.03468749384006167,0.0667015665590051,0.02064321945654823,-0.022995856164228595,0.1253965554638454,0.043415222347692926,-0.09901034114814364,0.0052680139083542896,0.20365226943140477,-0.22428773974302524,-0.11740388175201835,0.10530953649069912,-0.05654272897631584,0.004401004395424553,0.09994555510788256,0.020970620794792297,0.04336282337321087,0.023890308338590058,0.1131243070522437,-0.2798755092897831,-0.039480708758370904,0.020812439782940485,-0.3326215350849743,0.3109084520069679,-0.0430980940725562,-0.11389588551148809,0.12396183657283295,0.03421806931170743,0.011733745149416303,-0.0055993746470199696,0.08353275767712508,-0.12864830978295924,0.13709470574786578,-0.02200228342731361,-0.0117623994470863,0.046355808487551504,0.06587798536981784,-0.03524803019349108,-0.10552849090558424,-0.05824367415388538,-0.0824146056391415,-0.10723709627489099,-0.02545774999639865
2003-09-02,-0.0641375744921503,-0.04820185512452452,-0.0057912285102952555,0.050049481439784264,0.23059237030494215,0.08902968760555503,0.19843229080798677,-0.08826077139961509,0.33367496562647053,-0.29402873000233853,0.08014899710068907,-0.14198429729051174,0.2386223666672961,-0.06292607121511025,0.019429489514728344,0.25698563499320404,0.08001241595272676,0.13835557062616913,0.07689441952673771,0.2360205849909737,-0.20770355010760944,0.18256620429900283,0.2948967495863425,0.03627234127090611,-0.28217869496101666,-0.03397469215960608,-0.21988814223117004,-0.154869845858499,-0.05756683047166556,0.1307754917501169,0.0939696879385396,0.04345703733684402,0.23809704491890352,0.05184988674748274,0.24036810349406984,-0.1673993639535271,-0.0637340128674258,-0.17497556040795917,-0.3886169632802236,-0.027061346611266877,-0.15113098215756454,0.15237593431146446,0.040678213283343166,-0.1290921294045621,0.17770772919392472,0.035935360077136234,0.0893089144994634,-0.11173237234308343,-0.07991908157817061,0.17378722099507743,0.17678399238569514,-0.12375791651485094,-0.10701478617558216,-0.1650381575336847,-0.07308090321021463,-0.11121709843204391,0.07394700038729177,-0.06685522355227952,-0.057467400974102446,0.16841743272688936,-0.1489225159415405,0.1136665063313582,0.08338165489227682,-0.2510105531820302,-0.00937162215685429,0.03948484209411573,-0.12716326512499002,-0.0038165448045811,0.10755300692109271,0.004986725515293838,-0.0022617681304576164,0.05340742047748908,0.07294631835166276,-0.010079975244049003,-0.12037716306970317,0.2662895837931389,-0.11694476971232322,0.087833584488027,0.05771233126977419,-0.32062708261671824,0.12157380408655653,-0.06320197987322305,-0.11389589574527259,0.053025429265298456,0.013945670190782536,0.09649134795082563,-0.005599378797219843,0.1499601909277492,-0.21006293712210847,0.13746653951704044,-0.0531132104954184,0.005059789265453057,0.16797055358970803,0.19956939154832476,-0.06898471213660683,-0.09434038577625323,-0.17180355785339618,-0.08784784885660571,-0.20714168058404578,0.01467650281692561
2003-09-03,-0.15116000537994834,0.037346391610357736,-0.11378009559211391,0.05187588564289141,0.1391685070450659,-0.007431505240273768,0.1516771534562355,-0.345100833037416,0.09408822784663887,-0.038338460015358275,0.167628819671007,0.05266222513894166,0.24672934762894788,-0.04546578990353522,-0.02914551129192585,0.5722311795447992,0.08847537982127787,0.024101817401704338,0.13840051684340401,-0.053396595216294626,-0.2779098828351059,0.01654887410338118,0.1822563565354872,-0.001743658520747224,-0.3125801730148841,-0.08914165508334018,-0.22370515060899765,-0.08651189211367008,-0.07328027404258318,0.10664701319980384,0.1477046443865687,0.06686609168258416,0.11308678207629065,0.1173485362270923,0.21714853949549495,-0.012826510146278882,-0.119535061052132,-0.18621102008396376,-0.14793156568075042,0.21012848239483967,-0.09851616126529993,-0.03004770352948042,0.07305140405198769,0.0017472566527526427,0.0890161040077785,-0.014886245358255912,0.2057305034665521,0.2087707713247761,-0.049823542046339236,0.08790891181616603,0.17700774913737463,-0.10140152425788806,-0.01698450735855276,-0.04621287836254943,-0.05409909148852822,-0.21800736637334697,0.24681821143461113,-0.09884822904283286,-0.0874444296539672,0.08824140204220064,-0.14367489337280065,0.1242361266711192,0.07575874683878638,-0.19076748022658557,-0.02136464224645651,0.22780142269157672,-0.11610361319448989,-0.14447836866810942,0.2058281864659714,0.007621830851623212,-0.026621351417707755,0.025250224981035293,0.012717467225068894,-0.04955000548288687,-0.1966180479294195,0.23113273459820505,0.05043633524211097,-0.0324409379784796,0.11534384966662635,-0.0918371087228499,0.15196768123876145,-0.17481217139172928,-0.023046233476100818,-0.012723159507297263,0.05922936062759025,0.06305110202528018,0.06015466596471978,0.029623489354828465,-0.10280863775288743,-0.007779125479571756,-0.060472085552822234,-0.05903359006501265,-0.08637870447820932,0.3268116036342403,-0.0074563155887685155,-0.17338642073036292,-0.16225377190291734,-0.048150102506660915,-0.19699402863624266,0.01827307126679065
2003-09-04,-0.1285650865365234,-0.4297282618797137,-0.157869935342604,-0.12730255453223743,0.1510809325351164,-0.012384908546453754,0.43315782095851785,-0.039099098798255696,0.44430886928921043,-0.05409113534457527,0.07551955117261215,0.15208489900115793,0.039146411068100094,0.06101061853026121,0.15419513541534458,0.43811667090805567,0.02475081727508189,0.06481631291036329,-0.25341530006902624,-0.21656433667361194,-0.3958510963677092,-0.008863635744483747,0.009347495914309096,-0.16848887423665534,-0.4758274883675594,-0.17132716138471807,-0.24395533205516398,-0.04583401206669983,-0.20604177841049498,0.20606728162670152,0.1281047870738945,0.12533085021890614,0.18283562438043374,0.02607726462684787,0.31728716779028565,0.017359191945488035,0.07007400980639464,-0.16025869791184078,0.32369642253939745,0.21811052113676857,-0.07761022978417001,-0.06276811957190596,0.16440820135684764,0.07679295808814181,0.08239911912122361,-0.07172609016680014,0.01117296207000694,0.051723842827936246,0.04709406002187439,-0.10400823554676078,0.17764006146340383,-0.033706202264122506,-0.044308206225923255,-0.2183286617661693,-0.019082956249396828,0.0849241950453105,0.1790041279014504,-0.08431771905318197,-0.12992021333053924,0.18617116169944475,-0.14781874589883728,0.0847819162150141,-0.0007074249787348073,-0.04373439559920363,0.04789608192733336,0.14090690528972621,-0.12992417465909611,0.0611274806026172,0.16457123478190716,-0.031084716830740277,-0.019867309327267216,-0.01953869246964419,0.05689777390045997,-0.03153145644567899,-0.05893048086928632,0.25022541359399997,-0.004040590912152723,0.008816085608167695,0.10738790203629339,-0.33316002239900283,0.19561171404713892,-0.11140686370907779,0.13286819212983475,0.1049037795474195,0.09074504570292609,0.17004476527610624,0.0898263875439196,-0.12450011615747825,0.1678564912530397,-0.21367457271585555,-0.04066956432657529,-0.1033262369486031,-0.0975685295252808,0.2238585874118127,-0.23274133938196132,-0.20440671192501078,0.031114509343104932,0.003319023897296458,-0.09051080148067922,0.004878066351617434
2003-09-05,-0.13638768303881443,-0.10539970156506287,-0.19404132484517247,-0.18211620437574155,-0.18810928350183936,0.09461878146995475,0.5577096859297094,0.1918492974033256,-0.2770411949184798,-0.2539087868486541,0.07811353978509271,0.11414209576479285,0.06346856525633757,-0.007624831903943493,-0.01427651110471753,0.15181101924397494,-0.10587991280254971,-0.14148946420014005,-0.19768626775949116,0.17630399711181574,-0.07818853859868602,0.02570310870162544,0.00934748600929419,-0.002204298091043086,-0.447489757648453,-0.15757595697547241,-0.15181018601696988,0.01766003416533676,-0.014662779707761385,0.16949977984398293,-0.08060399773582302,0.17558920902188624,0.07141246290998639,-0.14033626759869663,-0.3048218373743556,-0.05326265198111054,0.09610713895623896,-0.019567724322763578,0.3541539053936638,0.1048268043960765,-0.16468599378586135,-0.17923685655419036,0.05755453614121571,-0.08591722492083927,0.04107352598932434,0.04747829036403904,0.08555509054523926,0.3588809579673826,-0.04468303219562704,-0.21446167975247402,0.14134856430388368,-0.05933144991373178,0.00887021801633616,-0.1520432119105885,-0.0031979749109281004,0.046927260028154234,0.21883538988833143,0.0574584774860738,-0.07147280394769227,0.08027703476743898,-0.16799395318002378,0.1922212397639668,0.058531152643687,-0.25056019610477004,0.16655914273327935,0.2609604779781463,-0.07171070370583911,-0.12379637311132735,0.0026966014585533427,-0.029662668158268807,0.04181408548592369,0.04813265396515022,0.040468498970404373,-0.011856317307212767,0.20535443045170176,0.3207328077642015,-0.1480441033545866,0.011733509926765261,0.140415590440476,0.05795767001568201,0.3080015563017672,-0.06575170225681116,0.27346197184116966,0.16953844272712548,-0.03927975167701544,0.25791052641875845,-0.19468155007036725,0.08892124912345291,0.17643268192962697,-0.13437822493990295,-0.06204300197803102,-0.13102300073645806,-0.1346726322527592,0.2461905550500322,-0.09473766012762301,-0.2223329832219166,0.03492093135431279,0.018336363958185994,0.303287185644757,-0.002230214560865528
2003-09-08,-0.05500567997091856,-0.17412235252234687,-0.058119477439004,-0.03677612252805868,0.014772994319876304,0.2359345835421113,0.44631750171348966,0.22523527744971905,-0.10719871586846831,-0.24055662884010123,0.07166802242543456,-0.1409530737236738,0.11358543706155166,0.0002021849978340638,0.0745154550439646,0.08670654382630047,0.010912307388986391,-0.1476018277811499,-0.1572959267246953,0.17432449115730372,0.08043907683368337,0.08960048292932891,-0.1290658151332014,0.03196621596241057,-0.16829412434347307,-0.20228090396446763,-0.004584547028350733,-0.07526248341692414,-0.03416147285336817,0.06675687260890519,-0.0691646879998627,0.09066140788235061,-0.009437448312673272,-0.14033627121796757,-0.2873843865565694,-0.015702655429523992,-0.029029937284074006,-0.04114315645368112,0.11145015679307792,0.04415375250552604,-0.20034753431799757,-0.04219222798414535,0.04192534038903269,0.10450551771934892,0.07400071964268871,0.040911020133629385,0.25610058208248515,0.3152254122472849,-0.07908872001393358,-0.217726432522046,0.16291434887894982,-0.05887487794466612,0.008870208379774454,-0.0973831198340633,-0.030681630228617182,0.2828990306337718,0.0779139639406374,-0.06537012952319778,-0.030814575241943837,0.028454525222737132,-0.11145940369933152,0.036866610488525936,0.03430975571615974,-0.36467749034501473,0.1348576526870847,0.4052785541218808,-0.16950066921330179,-0.11961435326665219,-0.022425563881796833,0.0037707298424416885,0.04196407207835064,0.020818688966463328,0.04174498707641758,-0.09142950471080916,0.19626026952911405,0.2030595620013189,-0.15274379937514618,-0.07483673602104313,0.1418952356761223,-0.02074312875638002,0.23221652814836682,0.015468417811990707,0.2564992264090348,0.25604888591390307,-0.00550979596155295,0.009534625482047516,-0.2181729854991652,-0.09099337243381674,0.05966037810690663,-0.07209277288877049,-0.06066209007635805,-0.06955353310772175,-0.12359634241484077,0.2034275740838788,0.028231247921144138,-0.1827193849189786,-0.04796520909998139,-0.03759216809362665,0.16766569363245698,0.03191818514702983
2003-09-09,0.06287660032015825,-0.1632915701896906,-0.1072924578892404,-0.0008398922720628844,0.18006476895040058,0.28748900449406745,0.23392890643772726,0.09460515220425833,-0.3270598316180031,-0.35446583730044745,0.07166801062754738,-0.0216286943680727,0.14417971536911042,0.0070163202457042715,0.03263265993863323,0.10836318844695225,0.015666692960756984,0.03622580657794708,-0.11226779028965035,0.0787442036649362,-0.02964398652090387,0.022831411221837003,-0.11550558706268553,-0.06141941196505337,-0.06101186874448724,-0.07350357487945651,-0.030906893627293233,-0.1452891768091514,-0.01643364568638133,-0.036703300066034845,-0.024617542760924704,0.0793529163749362,0.14832410491534664,-0.1662149772735444,-0.15415298741412184,-0.20053138673588047,0.01061613590449432,-0.13929011401597996,0.17688662435772814,0.10252931939059014,-0.06682589685545193,-0.0789581495762184,0.21978692926896268,0.008872972141966657,-0.1063253672655836,-0.0021011407094424913,0.30956187542674496,0.30441106548437286,-0.08169205916369225,-0.21933503027859674,0.16977417946280163,-0.07489184659769614,0.1077548610190398,-0.09037733613954457,-0.00817009024898281,0.24696726096271682,0.3133871421198928,-0.01254270259079181,-0.020987279310899377,0.019798699905323666,0.009954036255472063,-0.1315716032805294,0.04579734848214671,-0.2703788517934239,-0.09982329166884849,0.1693613946156229,0.16296445524032696,0.021957045322846487,-0.029987585364094193,0.005571702999822175,0.1690132970207785,0.04099014518629468,-0.20427920586333367,0.06230551588684517,-0.0004698065257275133,0.16398484085994156,-0.11981132555477919,-0.06142054651306086,-0.011018819367076833,-0.1401428988799806,0.19091789603221654,-0.21709568655687134,0.10655673774456483,0.19676137357531093,-0.024896699966055754,0.06383125844370825,-0.25908339481116516,-0.03353037222772955,0.09466270243684954,-0.17160306456086993,-0.02002508751579467,0.10250599039711417,-0.03195251840925194,0.3804718058953743,0.11738483314645243,-0.203933142207137,-0.044789258506961194,-0.09249609454843398,0.16766568482654404,-0.07179797772848318
2003-09-10,0.11304794641371524,-0.07742154258720323,-0.06394661732147833,0.11938564123200876,0.07336034085307727,0.19704241572905185,0.29322376742540246,-0.137899742094696,-0.14330589297029836,-0.07563585499615662,0.16999597935940222,-0.07807965717296847,0.16222494506070617,-0.00926958127445597,0.04179745041768926,0.06746524651397061,0.12474320673236568,-0.08620904932378436,-0.06864620717452342,0.038630185254574484,-0.11798973591708177,-0.04218439946811186,-0.03196837197081319,-0.021716497798551837,-0.09369709927228773,0.0064450226743564595,-0.00850214229955278,-0.01739402993076775,0.07491929571592415,-0.040848807010914714,0.06388663155301337,-0.1333808683061949,0.053921218506410316,-0.041163614337375094,-0.13289940892743418,-0.14929508551199905,0.027393470979436615,0.08464468502143208,0.050518749555440945,0.0902310759895497,-0.040610136445633556,-0.10298788510060826,0.10661605453471176,0.1581619319311195,-0.005648509407664524,-0.07280611976783333,0.1991480018884069,0.06598100708871944,-0.1061739506127202,-0.22816461289377102,0.13915358882428452,-0.09928140701387166,-0.06169597239480558,-0.03569856768579054,-0.05636477250723922,0.13885159574302813,0.13674735704532862,0.010312685238151334,-0.10667072831268494,0.05636626627905403,-0.03420401079071325,-0.10323502684694073,-0.052153707709345916,-0.057169635558690146,0.1274240260228973,0.2242519409524583,-0.07802564766819571,-0.22720801108363894,-0.029987594138330746,0.0995057222497177,0.22481626885127498,-0.0067443831960216395,-0.07692467893839618,0.01908862602995664,0.2767759353112031,0.258280801806341,-0.040151072730501336,-0.12754228776349721,0.15208575114916725,-0.12958586757997817,0.07732833162832194,-0.27941627497903826,0.08548116624026293,0.19557774929426977,-0.19073570056717468,-0.12876971627474382,-0.2634782055316539,-0.035353147934815865,0.03521753053422938,-0.08152062590639168,-0.03561520084992301,-0.05078419506716764,-0.04067196045709127,0.2092268848590124,0.13467470902030257,-0.1873595581211832,0.0356422245871408,-0.09673428240396224,0.06610756164471675,0.005357234784608092
2003-09-11,0.028013256462952926,-0.02226143921837198,-0.10254596826725779,0.3407750919753187,-0.06585470486682665,0.08465699171449878,0.2308302483908998,0.06564544924022785,-0.07123583611896649,0.023831620244263215,0.08547274680022544,-0.00719428742786993,0.24548232470033132,-0.08860121707469802,-0.0821878837717935,0.13441952407591315,0.15325889279926286,-0.1520942113314725,-0.29197511545923993,0.12428473603271273,-0.05346457479660491,-0.01593224030798144,-0.2075695081315482,-0.12237263204332159,0.030089045878662332,0.0753723632094468,0.15474783547564055,0.13885737963216388,-0.06808682872379958,0.09140925074913918,0.11911673712103463,-0.053572556400434714,0.029991181140243024,-0.14805826254459772,-0.046723764696424704,-0.26890863695853723,0.1172552870613674,0.22298179308701208,0.07183592149233463,-0.05188871557594314,-0.09204717914388627,-0.09147426717338551,0.10661604680424656,0.15816192180009986,0.07795792146317052,-0.09288131116877264,0.2026953806013114,0.16176304192073593,-0.08216053980500128,-0.23647561328319802,0.2589789634049431,-0.09928140920139465,-0.09357107469877657,-0.12237089888745628,-0.04459570031142529,0.08730424513430862,0.31529520187624865,-0.1473270973165523,-0.10667073914042677,0.059879492748301226,-0.012816149324374033,-0.10551335475790226,-0.06998598501907811,0.012632801536569703,0.05531178322764668,0.16133301792001511,-0.05593125343114493,-0.22020879611976393,-0.020711419269401288,-0.004482132759271876,0.07342791675489946,-0.04136796317535514,-0.07450922715523055,0.20624505241368216,0.22157173198486044,0.2819098743087532,-0.0892371023512472,-0.13576194234359232,0.1670970865620527,0.028063140538161203,0.05160549641246306,-0.14073253833650104,0.025778823869268688,0.12583383013360194,-0.14456932044853915,-0.4136997203418773,-0.2634782077083461,-0.039137281959801096,-0.019042339612361736,0.06554150211906835,-0.02399247307978254,0.04284240174256604,-0.0020118877922654676,0.11435824074004633,0.16429148259724527,-0.23731985184864154,0.14782162502464982,-0.232708981426526,-0.027020847127170653,-0.03001058768937117
2003-09-12,-0.1146775704087283,-0.008271658897938575,0.01327010539108866,0.19156852194536012,-0.0773151813931416,0.3420351381962905,-0.014983403631823617,0.2890384787039838,-0.3433329994136154,-0.08785226804411769,-0.029728202625946228,-0.012094910572811727,0.26935989137018485,0.035563815611877395,0.1395530344493765,0.006126666192959664,0.046773261628511774,-0.022446311328896195,-0.3425684276389405,-0.008136735610419315,0.10193465834120219,0.09104957025112297,-0.27347381270431637,-0.025032809854449528,-0.03450243793421304,0.03911936813520675,0.20240622890732698,-0.15407531696076415,-0.11093052357378835,0.06051175961327262,0.037514069995293,0.017537316597563836,0.12480826276487601,-0.08384342621216431,-0.0532278542208738,-0.11989577792080396,0.10604457147367972,0.12400929823934302,0.12786692699332156,-0.16612822400758753,-0.12569365601887414,-0.05864372970634489,0.016617932028451604,-0.13197705286669273,0.10004560986849258,-0.09122017198278265,0.12385166870395731,0.03773978449805717,-0.04701029377019299,-0.39281096847149033,0.2182393053188849,-0.12515868881404435,0.048270177899722023,-0.04994967680249401,0.0141312109964722,-0.029826744227165948,0.5146340586752743,0.10071404079843572,-0.08106274359940988,0.102506572358055,0.03519672102803843,-0.15539564114808488,-0.026592621842501586,-0.10766689833801901,-0.0012308474488667992,0.2128198022859254,0.004243559384948883,-0.2585293218300678,0.10890756787344881,-0.002317925636527667,0.07342791344139986,-0.01584060227552937,0.0719602480067784,-0.04151746341004018,0.09654738252501177,-0.09402285855553381,-0.03691641064574278,-0.02519743301002707,0.12472755062289691,0.028063128766710868,0.009845947140711391,-0.09347622635415277,0.1172893052106122,0.16401155486225857,-0.09918640040203336,-0.24466263193208124,0.22643360265458376,0.016287656977221694,-0.024725798415157554,-0.10084646164047643,-0.0448165357477112,-0.108097697010114,-0.03589812511568481,-0.0902817240952154,0.32494231242964833,-0.23568179168539366,0.08026041489494568,-0.09644768885254236,0.07632137936036058,0.06153271299232243
2003-09-15,-0.08725871844835205,-0.24705731592968475,0.07071272525451186,0.08506864890791717,0.08333844474227514,0.21759143378878648,0.13231455194547914,0.17319866493342942,-0.19355524443236952,0.028947562344581585,-0.05063095962743179,-0.15446873952857887,0.4222868726735056,-0.11996162696655104,0.05704518570495513,0.09658099058927157,0.13797254919758228,0.13774805359069295,-0.22749795497154435,0.05340010574086264,-0.06926133998624422,-0.16031127509164253,-0.30137104423100447,-0.22210435670220313,-0.03404797480428009,0.049397434539672706,0.26947048275759755,-0.11511431243656216,-0.15607564774651247,0.0635045627311388,0.05060754431171863,0.006929144303747007,0.04719569454983915,0.07784202432515466,0.01716313655846245,-0.09024792453324917,0.05824519004410654,0.24036442569821906,0.17372724985634933,-0.06986683385891038,-0.13133852064844914,-0.019507656976645322,0.03364799225934815,0.012833332438182656,0.10493834919965445,-0.11374995361227713,0.2952847076304704,0.13583836465349608,-0.04701029528949722,-0.39610006082884935,0.21314291594661952,-0.04995598469793167,-0.03128269669499486,-0.13803708199059395,0.009646823823261916,-0.007159525950875326,0.5495215068502196,-0.058595206508363806,-0.19381798644445236,0.08076936934992465,0.1755961784730036,-0.1553956477688005,-0.05624440187193874,-0.10766690168802198,-0.11705898869279792,0.26792132416441533,-0.08386783245357685,-0.17139623677579452,0.05174858722010508,-0.009155313824223679,0.13336177804221214,0.008758315817170534,0.008021762318253245,-0.13303864629156475,0.09553087193683321,-0.24345703136821265,0.0007172941647811495,-0.029631168067248328,0.12472754462533525,0.10180773822442676,-0.01805609019545438,0.11809630670975653,0.11728929616852315,0.33364473232019914,0.08906202739702378,-0.19017053821338875,0.302471079566701,0.047854162683906125,-0.08552020837581935,-0.3478881347059849,-0.019594465824361355,-0.12013860173973716,-0.09743236064770723,-0.1712423761726557,0.10386916548707875,-0.06838032705244801,0.03960581037564036,-0.144497480661644,0.012905767414334997,-0.03747460369070454
2003-09-16,-0.06382249459752203,-0.31698375375142834,0.1743753023542322,-0.06602254591295531,0.1381866625741074,0.4063284495364406,0.3624215215017233,-0.06014924262097472,-0.3946888494076297,-0.21860694656243734,-0.11641024768838167,-0.0463112041245772,0.46375063941222705,-0.019619881341535163,0.21680315241903608,0.45912666206336034,-0.023976267413977972,0.2965025095286662,-0.12680311689414717,0.2390368157169433,-0.12330768845151842,-0.39687312577615036,-0.1568941429878586,-0.2592767056881599,0.015454307097902952,0.06021157763074989,0.20912058190015634,-0.21641865305658833,-0.11007229470344465,0.10712289111991992,-0.010269128430925534,-0.011128846167680647,0.12970202641623996,-0.13826839876879782,0.18847854401423192,-0.06271786221988639,0.0762668086478212,0.0783657447432213,0.231803566894348,0.025016140559464294,-0.15229455341322007,-0.2574502303396119,0.015596363946448468,0.34283141124007227,-0.06363857796701441,-0.041313248094276826,0.3899927609151979,-0.26883759043687094,-0.19438899306267163,-0.10009457401144117,0.21986406717386153,-0.08051146417429879,0.10375716857159047,-0.13803709644019374,0.04082152475150043,-0.23420016076713646,-0.16405829909620498,-0.13239196346785256,-0.10460099016513871,0.3164565909573915,0.23543255530402504,-0.2905408525965922,-0.0033602551446076097,0.13341440739252905,0.08405836556354183,0.3148568462192156,-0.11811140680913478,0.02308759528449086,-0.18983736373557228,0.07265590917161546,0.12284554718000483,-0.02010868699363799,-0.2137146689817978,0.0254247740262672,-0.2285355032686603,-0.389846058748197,0.154855508730735,-0.02340380798618367,0.047623968668466216,0.3150201240282233,-0.04171543564635589,0.3145153200090555,0.21271758100380456,0.336785280926348,0.1575427300825583,-0.08189042962395947,0.05040384552307781,-0.13171865610485894,-0.277750992660495,-0.10021446504014002,-0.05583495781398519,-0.1804065651574293,-0.22723665286979072,-0.09934405044642414,0.03837009398326418,-0.12004625083350325,0.10166904286691765,-0.17148180293998788,0.012905758101868062,0.025790047675813207
2003-09-17,-0.11827788718621568,-0.2439922636831796,0.09017614170410111,0.027648887206080015,0.19481355550012927,0.1760659720908876,0.2076311729351695,0.10476911000824939,-0.22830932837235357,0.04644859017631811,-0.01770160566973838,-0.04248769877068876,0.2991754943817416,0.04755262626447573,0.10109494104172834,0.036598915453520973,-0.04744243157490488,0.2669805644178429,-0.14195627495168417,0.12461317361784546,-0.06627634404958924,-0.21335942545627734,-0.2455580850007777,-0.1560775523126038,-0.052583120507162046,0.06167298522482815,0.24758446609524304,-0.06435249268272585,-0.028227828998450447,0.09098335809418284,-0.043943243436332796,-0.007119228469658167,0.0030098336802856576,0.030693723133259358,0.2186581475633432,-0.049484246363583936,-0.07111188337849485,0.08569380998309827,0.22754239517388017,0.07454764740490401,-0.07269814566897943,-0.16025280224991795,-0.11672746652555868,0.1176004476297855,0.09534306117674053,-0.11529655450063378,0.328966797147759,-0.24292487561512155,-0.12528526306371854,-0.11148921249623286,0.12427834958875664,-0.007865734509893313,-0.0559360805295751,0.009274734753283735,0.03054145213987621,-0.4053125761611658,-0.25079961119041544,0.02302585403804659,0.033708069643345044,0.19495954372601498,0.1380484224495309,-0.15642268744545434,-0.05320720317993887,0.23829442237402815,0.179631321016045,0.3498155460526556,-0.04031608467799408,-0.15479364859427214,0.07015382946577652,-0.024576215905050398,0.1324362349092964,0.040687025973858565,-0.2712932755996294,0.06867156584799429,-0.09804989458418577,-0.17930191879751098,0.1900709278688106,-0.18173390397849723,0.003530649819140916,-0.16823401253721457,-0.08474542026494461,0.22551595703814653,0.11624656743340991,0.3367852708943431,0.012541035920719219,-0.052338358069455915,-0.04446748165479907,0.0030951968554392036,-0.20206589001564434,-0.03603418234849207,-0.019394916762864662,-0.06819378133664526,-0.34916248704354197,-0.018549327654177022,0.038370090654659,-0.0686202519865471,0.10166903659890483,-0.1521037822927683,0.1243158680275845,0.04100716049130089
2003-09-18,-0.03782666720906756,-0.2548501776775462,0.11988263225889141,0.1420526504408341,0.17476710325921277,0.28426329746385076,0.2132550237306434,0.17545400644790152,-0.5588310169000849,0.24850986755293117,0.19511235041697114,0.06231905944152659,0.29348136477160297,0.11583932259434397,-0.19173881212592042,0.08861331475661056,0.04971088766261806,0.3156325250124339,-0.0110625625356344,-0.06396342101500975,-0.34669342973932926,-0.21201473652360384,-0.2173115162514565,0.1107756852500698,0.07862493555408154,-0.09346082971965608,0.22438750801595322,-0.14240808843316005,-0.20688174154001474,0.005077247488747739,-0.06551578812253553,0.0007116134174381432,0.09393257597473344,-0.06969834008518966,0.016767550716228492,-0.1084944065116761,0.21214262675857237,-0.09887321455598741,0.19867509616512752,0.02263146608137925,-0.12111577085690531,-0.026801404428301562,-0.1167274692537184,-0.027705569249700992,0.1003929726325333,-0.006665567971887773,0.13090519332607645,-0.1532501053981187,-0.09862727211782399,0.15172945220673567,-0.08578888286625908,-0.38966050160797844,0.19865139807907728,0.2164450233108584,0.06197534979336245,-0.5403933740958761,-0.2520101787632712,-0.2392571546625093,0.19401978729523064,0.3073308542833522,-0.03730621536932567,-0.25069752939739476,-0.03267782502056631,0.1601311645438224,0.029985600922797315,0.19845741389737037,-0.008730468969428412,0.018756974589740984,0.18411967200788654,-0.006866618610858102,-0.006074725973343053,-0.05204526123045126,-0.06141848269712957,0.2223643120045515,-0.015265253259229828,-0.1690984993397707,0.08439688738275833,-0.161067391176669,-0.10266850471151207,-0.10385122455202893,-0.28095834804429065,0.21665277467425953,0.0775470011110013,0.26889044914314775,0.1346001128742577,0.12962822148185746,-0.047277911883204536,-0.11358680834767398,-0.1594440041737035,-0.1261911584304639,-0.15597258555418084,0.24003186761201473,-0.34916250060991516,0.042303142703782506,0.18481734282995865,-0.15817288247671077,0.18660885399764965,-0.27534519861358187,0.04571899214730344,0.09382382956132128
2003-09-19,-0.2596479851429205,-0.1069779509375139,0.12457963437812944,0.09153905360702928,0.04932527439901595,0.0948950025591663,0.17624377111146372,0.15213952456627788,-0.4623637067306595,0.21926492600855665,0.07771434074270366,0.016788308973536805,0.11525917373622871,0.0784599559876731,0.0750425403929914,0.2033259631170467,-0.15349162832910931,-0.029477904115886605,0.1916019899791556,0.04720138253049134,-0.2875165888025535,-0.1785283402680313,-0.23126448628490698,-0.012424425249244631,0.012857005477981185,-0.23157500672994602,0.24945820562674922,-0.11858772105327327,-0.10846751994066949,-0.08347292707030218,-0.04161517876072939,0.08869320954260565,-0.014442707828717712,0.17051838297333258,0.017877251202811514,0.1860328088326316,0.2639525346755236,-0.05554326464531025,0.14213424342087125,-0.11303930984486857,-0.1396213958516048,-0.10395015509016416,0.025763603833084278,0.08119085771949112,0.16645550527101288,-0.04523691183441759,0.02358778398460768,-0.19933306414752894,-0.2398819693677354,-0.07334096336130719,0.019762431827226815,-0.2948267720501758,0.0678881220661649,0.24029816245804442,0.041725917372166806,-0.1881652029466745,0.04461715416567299,-0.11856698273935025,0.08459730051018345,0.18072513939292817,-0.059783942751465105,-0.21558009279134155,0.049702275764279075,0.24540781024894595,0.18388369416571793,0.10885412159624613,0.03631291544531989,0.15790665117699354,0.2458752072895427,-0.05607615819102694,-0.029853161881958367,-0.13301875300921762,-0.05589702638729685,0.28817741656182516,0.1182558113023468,-0.07581528000125756,0.0027955319582846873,-0.3634188057598123,0.01197061109471013,0.24315901337459936,-0.19740430613489074,0.28960152250281224,0.18133479337785324,0.24521920626748486,0.16092401712642984,0.047982817419162,-0.11116465518374612,-0.12942953098010684,-0.15944400511752777,-0.0002979091974603849,-0.12521155026362313,0.09303651471212096,-0.47359502666554804,-0.1459010046806099,-0.08038756817978626,-0.033875057919052654,0.18021074096713427,-0.18213358652762698,0.10676078326334827,0.02949272960920332
2003-09-22,0.026932074281839625,-0.5658104668570163,0.12822883983123276,0.23272367466765406,0.2851567041334399,0.15465922012319905,0.3433460969134958,-0.14432877305244374,-0.3838167044016301,0.07061968584734335,-0.019894600060716038,-0.05962662893502333,0.14304386555638096,0.15493272956465837,0.2303160641383104,0.46522944297512253,0.04535877955850282,0.061786544500544646,0.600810235745821,0.02224823731337907,-0.3108641748770976,-0.15451039635354522,-0.030539816529815626,-0.14939511932406985,-0.057092250912770696,-0.3798317666898435,0.2742496669539881,-0.20979921515785288,-0.1171552755219585,-0.24260845564663958,0.08129232074910787,0.054805522811927944,0.17426004604363057,0.1617591741221815,-0.08120941705336145,0.11744457471246764,0.21784836244086772,-0.5417101769294633,0.060463050760278594,-0.10654950785397416,-0.12217855683953298,-0.1926093827305048,0.2550262191012359,-0.1551341116528801,0.12502564596984594,0.07988824920494025,-0.04165921589186609,-0.10607293258667763,-0.1996151894635667,-0.01784662779939793,-0.01262806342047117,-0.23183318367183708,0.10557854348763143,0.24740892861284097,0.034068715062932985,0.03283935770841348,0.13956147483174072,-0.19747382031081095,-0.17332489509759189,0.23172369698587283,0.19828038924229377,-0.43878119162687673,0.1848064821259225,-0.013524338515881222,-0.10963828861545835,-0.15890710990534676,0.12300763402290635,-0.03989982845391083,-0.025848138995534575,0.05578186809376328,-0.04043255472089835,-0.1330187568487484,-0.09808449950830922,0.5003827715462358,0.14156331128933533,-0.21579736834515653,-0.09312836572700128,-0.1925766519001525,-0.1758953803241645,0.17237805171974385,-0.2625507565300529,0.002198432239973166,0.13621520051083505,0.220998618958052,0.3336436434291212,-0.0189939944852686,0.18298662148515413,-0.14921358925184133,-0.058931756349256584,0.17359637160363428,-0.10021588423307116,0.03486269803466361,-0.23307259849507833,-0.19456695938351662,-0.0005563480258334748,-0.054199641193036004,0.10782170471955754,-0.20425678530732272,0.11675593530469744,0.06473799532701463
2003-09-23,-0.020439212225152437,-0.30400299485133964,0.047408543996600286,-0.05850416745865413,0.028842010284954915,0.14738135575254263,0.10776053764938114,0.18210332494182993,-0.27765411510028115,0.013085993205209381,0.04061605937694094,-0.020607508190159333,0.050408307220434906,-0.2341656350618176,0.057097214980148754,-0.1052105406798467,-0.019783658627001648,-0.062167860141503245,0.32204640350061453,-0.037006108332252846,-0.0743452370341739,-0.3184137627690032,-0.008978718108055813,-0.09446767675764564,0.18433411545716727,-0.19978773727137453,0.11551720020383202,-0.04618352187158753,-0.18989126547086316,-0.17832871869771658,-0.10099177306199526,0.07450288991255964,0.020725241693784282,0.238855183423014,0.06391767505124196,0.0203753287394451,0.18605193016746543,-0.33882596386658753,0.4474795315449674,-0.09834482746724535,-0.040971441218692964,-0.1550208428619255,0.2515437018414804,-0.3001052849939815,0.06286435050334935,0.054020187573118196,0.01920549181524493,-0.20560820859276743,-0.15486555018864054,0.19320023338627462,-0.1260570452196426,-0.08081389835164625,0.25299105984002296,0.05530480734261385,0.0997532588243861,-0.062401662291080545,-0.15377361381559138,-0.0936485126180439,-0.003888233114908685,0.14247717864812526,0.11336175317963054,-0.34923051725601784,0.09840792418402988,-0.17650821987711196,0.12096929583260119,-0.0025435663652311497,0.0323749406062185,0.030810896718195948,-0.04406877249409984,-0.05459940204576315,0.07276721988779979,-0.09729798026939056,-0.12565769379252695,0.16161565844950854,0.2272618344463791,-0.019809316581096498,-0.16797213918433085,-0.14515363150698268,-0.050411809468987004,0.10573561415187957,0.08278191421316702,0.34583055607047014,0.2449873907124511,0.004770688055496953,0.39426467744336435,0.10269704209506557,0.14147710937834584,-0.07336887005482483,0.16589064871637416,0.22403416905453538,-0.12913145803829076,-0.21064015805029074,-0.18528117351978296,-0.14873178343417928,0.007219413305311263,-0.14168746455052575,0.12015795012029946,-0.23350701639538024,0.10303545931310026,0.013438760584500609
2003-09-24,-0.2452900063046867,-0.3229600720705755,-0.031237578646944257,-0.03965450521608905,0.2984821659180577,0.1203333412840093,-0.10921085094607565,0.16295801705355528,-0.008229622430277934,-0.27698382101056673,-0.060958469834577075,0.08540264093443907,-0.05384085859645214,0.09652286466299344,0.27017598883583016,0.002129919453904693,0.08317075561203746,-0.13835038918666315,0.19015959750267863,-0.1978751217860263,0.07060017354276613,-0.09539287910624686,-0.13170658193538012,-0.10757125156811118,0.18032427255584124,-0.31993526169157044,0.11551720868444344,-0.2097131860378392,-0.07675604646297104,-0.3271837499343654,-0.16921647936828282,0.04062143592650453,0.020047834222421127,0.11561540231226594,0.1366251244484034,-0.05748389995508828,0.18953570397159286,-0.13934299599388106,0.2988902441430791,-0.16880305444966726,-0.004163972691079682,0.04718698912256456,0.31981336476633887,-0.17274954412332663,0.15716600274791295,-0.09746082338910855,0.11583617606350859,0.02018170519401361,-0.0393416831263961,-0.01416779619068221,-0.04721320207667734,-0.1182125167659538,-0.04464408512722435,0.05737905748115193,0.11716276883268646,-0.18253187168318002,0.08184031399440171,-0.16791774243383167,0.517053298803894,0.02010731150593029,-0.029350404272541604,-0.04591292916310503,0.05617645419330597,-0.2956335158840414,0.1282277012417699,-0.07657810069807335,-0.037746960117178006,0.01816713816309646,0.15054518294232785,-0.07493833670095865,-0.03966224051263409,-0.16191248419348084,-0.12502613687816352,-0.30136879756032037,0.10213301053617733,0.1744364362462973,0.13555362516641575,-0.14515363177264876,-0.08150483859461652,-0.23319065471266903,0.007208882866477838,0.24243274101939627,0.22875188679399527,0.21647819363823076,0.36386708340952173,-0.14153811928199905,-0.011125177555935086,0.08835238186242579,0.0947053790307925,0.28036676819590156,-0.12824222624673173,-0.03829006824983754,-0.03798080304571593,-0.22868073018063262,0.16907456562998147,-0.06366076229097513,0.06792732816482795,-0.14089639349673283,-0.09235319914928145,0.10052274762493967
2003-09-25,-0.1019464218308229,-0.1573705090516766,-0.020750651841726135,-0.0874062250766732,0.16238685864061295,0.20281070973227053,-0.30399126004769916,-0.1693582970005462,-0.0783000548796684,-0.10789929937301664,0.06844376301125939,-0.0534617261588759,-0.037286112990696445,-0.02191643727313142,0.06414336296145443,0.1523847007386191,-0.0022396237707170666,0.05575387979732707,0.02418399129004945,-0.07235440052123218,0.06617757025983034,0.07399425337478432,-0.14267829499007492,-0.0688997197616121,0.019033976599926797,-0.3158220720186773,0.17171085697488794,-0.13811064516450805,-0.02108293861778758,-0.14148809741908283,-0.2241144128100745,0.054166275730850526,0.14041716571308738,0.1112606396268566,0.12640106859380004,-0.0131989455855134,0.08819319181266783,-0.09901577171139228,0.19742550097657335,-0.26886666566022743,-0.021671702707705045,-0.2236245560605529,0.07375752223011875,-0.04799412761851628,0.22344473266804857,-0.10853667929659977,0.17404209184966601,0.06440790522697508,-0.026696694204179746,-0.07842250243414757,-0.028553468126009122,-0.08380930899512132,-0.044644093656355674,-0.06563381387513116,0.0772287600000317,-0.08197539087812446,-0.043068478617157575,-0.34513518175830193,0.6179389622641984,0.0834718750521985,-0.08952996842849158,-0.1185661600888393,0.09471360079049793,-0.11900777946130033,0.09306252897262568,0.08356398796463628,0.16852770938289663,-0.07319859665611701,0.021436892861973127,-0.15753912534468023,0.1296643247115357,-0.11906148913533145,-0.12648140163492502,-0.2756558090760305,0.08501939909476602,0.15142197450332104,0.0359165787248069,-0.25867423020988783,-0.10278152016509097,-0.4440360128704516,-0.05829162797283181,0.23395263266673955,0.2148466196396215,0.42398822180611545,0.34388826333953076,0.030324527586736948,-0.020975532598200314,0.15616258870332408,0.09016961426439118,0.11556678230828217,-0.04629326148806671,0.14392951963791595,-0.08208389489913451,-0.1311978358211105,0.09462998941018279,0.0029812679389675865,-0.14505942646256428,-0.10373243184030836,0.13888696308136708,0.12401482704912437
2003-09-26,0.021461160286517008,-0.06505363637299189,-0.13325670285672953,-0.07264933243357961,0.16654361096467019,0.05427247584887002,-0.23706229125158973,-0.05879648383766773,-0.18194677302106374,-0.25741815745618274,0.0648039220645497,0.15956962926746973,-0.1982160488182664,0.21890685451590602,0.12753798048333517,-0.03910979043217957,-0.03567753408054508,-0.08657050482179773,-0.09379343001867206,-0.0681690833194182,-0.11546593883390167,0.1164560774094484,-0.19069304683941246,0.0022533310376419476,0.03683894040185146,0.042982166263032494,0.15135751285059865,-0.05703391386533535,-0.004648062803924039,-0.03438624266082831,-0.09091755517287257,0.005264587063957716,0.051719002334362565,0.1458721289885795,0.11953859916193708,-0.10646499587823308,-0.10438424544838712,-0.09901578236340737,0.22283406666625763,-0.048896252435919586,-0.021671699423251395,-0.30255111864360534,-0.05859833962761675,0.13803686300013548,0.05427886763262188,-0.17786278306408712,0.027258009909858452,-0.047721648362997485,0.0626445133107617,-0.10632256771380125,-0.11241129850840095,-0.12520143082198418,-0.1114693383873749,-0.16042996236582271,0.0719230816837368,-0.08608086843142505,-0.08830324422042515,0.001797741693621687,0.3900844240899821,0.2341504176143892,-0.17605511884057543,-0.06610432005615076,0.11480536236411731,0.19006869060650688,0.11983192976129632,0.12203428033319061,0.2643124562747379,-0.08959786870922506,0.06889500865747428,-0.028402551311996406,0.11358923337397865,-0.13995541451094456,-0.27497618092801523,-0.07254191951515034,-0.01005454944647014,0.14835128798963376,0.2950671431893533,-0.3548793975234386,-0.016181261413606634,-0.22140489259949167,-0.05703031832867739,-0.00972808471448672,0.26072427120117375,0.17225143682918537,0.07911870441393587,0.23409419139571883,-0.12797064342605305,0.1284532656454503,0.0901696099690215,-0.050626682842560944,-0.05791384945814374,0.14392951276726892,-0.06360897682029443,-0.07331978139050982,0.07182620391577164,-0.07506419199503304,-0.22028728716007703,0.062122393388102944,0.10584027691145394,0.1054697994663082
2003-09-29,0.008664226211837968,-0.12454434888555647,-0.13902586710598927,-0.07744949445268082,0.12828818017324875,0.08570629567732123,-0.08717690637319689,0.13476096822289024,-0.1398358053500991,-0.11320211440375548,-0.023971326975901527,0.02920926501941417,-0.0636726441301211,0.021690748024783806,0.06443790482910665,-0.15230651551140323,-0.07557189200531945,0.025282140812090927,-0.2542435287914425,-0.13343883544355586,-0.1898011654084553,0.1659514913331373,-0.10889546735942335,-0.1249697675363787,0.0368389391951256,-0.055482153458717834,0.1778454360060168,-0.07625268945527114,-0.20276668832358863,-0.04055348264968344,0.01018004090615344,0.07437617308571276,0.01688687522803912,0.23490813810407912,0.2226351836972529,-0.12372740349674045,0.04293290985176156,-0.17666783104638617,0.37385195936114163,0.054810372831911224,-0.008879475689227336,-0.30255233148591854,-0.20235341242262728,-0.1685136404783154,0.023369847537057592,-0.1124672263207332,0.05707057082505301,-0.30431223102916927,0.17662264502047612,-0.04360270719534847,-0.0689875613671303,-0.07379458476233196,-0.05539619307106076,-0.1307754585018998,0.08140689108629878,-0.06701716689803484,-0.29609875138315733,0.08780722054623953,0.2041118586553806,0.09080729972008292,0.00840491997507513,0.1045131099803825,0.05330109610971047,0.015237100761675428,0.12691014215703736,0.04697813772554097,0.3939772307889306,0.202506474593499,0.0646447045450348,-0.05963129901702699,0.0334120947737136,-0.09048107867102335,-0.10563901565099355,-0.05199892744459134,-0.031400527239664106,0.07686781531957651,0.22698335843554968,-0.14881654847153528,-0.08610409979884091,0.4365354024505717,-0.0446951696029105,-0.000698858751841831,0.2391349831651459,0.13715743292240104,0.2504287720148239,0.0466351418448374,0.04505409469627401,-0.03316139263502237,-0.009547633859256955,-0.1280506287601973,-0.011152593765234694,0.004627775239303834,0.09337403729341599,-0.23928557594166916,0.001457737202171426,-0.03431283173869173,0.01674468471669825,-0.027617904102847732,-0.0782812638779823,0.007574453014235898
2003-09-30,-0.03194592182314311,-0.13796739930217394,-0.12681723778016377,-0.05881905502931343,-0.0570323633362215,-0.1379972023813605,0.26042536224189916,0.17778533286223897,-0.20181675272652433,-0.051475487022512846,-0.06256802283584434,-0.03332623728452513,-0.08607262261335431,-0.13739179384171593,0.13003673988046294,-0.13148372458011345,-0.14012303163035436,-0.011014402848227469,-0.33793976420655975,-0.06103880080535998,-0.1065708204107274,0.08433872544424174,-0.09311958461410418,-0.1281361736764819,0.1409165381860042,-0.055482158380595475,0.1488986154997215,-0.006734398534690764,-0.0911987025048831,-0.1469290597448106,-0.017504078050389164,0.1333109161063999,0.16440176872931273,-0.06448704607790501,0.11407820327629506,-0.15178069550414577,0.18335097500757083,-0.11188142188446956,0.44843173265308583,0.0901493084259853,-0.012128830188392321,-0.18973991852965977,-0.21088775129026677,-0.038859872904474214,0.027709413670636576,0.10247144888783535,0.19600548409969684,-0.046079004764468495,0.04710652332722102,-0.21245449870244906,-0.1351434171937496,-0.003460207269612918,-0.09435062479834576,-0.12995393745159486,0.08900346311237185,-0.18326509079533262,-0.275150759380879,-0.09451092781018142,0.3117772177495382,0.0008862723768424831,0.1705981941392139,-0.020643427823134334,0.08097239734655053,-0.07089610242347216,0.1144659510990248,0.024706427850754494,0.39815924160609084,0.3762395289975803,0.026816205263347746,-0.06381411769725547,-0.09496996422342427,-0.04375275064491673,-0.13619919936340308,-0.13881960143767869,0.2317237654373923,0.07494163228887463,0.16058176632688878,-0.05286095200268417,-0.006866732271527084,0.09657281662945606,-0.07223318384423291,0.09117805030113886,0.13948218810491664,-0.07835677430099362,0.08108741608417974,-0.08620668966220102,0.014865421556645846,-0.00787891134875453,0.23979909040538971,-0.05786172436369371,0.07703191782596616,0.04308966455268746,0.23558861490715613,-0.22310012861754794,-0.0223721426407506,-0.0724870878850734,-0.09671213650863214,-0.11822690103084468,-0.01200285557645779,0.044810729196912646
2003-10-01,0.04064813473046038,-0.06999002961506816,-0.011049509181009344,-0.0397474718686572,0.018478152307823924,-0.00909743372066609,0.33220684244396614,0.09220982885158997,-0.32815620694737674,0.15661900235109094,-0.1663044913874282,-0.22179177515464407,-0.08607262646079597,-0.12394788315115457,0.10194159150708035,-0.12876098322873908,-0.09191211592729985,-0.07756852683775342,-0.0910697630157824,-0.14041702605307707,-0.2913626090565211,0.09461643276292908,-0.07956315619245417,-0.14370560585280562,0.08590291382001482,-0.07640150431333051,0.21350340809288826,-0.12216113896117714,-0.1212774330600719,-0.029589319103750546,0.010006271463112566,0.09740140834517559,0.1101672754674682,0.15042099495862632,0.008524440916218632,0.0363691968072304,0.004095728714210241,-0.0797539806113256,0.1700861588235439,0.05594363000399088,-0.1066039101325924,-0.38559089145638553,-0.14162646706475485,0.1585363698685433,-0.0012631386919813353,0.0716049033674728,0.04448772879730788,0.08748637634133598,0.048645655722580665,-0.041141194061285115,-0.07704979240312522,0.05705549998897026,0.06942718446765085,-0.07248666951240265,0.06541280532695,-0.1356397000884372,-0.24451858540880148,-0.05594265660263418,0.4538892564889343,-0.13807204551687907,0.17898335800833667,-0.0923772554319744,0.040410905904226656,0.0682385478183956,0.19566143942659822,0.07419113146594584,0.016896303152021654,0.006394052418415154,-0.08058243270185739,-0.0684469596369234,-0.03324738307724342,-0.006055369936995916,0.02191211393125751,-0.16578113099866484,0.16522634769808414,-0.1359021983134553,0.22792293991471374,-0.11466771019143562,0.013503973108646513,0.08698584932333199,0.020478331089375367,0.4237754477207172,0.2613434551023173,0.05965970892864966,0.14053642295957025,-0.10891095759356141,-0.1255700495183422,-0.08478664520278847,0.23979908998599725,-0.07246766757727582,0.03433686189710467,-0.07819896904018803,0.12551017271154324,-0.21785211805156446,-0.040767822511643556,-0.09394237747987987,0.18619064487559187,-0.06505550278670705,-0.048929343273377474,-0.0886028755767443
2003-10-02,0.10695166126114355,-0.26737755788185946,0.07543464160664533,-0.22077754123268276,-0.12806679801944584,0.34171481407097803,0.4425166377560945,0.07360676466165311,-0.2763162507831028,-0.13980378032080482,-0.1397545117417811,-0.328311352842751,-0.012417191209600435,-0.2580915344459675,0.15734888763620491,-0.1661363783659584,-0.2385497631631299,-0.06047472535531695,-0.0616712425041671,-0.035613018534877125,-0.1717539628169964,0.11671196960343709,-0.04677989106799615,-0.16090922714516073,0.09696763941880934,-0.10068740470643332,0.23103427998002316,-0.11439041812332335,0.02554357784819577,0.02296643085909014,-0.082039672958708,0.05002441587129106,0.12926988350817556,0.2235504373173118,0.012993778524263472,-0.27577776091060263,0.13775604860473611,-0.05764589244683591,-0.06485881526742537,0.013678633233328871,-0.13732330995889666,-0.05157223410855919,-0.03385912345835711,0.18537912750729832,0.10654472938835616,0.11403306578653356,-0.025060103224773717,-0.36271733454698435,-0.017045868233308916,-0.022383524301509118,-0.0739474423974864,0.033964002813570024,-0.1466575460585005,-0.20297743355196932,0.04094603373630396,-0.09725620496330446,-0.13721936902112547,0.030628365395295728,0.4012530412749426,-0.11396336337080425,0.35693242165099853,-0.08779452931614547,0.04077278837000461,0.06279151189721607,0.2555407719305329,-0.06327216105239375,-0.026587608992653635,0.26604734536207264,-0.22334584208826028,-0.0844926564971377,0.05388217999473146,-0.0001623601460548436,-0.050143795772514946,-0.1765806758257636,0.2936991201860824,-0.12387419299034098,0.10715707130133224,-0.13338411158341792,0.09069161192302468,0.04753493042258724,-0.06058878053527605,0.7041569464890965,0.2285436442696538,0.16765475561252563,0.14189437124153073,0.09646383736899783,-0.3920877319714832,0.09555391250539036,0.07516751779752916,0.017670558237782304,0.021213217615358812,-0.07942570977018991,0.04798898952058192,-0.2960792115136543,-0.04076783255026767,0.06565114899446915,0.12367208284281851,-0.027394123523474933,0.02166809660768394,-0.036780768402198495
2003-10-03,0.13058834444875383,0.16352421193629665,-0.030025419014939908,0.13273858148451972,0.014231832683517583,0.07862996462406212,0.08986933127653257,0.0802827333591183,-0.23625234696096226,0.007482663846246751,-0.0902244066701015,-0.1834979973661933,-0.05671691833855975,-0.17288726197792806,0.07222009310262031,-0.16613638598889843,-0.12431602519999367,-0.13629645130256365,0.2495015840885496,0.05277523109416454,-0.13908677661635446,0.10482354799911996,0.08381444433775533,-0.02179112182769139,0.1527259491088424,0.06852723935327551,0.23386435972390732,-0.03319359687379474,0.043407470520524946,-0.0596530901547833,-0.1319658614220051,0.007537054655817244,0.12092441607986056,-0.031715829657017004,-0.09802802981999217,-0.2552033933598151,0.030221675970370763,-0.10552676193454608,-0.4155279957609033,0.015262167603726666,-0.1794303492483406,-0.21528669069134918,-0.27065371766189916,0.10607882703692408,0.10294379674010876,0.1245509102676494,0.17127167078058997,0.01603213007326802,-0.07849661918148183,0.2057588340830384,-0.09589086353069805,-0.01752822611440666,0.06956442970011714,0.010416421388450094,0.046536431300294764,-0.413951314064061,-0.09295970406865307,-0.09338420700440936,0.3623576809593991,0.024925026395415426,0.015742422458502686,-0.08779454362881983,0.12546326519846923,0.10131870052374788,0.1120717111571454,0.10459201705928095,0.15102835532681275,0.04314422900262442,-0.2235164741201327,0.0023303096383153047,-0.16364711531145384,-0.09532439758128519,0.011833364213089555,-0.2536244365518861,0.30630638997661647,0.00036063032050743,0.1124796650115598,-0.1389964977807255,0.05410354680663924,0.07992810960469182,-0.1296912126676931,0.3413797219542405,0.0812885657302952,0.06819494368654698,0.13490659548120607,-0.015855770557834763,-0.33632452053830364,-0.023247975762348303,-0.1602008873196342,0.16140188614600523,-0.07695316175926868,0.12740779747508382,0.05242556030852185,-0.006584889054108987,0.054229096000556365,-0.06705127232553462,0.09422137225974572,-0.17606882347204533,0.09333390552910992,0.12974247919592052
2003-10-06,0.02890742267320687,-0.08828914360616513,-0.03538024635766991,0.040921135065505744,0.291240985558715,0.2110683444957883,-0.2087457194819421,-0.011405747015156805,0.15084881255836408,-0.14249920056305107,-0.09494634160563949,-0.2107960674144435,0.10155605347940136,-0.15273895051972408,0.12128432455504329,-0.0600707840209474,0.01275564348927996,0.0970123495480146,0.291170382052113,0.07810796745267606,-0.32824354977825093,0.05211434829331838,0.20303479918690584,-0.10409074288751151,0.047477665313423914,0.22853415686958994,0.18807696927973638,-0.13110145736112622,-0.02969353463601982,-0.004345736732772863,0.10425444494746905,-0.010296734180414149,0.36150489503926375,0.1770874609945379,-0.1333628937635457,-0.1393197189965029,-0.03300430696897483,-0.15300901819702714,-0.41453797377878454,0.06495420157838006,-0.14095973937779654,0.028411778874981822,-0.26210729510672026,0.17098618619096592,0.01771064899495832,0.02194228530166016,0.05683350544001821,-0.3325482105854479,-0.010910892417636767,0.10779104369740583,0.013662945771259153,-0.01752822569043141,-0.042230439221161764,0.057926234647683636,0.02479951132819932,-0.12652476931516984,-0.14760784267560284,-0.06645512970013548,0.2522800851267219,-0.020145581365212314,-0.016805915672586755,-0.12862612039877805,-0.0479674055168364,0.2766227566483946,0.019199878745626352,-0.010633187563238396,0.02430066715181209,0.08632173601581068,0.17218443308937773,0.013744630964497621,-0.23056753006101033,-0.10729700696722408,0.2126803948392655,-0.310295644363513,0.10319952250663118,-0.13001921381520243,0.35134051069765404,-0.19445400435854565,-0.009627036827285254,-0.10893734649397144,-0.15108622360882054,0.36373742966119316,0.15596435489718988,0.04238288404464919,0.13490626348553028,-0.15198595125731673,-0.10224287744805499,-0.1667302435449194,-0.1114044865747784,-0.020239276330958178,0.005521550085927607,0.08941391295546111,0.11229546294920481,-0.325453194749191,-0.007191562031362263,-0.0019888502321820135,0.2776533416512061,-0.16302057637062542,0.05982970425800561,0.051292981168725695
2003-10-07,-0.05554749767658615,0.04051644796784842,-0.08025233959133166,0.05422999484473894,0.07391875193123826,-0.038030527366094746,-0.24768335659768922,-0.04201263917417146,0.11631035263906433,-0.09489721988338881,-0.1360558196448717,0.026780730860617254,0.0785034402337821,-0.15273896443256735,0.19428756507728767,0.03834538728923266,-0.0012655968733694452,-0.03266553130235581,0.26527160180120196,-0.04765357634381047,-0.24687800704988266,-0.008313483974656305,0.12036032920134518,-0.10409075534417696,0.015868986198550466,0.1921473418695463,-0.020229309504055683,-0.10771181345712595,0.08939105501782448,-0.05174142368605692,0.11717869713356306,0.03425182902332902,0.3568094036907537,0.09054071785326294,-0.2318390745165969,-0.10317036159102366,0.03731149775609685,-0.030227339374618818,-0.26077227291738503,0.12323936157402862,0.03506921063291692,-0.06726142660250047,-0.2621073004451927,-0.0822950550705423,0.12658841300283064,0.003952269850131751,0.15793247271640592,-0.1417874258557279,-0.010910892647446654,-0.029541690789534048,0.0759308114295339,-0.05545194794009003,0.07426422519323693,-0.08775734620439159,0.010014744851064395,-0.2593677571253967,-0.03293582264820856,-0.04438462404082279,0.2773663352419346,-0.07520987418962059,0.06292200943012806,-0.029139521610868684,-0.0034093919465086366,0.39696988320721316,0.03009102637977653,-0.09964225180627873,-0.033756881630729194,-0.14719573050713575,0.1375456179399473,0.04583835901652785,-0.2523377985862947,-0.16068692912106947,0.3383761899775539,-0.10227872072159361,0.24022853204981842,-0.03068640463205614,0.34833111553685614,-0.2733323255814264,-0.0018035559057097094,-0.10323247976667571,-0.11930947080404133,0.2917055352588801,0.16385384775929857,0.016249565903453014,0.13669896588333952,0.03356519756349456,-0.08157693103546233,0.015969597493109035,-0.06033095537772331,-0.09631612493022307,0.039849736262841384,0.014115442782014072,-0.011405825159154174,-0.1825470309840353,-0.0049807543260357925,-0.05449359045670486,0.1153248901091648,-0.09083599471195651,0.039688007028911655,0.036401687079714806
2003-10-08,-0.2523773706624297,0.2321889283825874,-0.07168365873994599,-0.02844541394433708,0.1294168506093344,-0.1592598774200349,-0.005665624230416433,-0.10784949892291755,-0.08476435624352407,-0.027788509176490072,-0.06129206750074495,-0.0003328199205392654,-0.09344042148675923,-0.10878588469261034,0.025358952838988397,0.045389120877860914,0.02876526076306017,-0.016555894924990672,0.2652716010267167,-0.030838499057642188,-0.28646219600197437,0.1416811709506536,0.05413162960200827,0.11162939225338057,-0.14978045992580877,-0.15945339167481926,0.09656851133691191,0.0048662044341984245,0.15395607239717327,0.10344488036199725,-0.06648026952349886,-0.030694366555440666,0.09411574714304202,0.21366922852190687,-0.2686469824981461,0.13604232405025599,0.023639764643632016,0.050775366251474725,-0.16511515070919638,0.192863399630803,-0.03600202936848604,-0.03610541184636907,-0.29870897138957253,0.12688497305989935,0.03830891699188088,0.037589494288586656,0.19558069594101551,-0.11820478869471851,0.04262103552277448,-0.04098503238057382,-0.11246335202646383,-0.0767731661232027,-0.03688946067324567,-0.06604333077240868,0.04344853550517275,-0.2812988500671758,-0.10110597343548146,0.0027450153986558917,0.22114459359879934,-0.024665360804634003,-0.1666169250357215,0.10189480819964333,-0.027406927244653878,0.27706415209122426,0.15216415871029604,0.12305346547742367,-0.04227189835155168,-0.15734866693622568,0.057595921722782946,0.057702621547120005,-0.06943835663091685,-0.1622015036129074,0.31151921060243687,-0.2726425633535893,0.2274291802332315,0.12039552065580449,0.4115184967656137,-0.17793633403995393,0.19231132958871733,-0.01104269599691477,0.10053674799668116,0.20993417992262772,0.20728847542144302,0.04926065609027321,0.08881774422412668,-0.06525379773641778,0.09204527572028187,-0.3178830267441591,-0.19601404289579524,-0.02793569368346931,-0.0569333281282112,-0.19483014131933482,0.06476432678837259,-0.16549387483456943,-0.05173767222508912,-0.005426344830483677,0.05402710103223535,-0.0015182964670179392,0.05539444498041231,0.06910509315780523
2003-10-09,-0.1257081379793533,0.122665589079468,-0.06075655271609493,-0.08591513878721252,0.17497015718752854,-0.08996804703589828,-0.0428063198434025,0.009188197768365318,-0.21066658830186932,-0.09929793333064117,-0.11042985526615663,0.04758353913206485,-5.227462983542632e-05,0.0067247052018023015,0.025363282356841352,0.1367149852680695,-0.09784592523580418,0.06053870849877232,0.13694972228578636,-0.009038571861764015,-0.21880952213563884,0.03264130842572241,0.11721129269441258,0.0479516645011628,-0.13400437952120567,-0.15945339430464103,-0.02761796905809646,-0.10989509069054498,0.02777456848374077,0.13167506519527175,0.08223244106586429,0.037495770939503244,0.1807972302879428,0.035483219055787316,-0.17099487837528882,0.0054285116996222686,-0.04313210804653018,-0.05394062767558446,-0.11709384547000429,0.1757442267252281,-0.051439553404793587,-0.030363633039044935,-0.09951190247476494,0.1268849647145062,0.010582279983523782,0.07645097783827888,0.19558069636589154,0.03232973068466415,0.07079870217078627,0.08751124692570181,-0.24026025033834716,-0.03801815468309806,-0.03165071419792734,-0.03224805432842026,0.05136186473833252,0.06716638166791775,-0.06619578924123812,-0.19624165841443977,0.20788396817242813,0.072487804126616,-0.11980055763382913,-0.07644663073895973,-0.02696269820224408,0.1684066099170165,-0.009722986783873294,-0.021797154525114305,0.004599792426452011,0.18856141761068881,-0.012657200823539815,0.04341704053334154,-0.09654207365477006,-0.20969461093433525,0.2905210084636959,-0.20578521559137913,0.02622001823379872,0.01998847749217738,0.43961603446387054,-0.05553130010484647,0.04720360692654161,0.0036700476302533214,0.08813837544941398,0.19275264332211262,0.031158414756228027,0.0896056102162445,0.06631639710362885,-0.1886189374643406,0.15101186872032382,-0.22794968523683062,-0.05575549386994039,-0.08933122522227001,-0.055366856788896614,-0.14193261238227972,0.18570742967009823,-0.12866302741264296,-0.0895932148336006,-0.10074541511461621,0.12537702845582693,0.007435411942404894,-0.03262460686946333,-0.04760706752742975
2003-10-10,-0.15950069864159716,-0.0584063058945479,-0.08295162549244621,-0.17014881048837374,0.25771596395869223,0.11679354710297318,-0.04280633057710169,0.08430830836511086,-0.17868175238432946,-0.0576734253182991,0.0763297786609958,0.06835852582520424,-0.1348247651969195,0.14848407654960752,0.11096151947376942,0.13674702274289846,-0.1252293630080595,0.08442558104894307,0.3405174977477094,0.022177498699497943,-0.19710202417751832,-0.20775907314569636,0.2366414157066543,-0.05238460192409538,-0.18869635322212974,-0.04746538026703323,0.05241478305732618,-0.1313849916396166,0.07944482370694411,0.1707934040540648,0.0075742710491614506,0.024129276498211935,0.0800167829595871,0.054614562969452836,-0.10741215365889617,0.04776442160915908,-0.20782554838173478,-0.14209825339778392,-0.09228427248416428,0.31044869102417855,-0.08408217699793556,-0.03238002155716588,-0.16474049052863193,-0.03784389575548035,0.04597444317973597,0.11438824862666329,0.029487405045762808,0.00858999052205061,0.03358543718187422,0.13682691737278602,-0.19972737796854187,-0.007485233606234155,-0.19562889571642214,0.07163061242585873,0.05255748242583134,-0.04076457438452619,-0.29551603243684027,0.07653116914066188,0.18299970176729927,0.0851079605842497,-0.03690944862971906,-0.03591730762956364,-0.056946738917492926,0.10329735220781329,0.047977862478630964,0.05231061647691287,-0.24298842147634792,0.09086420068475001,0.004926731437019945,-0.025188144454010075,-0.03783402654855133,-0.045014965616818614,0.08281993070702293,-0.20578522426857626,0.04888738714046145,-0.04452287974617809,0.23733012122221253,-0.16850574474431393,-0.018627444902321582,-0.061214978195045934,0.03931467497837778,0.12255922770763979,0.11820540909625056,0.10442061329481722,0.054931150019145586,-0.057575649194920274,-0.0779620461938931,-0.15327362017259846,0.021661091750812343,0.02305731287252624,-0.11537830449679612,-0.03330420684668141,-0.015271240498206527,0.2273635017845043,0.05856584204515833,-0.027836440964929998,0.13441577975772975,0.0657186846792588,0.06572229801812937,0.0467223933774837
2003-10-13,-0.09395965520073334,-0.10010770382135904,-0.08022580005490648,-0.12744817039004883,0.2900585491427498,-0.009757054073394755,-0.021901494962046797,-0.08031037878407565,-0.13114670798142372,-0.19138542222698926,0.004640745955520044,0.014366487014356638,-0.1210348570680443,-0.02974093376103914,0.03951889538802549,0.22033535331238607,-0.12646776106410976,0.09056372172926647,0.19970602972545465,0.19381432201229498,-0.394870823216394,-0.013729334693782102,0.23628703870161533,-0.0538163466649548,-0.20284178262127445,-0.17307864506851134,0.04850223874684004,0.0596891149044565,0.10913099129092668,0.108822672638321,-0.02227771436840871,-0.018028334792240412,0.2529747756630386,0.04419202949005923,-0.07147620769975178,0.014162667330433374,-0.059354286397085974,-0.08256984245131073,-0.12619692396482973,0.26095316274093033,-0.09171886287973355,-0.2054619008448277,0.130281883874233,0.07000859367593637,0.016134550820262737,0.07446329909110237,0.0864140214085778,0.08198046725041433,0.046929002068141795,0.45363276283326975,-0.08638747009220478,0.025605859167240296,0.05527563998088007,0.05012596353283116,0.017055005400903288,-0.040764580939698064,-0.34952437749043735,-0.1755708037252055,0.07934134752127635,0.0066510086940666105,-0.13440359390558693,-0.06025794914190904,-0.12047574643352296,0.03751210853953693,0.09662950540743385,0.062035267562827914,-0.0902051947804552,0.1076588168508462,-0.041850124396368905,0.035616713715598304,0.06765624827238598,-0.11503290651662412,-0.06080730199646842,-0.19133796393237218,0.09726590244949901,0.10048868512196603,0.3001292362745275,-0.049005257935268914,0.06587293683313399,-0.03460465568554795,0.1475452168691226,0.10210373489643082,0.15503923698769762,0.1691360285369992,-0.03186172621125339,-0.2750153994364605,-0.07796205276566967,-0.13774051813245716,0.009691227704032315,0.15289804250124228,-0.05620727244883409,-0.03024022557233359,0.002370194803727338,0.2437787153185837,-0.05693429506250229,-0.10860884618948922,0.15075722352422322,0.002517969781038052,-0.006491547627791037,0.0004860508365748211
2003-10-14,-0.100701841955532,0.10445721089155247,-0.08517143217932152,-0.033455388021201855,-0.05716770219203906,-0.009757057057132732,0.034521158508305005,-0.10479832407651081,0.04064198977100266,-0.18278605025384925,0.0074312872874803815,-0.032265946364600485,-0.021693870840322718,0.02516389045095501,0.16682941700190523,0.2027580192878896,-0.24532885694034462,-0.008896601755405565,0.14343022131054603,0.04892895066966628,-0.2374335847985315,-0.01372933713521861,0.1253683617658558,0.06280740211624519,-0.20284180460621465,-0.19468561442591056,-0.02274861396595762,0.00032703097202944984,0.14319773118943066,0.12786465216969262,-0.07433251967507948,-0.02366356939589701,0.07989672587872315,-0.03571657275397662,-0.0019886518980699332,0.029817066704565427,-0.2736574766930714,-0.13581806014741052,-0.03576280637017352,0.17491965495912362,-0.11344871876758784,-0.18242736974734394,0.12452475819309275,0.0426886038152007,0.0161345471868213,0.06862327960741231,-0.10609859123372056,-0.05905264156057812,0.09282059338052907,0.4450868432787235,-0.04744272195848122,-0.06778445864779774,0.05557601063647607,0.026346723629980164,0.033221528214144834,-0.04076459456580461,-0.4455408729114395,-0.027407915217533493,0.09920011276496293,0.10403359439961506,-0.08403245956426272,-0.01183565253996212,-0.08847996728899865,-0.09362486353467514,0.23414769026059415,0.18526521792599412,-0.12119996089577968,-0.07683252612583463,-0.1247665407895513,0.09357973678599632,0.1851415527120519,-0.11503291977374812,0.01733885195484196,-0.0011061773672261066,0.19499859277738033,0.18189662036287904,0.33232353692196354,-0.10064001496200106,0.10469831328729015,-0.05009929639966923,0.14122985916546513,0.052889319599616486,-0.0004811415933460667,-0.07523844311149726,-0.04783134860215516,-0.2673874897780087,-0.06051900722959276,-0.17422742197981567,0.019133200891188237,0.35890201322805837,-0.02510791055783542,-0.14018358752358392,0.21491663573015224,-0.07237283817169017,0.01676251901079223,-0.06226338032472502,0.2481466963160809,0.050555179029435064,0.06707977840194292,0.05841540786067196
2003-10-15,-0.21966745275452482,0.1410848614764646,-0.12869479660029706,-0.024917788339134894,-0.15046388032348892,-0.009068313901450402,0.07831501591049642,0.1975235656962129,0.013583717714910168,-0.19398551085656743,0.16251325897964033,0.09141461900567663,-0.14149266723477244,-0.05972430729110268,0.13014363375056748,-0.1948593409851847,-0.04891190035854929,-0.05552809630341454,0.13758980295727752,-0.006674325447967459,-0.2815380290661283,-0.013729347613504425,0.13881685338419297,0.036810252498210655,-0.048677526978736126,-0.24060109381844758,0.0283762154952726,0.00212533802239447,0.13412131076798306,0.15070508365880322,-0.08617146515048532,-0.020238778759934885,0.0304049198317258,0.12098327125755995,-0.047808700158470184,-0.06678152683350345,-0.2479692758870229,-0.045497989277598155,-0.13662161509334808,0.3145891094776614,-0.08639461364992218,0.05641020359704059,0.08505501331786261,-0.10536348508866751,0.12743213310315313,0.05965807229573919,-0.26599729574710634,-0.0021992661896522137,0.16662043084634245,0.18919901137022696,-0.05971156045628958,-0.10002089715165756,-0.12265529405286375,0.056627745226184176,0.02882689087528927,-0.0259768399461047,-0.31306959811806595,0.17254873614822905,0.05635107934579105,-0.011795069511998544,-0.16538155934780824,0.15059232491236052,-0.11433771647395802,-0.0014067956451457868,0.1751485664285113,0.1900992607188118,-0.10587633612463664,-0.06112824983707302,0.03049757217058299,-0.03899331938580751,0.05720512125257293,-0.028191556637821816,-0.11610635493275215,-0.20888955870667889,0.09062321498780991,0.22347701610949475,0.06648084039916613,-0.16175952083586978,0.1073636063462849,-0.18461835069250773,0.1929393780916826,0.052889316983791415,-0.00048114289241047337,0.16369955353332472,0.035653747390395576,-0.26668500057889377,-0.08528979979927574,-0.06498853093057666,0.10088237031214697,0.2606585494129511,-0.07830493787209002,-0.16181888556986815,0.12563413551196206,0.03794429152941179,0.16898687071855356,-0.05322222830262526,0.16598975297932297,0.10476039861393252,0.3229375049246346,0.13356482489694957
2003-10-16,-0.1544895795501416,-0.04591485008640102,-0.14662282816001404,-0.015612712423116131,-0.09088758960725596,0.10538924247759122,-0.1288292931254333,0.24515789899528878,-0.05255206575173315,-0.40477299033779857,0.12210794345850703,0.19777890207393817,-0.016645851709215075,-0.10722760380461868,0.006311821210454888,-0.2002916051405536,-0.10380247693542885,-0.15623232830616957,0.22023526021504317,0.01619755031097265,-0.14779906773005505,0.06804458870821188,0.21910489080300274,0.22819635438079858,0.009918395992901128,-0.2707171132504768,-0.020585702143120214,-0.09627941295612648,0.007755382970575102,0.0007291046038930558,0.009759508570234469,-0.009413342893486738,0.2442385339458223,-0.058610444449868376,-0.1289065138598894,0.05928576154641635,-0.1182924192017293,-0.05127926383313088,-0.07527620362208079,0.1166053928207558,-0.0327964794609137,0.032458654433820136,-0.022269055017660157,-0.15615101013447139,0.018485699222319487,0.15374868535199354,-0.16835528482123735,0.25916126148969915,0.18927641413936303,0.3338414443143006,-0.006387656331500244,-0.1268318055292884,-0.10918276901172999,0.06611907928683218,0.05264376416546661,0.20651278601270498,-0.046365607028475864,-0.10853785537453163,-0.0957553160563534,-0.03798154441612796,-0.34355388091094335,-0.05716620436015001,-0.10562765212888779,-0.0014062075804678596,0.056278016690646804,0.05986995467095946,-0.11147736009315781,0.08671341340649526,-0.0041845498080940345,0.08609325064751028,-0.0014832337990483252,-0.02819155660593899,0.04862336126169758,-0.24391016773577864,0.07331025233496706,0.17179555974082786,-0.037674940177600307,-0.05274423791284045,0.044964677238067054,-0.2809064733952952,0.20708912550546515,0.1335786527549765,0.25739352329853615,0.1926971595801381,0.0010577820219912226,-0.4231803843253725,-0.06241164449898595,-0.016136031815222582,0.11857478030096148,0.11251315601977736,-0.07830493738995142,-0.07819463882316921,0.19032235441099266,0.015126045071805408,0.31616678641248946,-0.13953187874790762,0.07895683217053454,0.041967457405205404,0.20712435713498614,0.13742235501048844
2003-10-17,-0.00852324945371539,-0.4011002247169802,-0.08248760884030283,-0.1640102547157022,-0.01925343717735696,-0.0581976483762675,-0.07521744411403578,-0.10304856051395195,-0.052163182013790825,-0.5539537982718755,-0.0826957620678449,0.007944130793520292,-0.11133429736377196,-0.3040348213321178,0.2777983032548895,0.07268462008453457,-0.13386811407074026,-0.2301749242514012,0.17964863295509131,0.048207770895622414,0.012976137744312369,0.07228195818189227,0.14699434143168194,0.08429978246915729,-0.026270849198214537,-0.30227869963273696,-0.03418425307945553,0.041717041636561286,0.1951354874131693,0.058146364505436685,-0.0027413528630125766,0.012344842253048677,0.3219936712057564,-0.0507050781212873,0.02242976959860465,-0.15457689990958776,-0.27729184155400444,-0.11516442497610734,-0.1410022538520542,0.05966387743809408,0.04626596060622391,0.41868600027353703,0.13870371920403282,-0.2721070037555825,0.19075382235091481,-0.09351984857450552,-0.12337475032814199,0.21430040493089367,0.12318663485394415,0.26335309649809324,-0.07754508610223762,0.24351339716161083,-0.1564097928077791,0.119834927283416,0.0022765109473745163,0.28635675933512156,-0.24398955385734084,0.4115080880411442,0.07171976289299573,0.12763653645845974,-0.11985367573419983,-0.1258194284748955,-0.07489479558426386,0.046950694818134325,0.1666446176401198,0.10271139051800583,-0.14864636301312295,-0.11966775519919802,-0.1465688517293065,0.04137996343651342,0.15135559038241783,-0.03720377831605883,-0.16202207980988073,-0.03244444034809387,0.0027308116725219757,0.07703168760089607,0.04916359404364374,-0.05503548891040564,0.14086502279469723,0.01993222295294368,0.31214756342616784,0.10179126748121928,0.14543390605632583,0.0251831323027168,-0.07042649396733015,-0.30751012175131065,0.1452442916802963,-0.14857205093440032,0.17511267345647052,0.23485920072791422,-0.052916339389533905,-0.20484088922407775,0.01915735888171223,-0.010668027206271573,0.004120139713315009,-0.16486630256185908,0.06475579095565144,0.08970814016955322,0.1174776860417094,0.11852880041196183
2003-10-20,0.13836737459520473,-0.030899836795999978,-0.22622628280139784,-0.18339092953744648,0.008207848702199535,0.15996776426043632,-0.07521744832252451,-0.04647241300313578,-0.0984724537471154,-0.290392808907042,-0.05030241669602475,-0.07434317726129235,-0.1285879583974511,-0.2855299157515145,0.07581096775387879,0.09545345389919363,-0.21129237015756228,-0.013868224440911363,0.021237541536219266,-0.07387550522532775,-0.09094291581782946,-0.02330973138036926,0.09806114243628168,-0.051030790389991594,-0.03796403861177478,-0.15009020482973373,-0.05411550884303918,0.019290068984856357,0.05709135950213008,0.14550021051185458,-0.09058385360646042,0.026048356688848716,0.3551344478691487,-0.12643251170008624,0.04756268150338334,-0.28338022299648674,-0.2573477650652796,-0.19359569577567956,-0.14100226154548415,-0.08450017810465069,-0.014911001384487674,0.11328672965051859,0.12808373159985448,-0.49128503052738415,0.16101511582136424,-0.07370922833205563,0.05540673109763716,0.016884585232763104,0.25706457951272677,0.34299716683472625,-0.004293985757985236,0.03897037355552956,0.0904817556786801,0.1378130373619398,0.0443049031847667,0.1817257564978387,-0.22817320456851478,0.22454232866487805,0.21559184953632812,0.24125292690650915,-0.19368256935211092,0.08360061385378138,-0.07262724925141967,-0.28938680831609287,0.0874446855692725,0.14044596468619397,-0.07367289345157405,-0.12989634064555336,-0.19985014696680817,0.012087819753340516,0.0005724152192438754,-0.08271877317475197,-0.0015674057532407166,-0.07699080183542198,0.005488195836535079,0.13072735981781297,0.1975404887402663,0.0927864992591582,0.05866989821435097,-0.052675768454091436,0.09075759792981995,-0.08965257610936109,0.09192889930875714,-0.031734031465567254,-0.07388009685717034,0.13163428113200343,0.23699319026731047,-0.03728494262587167,0.11321211223410665,0.20548783860329514,-0.08479507450911944,-0.15518930519971594,0.11905511051313859,0.14995712987680967,0.12237733870798455,-0.08399220924478837,0.10825825125441138,-0.000636331627238389,-0.040394540897279826,0.11571759079282405
2003-10-21,0.027641019399093646,0.16885446983952093,-0.19783906781653446,-0.27526689257821224,-0.016900830764510075,0.11345085932774285,-0.1319409887054384,0.0893746247858824,-0.04322026348106779,-0.19807958620331653,0.03767439340336567,-0.14490826109444552,-0.09767413404943862,-0.21953491671799097,-0.13741367835255325,0.09545344644514296,-0.2942745260597551,-0.1517395615675418,0.0507260007404397,0.0007318411539026375,-0.07792141315021371,-0.29111466077484266,-0.012031290068671346,-0.02363592091780941,0.08101987942597799,0.017151095589909324,-0.11587020097207756,0.04723685467229232,-0.03859614218859107,0.2731525484079562,-0.135080367460623,0.056297498207247096,0.3508922458622474,-0.029762221015692664,0.1061017132668296,-0.16786057650494998,-0.22637766913764057,0.2185829032388275,-0.14122178374896988,-0.16406230227433882,-0.18326417428927605,0.281369780259604,-0.09243580344592145,-0.23591281472576126,0.16298367853079382,-0.0577907352413291,-0.006652706335541204,-0.148491095371476,0.11372508087284389,0.1611517911570373,0.010266005350507534,-0.051963265887083894,0.025674242626440625,0.0399632818008046,0.05070670169166741,-0.012489072334326246,-0.3210889787031087,0.10205223560357031,0.2882612847683357,0.41435212270780397,-0.5064477890887,0.3440327411746055,-0.06418535550946965,-0.12726040094231422,0.19430569934860578,0.24581948401361958,-0.09225637386485164,0.013451650444810434,-0.17354345140125732,-0.0054678752611436445,-0.013463254148335558,0.011910977413716915,-0.0015674105146755049,-0.36768219963720633,0.07686830653393707,0.22213179726637908,0.11660870431441138,0.015641390254782804,0.1477076711717786,0.061832026496809925,-0.015947301428574503,0.03570062057213769,0.18211262964241096,-0.027856385770354274,-0.07388010586826185,0.10627387037141338,0.17844508746295026,0.04130573628503026,0.09298493545345826,0.2940403819167776,-0.1379074683714005,-0.17743347522452615,0.08391181331580097,0.04771409587958648,0.07565906150435524,-0.017970301275746496,0.06955941480953705,-0.03766771915933412,-0.011700921871161389,0.12053507009227703
2003-10-22,0.05503615874481262,-0.09004371285288912,-0.04698837554783062,-0.2284472387940097,0.086491458293119,0.1134508482786126,0.32846293448179037,0.13936957259796715,-0.030748138233927528,-0.2723953983026428,0.06352231785535237,-0.22471254522183898,-0.1634378220445624,-0.07628178231000923,0.05054738972436855,0.07186041423505939,-0.18061348962862747,-0.03789831377623915,-0.036572945490044986,0.1356443465875015,-0.14987723041800452,-0.3048813322681311,0.10487292087905985,0.008753289250576462,-0.025391625350288955,0.05903383970138353,-0.015341429702151972,-0.09110983119512987,-0.0201254854993793,0.26231992688316513,0.026962458444381162,0.051377981914951236,0.2870338885791879,0.14206489220251248,0.00814792341364616,-0.06206023704420199,-0.22637767753383972,0.209898726635399,-0.15670177978084726,0.02726691312842758,-0.1832641876429763,0.3471466698162005,0.024093393013926986,-0.28348737815022135,0.05195325802442645,-0.049371053908353967,-0.11138425860589601,-0.14542847764533443,0.014566341261179104,0.09336497258622323,-0.010943986522070483,-0.02705490290733007,-0.45575907749622413,0.13236960519706192,0.00340575260941879,-0.12611555786890075,-0.3783658112296735,0.1536093995815691,0.3425186849616542,0.325458261335023,-0.3072763785397483,0.3090008519316314,-0.030611372811248583,-0.13641769867230782,0.10907393519011477,-0.006396010775544173,-0.054500230624064956,0.016604155078938497,-0.22239073470951304,-0.036485700733861634,0.010145577925112165,-0.016585164932672515,-0.29210854754287136,-0.09840571989259057,-0.1537169471919529,0.14286589338347877,0.13057086180185679,0.02748875358011311,0.04608722481824323,-0.060892801584599636,0.028567783162399083,-0.0550273274056051,0.20762121250312598,0.2621611408999591,-0.020144160610203046,0.20090837257260874,-0.05037769698153835,-0.04900162028866776,-0.018924412596705326,0.3459416426559507,-0.09874151190077762,-0.0933407071999005,0.1612869182350864,0.12071665694113472,0.09978117148266973,0.06549258239725675,-0.021580106412917785,-0.05086028716542655,0.1850665663985247,0.08974983960476467
2003-10-23,0.03263195125086503,0.11669420397851281,-0.009424438247785638,0.19347918674711392,-0.03048944619143681,0.02810788081513006,-0.3341290599866692,-0.07665355568294421,-0.13599692306514802,0.2580904196704751,-0.05272981674539347,-0.34985828896309656,-0.15248982417548537,-0.046126397308070666,-0.27729607534478307,0.18165267454106432,-0.23829790629713862,0.057177843734020344,0.3388482876844718,0.04963656602433968,0.008283401585786415,-0.13132583684009666,0.01335622546211111,-0.07844737921651553,-0.07871450371374321,-0.2282433426894194,0.007764437856016585,0.011648147307190958,0.13330609176359606,0.36450844330885185,-0.11515017192305063,0.021208446641962433,0.41726892351859607,0.3455159937344977,-0.013210934914630738,0.08555424246087998,-0.28733941889056724,0.032577306044397486,-0.14098444584924716,0.04554560042895522,-0.28728002907319294,-0.10724612229236578,-0.041074172878657236,-0.25407127368231636,0.03178610241414369,0.07054586744240544,0.07156366364301842,-0.19038714104182428,-0.04016495943742892,0.3171056911258293,0.09767023078530716,-0.01169315643049837,-0.08840395830421148,-0.015367846707493435,1.8207546957434744e-05,0.08992504392596638,-0.27454831899902715,0.2044265652864002,-0.27074079315199223,0.4080323410422583,-0.3284814191125603,-0.024111119969349108,0.02205714436417528,-0.08459514672992524,0.1963030057561207,0.13781018035835318,0.12003556195360511,-0.12648948582267983,-0.5600447965363913,0.16156169843919757,0.09474123758439554,0.008007608557783248,-0.0811752970501498,-0.056583935347603614,0.06972929632789217,-0.06314038221204717,0.13057085281797715,0.044281871739814675,0.07375791919561456,-0.18919179532543037,0.0697577625361138,-0.10967608874124017,0.20762121077385198,0.1554630379073881,-0.03313557550395708,0.31453904083526146,0.031472301313452494,0.06313054382344895,-0.1832068545590166,0.0667246582859825,-0.15458410562260236,-0.32580260192325206,0.14153718988930314,0.23521437232773046,-0.058809703898291814,0.10141137697192115,-0.010513508329480972,-0.04584384448074559,-0.04131570705492359,-0.12281809971409718
2003-10-24,-0.11618038109816828,0.023778842556981327,0.008097890093607684,0.078459564917892,-0.06262332107152466,-0.07544502531896241,0.05931921441072253,-0.04389684278725581,-0.2740088153452751,0.2591406147479,-0.04671889211463174,-0.1994541105104472,-0.15169814158228778,-0.0008384147972737004,-0.28761940112269424,0.09796082751034933,-0.19711306015697555,-0.07304860828956872,0.5017487223794399,0.12582685967377374,0.03137562977386635,-0.14421438665756212,0.1477997249121605,-0.17922059218318995,-0.04239806067137015,-0.09402753551533925,0.015976982610483702,0.005669714461679944,-0.004877386418848828,0.17715768825608352,0.06113356217847987,-0.030112635025123322,0.18336860519392506,0.19382568805012598,0.07096038314524934,-0.10656951260934183,-0.23447595676111793,-0.06649424904864007,-0.3254863658736258,-0.35685278857814273,-0.28319433397651456,0.015020957266912875,0.07206660165916218,-0.17324658928017256,-0.1313639632636618,0.013585807726486694,-0.09751599195795735,-0.1458323967778932,0.09206379308598231,0.4465207693539329,0.02082368787519603,-0.05784144463679451,-0.07796640997437629,0.0024125390366357283,-0.017602917983322322,0.08992503657542839,-0.17546454626627936,0.30689553584986395,-0.3313297166932289,0.2802054334757772,-0.2994036418557101,-0.07534083526471697,-0.056052242117152776,-0.003536095099200892,0.2481807206297722,0.12016982447826279,-0.11580129228160205,-0.1264894935121056,-0.25399325133945205,0.15372263469054448,0.09581503957175178,0.058991592101221325,-0.13406108980072634,-0.16838059393433832,0.1077908026239879,0.00045090293924363267,0.27050280871395327,0.02417173797478444,0.04665074922252693,1.1080826206986394,0.018786795256792492,-0.04083455034060657,0.23336561061481978,0.04638128297038218,0.12291393080578919,-0.12573840382857096,0.09194400658705956,0.10389912341250195,-0.06500113775707397,0.04846769368656549,-0.16184583504743108,-0.1952213435190936,0.23311606959677825,0.03847224499236542,0.08039382445102901,0.041802706375530664,0.3541288880306831,-0.040242984777663,-0.25229103119520274,-0.1279040659253603
2003-10-27,-0.14713605321519105,0.6221277222629737,0.05975652536643983,-0.04993414438950966,-0.1474428362003412,-0.18127742431339083,0.059319206516258396,0.03532397060694884,-0.37997302208090245,0.3014515387348137,-0.1619492296316581,-0.24817353652085022,-0.07318729173124874,-0.11256831600444087,-0.18910496975777927,-0.07451570745962564,-0.19860803292072104,0.03918155035798615,0.5273450933984198,0.12682764261862872,0.1600415188857639,-0.021598271428478744,0.12631608135018024,-0.05388831599264705,-0.2796736140158083,-0.09402754046441936,-0.022556149060907676,-0.024681262487315433,-0.09515983355849282,0.01580606202743314,-0.10948846988246083,-0.02858209719650331,0.006941657411999326,0.10010558983767782,0.020484449429163436,0.04699478843574163,-0.025810683400919306,-0.11294670131590401,-0.3393977166946515,-0.32658007135861655,-0.16598893642345466,-0.23067772950388432,0.1280293023227975,-0.09118819715692361,-0.1026830058356853,-0.048947586002091606,-0.13120407617759028,0.030207516905542346,0.009541016723952305,0.29298287448271587,0.16937427098894733,-0.0447419394420012,0.01908704602618607,0.10952175127265171,0.008318904255927908,0.16351735351805055,-0.29653202631508946,0.06034332948417454,0.08829439662533842,0.035021816396580426,-0.24856906725038325,0.06939575156301535,0.0387772848930479,-0.26184951804068196,0.24463897900038098,0.12601082904939964,-0.06089163118104576,-0.2275660145315634,-0.18718033171708626,0.06657513559427336,0.046552246066505314,0.015643838738042242,0.10988949943652761,-0.12534376711396403,0.1552686815294527,0.14329605857304503,0.3492507221646831,0.1473270428403458,-0.00521955179790855,0.8159146655851436,0.035570498402731764,-0.08072446910043445,0.10400621009607232,0.2507853216656852,0.13661692517732676,-0.30228864134499595,0.10220809029287606,-0.08699749786824462,-0.15254971877427173,0.08259802934646658,-0.133799520964436,-0.15918285599949206,0.14295786365675248,0.010274896399595255,0.0775578910146665,-0.0575957762867879,0.3541288878321327,-0.09421704634340826,0.03707647269509361,-0.11635496834692012
2003-10-28,-0.09133374655458146,0.2874564087754628,0.13642413953918076,-0.09079700965222563,-0.10592055926771174,-0.006447739252323127,1.502675512981,0.28581597558370037,-0.6458116713847406,0.13997591158274308,-0.1741947669864711,0.04678137970046103,-0.06450899776039729,0.035654761850455935,0.018683537325994024,-0.465225890108311,-0.137263796990898,0.19751859045931122,0.26176987908742144,0.13002854208067346,-0.012958299390941367,-0.16083646688711314,0.1237293702488815,-0.053888318637601844,0.08093073642087324,-0.03794626430328763,-0.07344615502756857,-0.09604861440247088,0.17436550138209084,-0.01956893705182531,0.03100415796567224,-0.0445809104104753,0.18401082954695794,-0.051276707748624854,-0.11329631063768644,-0.05365916264589792,-0.0660853594785359,0.062139611223227004,-0.35557578495667447,-0.13157460426381862,-0.06694727759244361,0.059188537296804254,0.08538066891678149,0.061233488712517464,-0.15002073874708197,-0.09610311169389546,0.14595455124997575,0.09784356248369833,-0.08281376320681919,0.21351427537222356,-0.10390641192623172,-0.0016205847425694335,-0.44784737542919806,-0.006289803010388711,-0.012245040320019256,-0.016594476084083303,-0.21124059345586305,-0.05454218036852257,-0.09350276416888786,0.16352843970510741,-0.1937554700021631,-0.15696998253662256,0.006579299619820585,-0.1753327285234242,0.11762505625581994,-0.051422967556262605,-0.1752867477376186,-0.20970283238146392,-0.5204700871069438,0.06788672288038558,-0.10560525645363528,-0.044425583256261406,0.02351398153959744,-0.3181533306896558,0.11572810160884596,0.0004922004155285228,0.2455363584125995,0.00021514525086384584,-0.03660463155340592,0.6337613560017811,0.019251289384382874,-0.16144485435084258,-0.014200013402087298,0.024631385590297653,0.09366806733317318,-0.05141742502488615,-0.08995594573431699,-0.09952190046296934,0.005841640010668107,0.38068456913752297,-0.0413030532442703,0.04320149966708367,0.2102205151127484,0.13579222403735602,0.17940408253434095,-0.08972035312589945,0.11769238014626357,-0.05139720642342628,0.11817211754536529,0.17257326660563407
2003-10-29,-0.11668941703423194,0.3782938307580649,0.07427293106864598,0.15906369152630218,-0.0012305811439032783,0.20641534869567285,0.7334717779266526,0.08701730178072678,-0.16892247303933,-0.060326197836141265,-0.12121666584706367,0.05910521841022994,-0.013937726844829761,0.27768235310061506,0.11599466405511269,-0.2713299116981586,-0.23110374826125604,0.0763767886590752,0.18135902004068125,0.09123345936230075,-0.03595798500537523,-0.0560315718641255,-0.05476325098079455,-0.1605472753107704,0.06393039104928518,0.1190849725166703,0.06393653888559056,-0.07058352200122603,0.10433204983438887,-0.0256946341223467,0.06045272605718122,-0.07463334196113408,0.05713454279616934,0.14471830311866724,-0.008872982659335057,0.08080355840467549,-0.14104773624293074,0.019971071846945864,-0.1751118712182511,-0.16411159083123533,-0.06536024534697255,0.011181373956360173,0.1720415331892445,-0.14894457206251718,-0.032359443550212634,-0.18074765811422316,0.06892568495998608,-0.2764299269364839,-0.09797926513652329,0.12939333112006648,0.049240409829506934,0.004290621553887618,-0.3148858564751627,0.06238753087565817,0.004522870626907419,-0.034885853197088,-0.20923706617505006,0.0757996496111204,-0.3659960623081956,0.1152405592377065,-0.1255662978798146,-0.05295594889916426,-0.09620165749580391,0.07782742047827405,0.051253015829086035,-0.07963007473666635,-0.19590703025192752,-0.11624168419140045,-0.3302248869988875,0.08176216220654965,-0.008025176260436332,-0.057743476174821284,-0.0772283109592932,0.040006551774782115,0.03502727966160331,-0.06686710072699478,0.16153008661285104,-0.2559166232227271,-0.009897881471292034,0.3953906490543904,-0.11354586034240445,0.1982946761836515,-0.17765985923419403,-0.20414503359438804,-0.048530656592591766,0.03949086844382223,-0.20076617173717676,-0.2418842408481957,-0.1731621245303845,0.5662050436428641,-0.030589126877586165,0.05788014679101113,0.2522961526292613,0.10732885410138099,0.20068386424892481,0.038689475826541926,0.19400907296551487,0.02380674340933224,0.02981411172236109,0.14033347398640933
2003-10-30,-0.1000488176335407,0.3240228376037402,0.0033795155079305544,-0.004444517103966411,0.05487635575430348,-0.02643724630053509,0.3082430957153705,0.0634874500779504,0.003809341553705294,0.030801536625864618,0.034908256006783156,0.26427669486038863,-0.013164430005865877,0.10327476380913181,0.12445161734294982,-0.2713321774659841,-0.21902459745320804,0.011379652953997314,0.1303874745025526,0.09712719586733563,0.08439679145078893,-0.05839094234636195,0.04662168410193472,-0.1126819268554681,-0.15743374665061755,-0.044905069758685134,0.04308467625168921,-0.11503830125481847,0.009324269260191819,0.06882729444220727,-0.04513208841836315,-0.08305569422996613,0.13705219614109224,0.21022429549054167,-0.09307656097144025,0.051173538466634305,0.013378344519882877,0.10008682446628203,0.02367643977159802,0.022225007957571503,0.04767810865037826,0.029335693306393327,0.10369132488550237,-0.16449902985567205,-0.06485786926344284,-0.023500578446591657,0.18815445782780693,-0.2775318998014111,-0.20110399582149865,-0.023516922879465347,0.08960168384413253,0.0015139118790055345,-0.38633872134261116,0.0943657654261743,0.02386964475997206,0.03707724558281836,-0.1481112252621508,0.07580960981731959,-0.3183095050182404,0.08203767615226892,-0.13116977171879374,0.1671533909112369,-0.10535696746969588,-0.011863701550001564,0.054684809875839874,0.03855444183859173,-0.013154677772985793,0.005950999221186697,-0.20857734352900806,0.12480874055305954,-0.10450134062411028,-0.024540202609686267,-0.15967390827331357,-0.0961420927399966,0.1788470504665135,-0.09801036935333603,0.14200687590488134,-0.15767172557891315,-0.011093028262890915,0.1794978246231611,-0.11726405294033586,-0.1488610283508144,-0.13635451055359457,0.16103759808821072,-0.06686311219740208,-0.032512001073720716,-0.10353992987933398,-0.15321293296829813,-0.14060185884190643,0.3444298763263803,-0.009026645969313579,0.07902950532088106,-0.06529837619709335,0.028363426677326668,0.1177552391674922,-0.004549410351948902,0.04475826893304231,0.04721606506536272,0.20459210741563968,0.26336889976039807
2003-10-31,-0.11068393440970703,0.46775180513967934,-0.0826360725303484,0.07941458772697259,0.0762652243040277,-0.1365640958760282,0.06300333823169625,0.272399059791449,-0.11342663707211117,0.6486336397873771,0.08202527747084055,0.3659876904623101,-0.013164433859267506,0.1604872703325819,-0.019531080710864273,-0.49155789507171826,-0.09805317320150181,-0.1107111853046952,0.07419479883323365,0.20773077830454645,0.07683510218429916,0.041713700848971455,0.03275031030507861,-0.08327733306455581,-0.14618564309944793,-0.09173017433712259,0.0071686172095183675,-0.049871602325228845,-0.11691811122322257,0.0873947026095655,-0.11762658838077218,-0.06710972428294,0.06172776360308956,0.18182238172858278,-0.012224969887088065,0.022938679625363795,-0.12925004327397938,-0.05546697013409712,0.05649694648395786,-0.1625768379048193,0.040850859861476636,-0.02002899402761141,0.09572771539703226,-0.17953389271920886,-0.11387375854789702,0.0019076273122678354,0.3660880760312107,-0.16116045558337083,-0.1702850423674921,0.07396642927636207,0.09295160821425148,-0.04189211751525046,-0.22150683525239145,0.09818665727541573,-0.01631521152190223,-0.07403944468150003,-0.37609893476005396,0.09258491775516994,-0.17808337577152497,0.07330034927568108,-0.26814000168844104,0.1702499435229776,-0.1104038384748149,0.01144362630791023,0.11799927627592412,0.20888264248660063,0.14083941795439472,-0.11951104645443993,-0.09061596755972451,0.1152766493840664,-0.15475445313888256,0.005618383948288734,-0.221048717730243,-0.2508074896099282,0.10344335814213984,-0.03679962470076221,0.17265474828300512,-0.1330185652053415,-0.05208872651284796,0.23682443859431312,0.015663674042155743,-0.3363913385656719,-0.2452784516854793,0.1911997528465796,-0.16493573617938767,-0.032512002524115687,-0.030603016774818657,-0.04598585280704397,-0.0513487962870944,0.30674256412078915,-0.01798267522962486,0.1589731701706333,-0.10669710592689033,0.11698961970645913,-0.005375370245652168,-0.03899878433313794,0.06949387156161806,0.10966215081193126,0.017890829156032663,0.17937913562732533
2003-11-03,-0.08285823420774968,0.34698152138256855,0.07252144270674513,0.03565811073790667,0.016385201662822056,0.05242394427974915,0.08955179943465565,0.23309177102533052,-0.05466421217323368,0.54751357310519,-0.05340266859795602,0.3261924979325696,0.1442000646835109,-0.12857208233669265,-0.1137879380865781,-0.3768111807327202,-0.04081795543349183,-0.0389470028848915,-0.008232110109713505,-0.19712839911350186,-0.16403300667559598,-0.2035273966149605,0.06369472549363261,-0.08421584655188984,-0.037918627375300475,0.03877016656648939,0.06647003956792187,-0.04987162289880734,0.06282033502758563,0.16485262443930598,-0.09241857164872921,0.01116849352384741,0.06817775646901314,0.016241168413719337,-0.026915926594873452,0.045726264244949646,-0.22363722877854852,-0.0185966930542493,0.06739372344482344,0.06415841064614873,0.14309843492413654,0.002955274976456485,0.3005026219218847,-0.13582288007470153,-0.034320114909920124,-0.11929402465924485,0.01631665571208657,-0.18995621285736256,-0.05390101979655264,0.1188633339021552,0.03472131692407466,0.04508951704948001,-0.048769165792522114,0.14083334407786194,-0.0170404304733211,-0.11036302250176777,-0.37609894441166597,0.13735982715962475,-0.2064062359488241,-0.007648590989093055,-0.034983022186375515,0.1478423648550283,-0.3717687352613762,-0.19754947135999018,0.12717370179602044,-0.0068097950686466305,0.038872463899316874,-0.17630707982786614,0.06144580986662697,0.03259014627514843,-0.26667629707414925,-0.08285145168618635,0.010216583675479424,-0.22925287513623996,-0.04439945193561566,-0.08722523930984713,0.17610935731057045,-0.08993970209330558,-0.011359399951723704,0.13192468938122792,0.13834882393253106,-0.04184095970578277,-0.19159190348063168,0.4356768254591001,-0.24064614513504326,0.07117724942161778,-0.08464517499930557,-0.06592377617225925,-0.03540796536426733,0.3172633324813177,-0.004699109453932009,0.08366877945223127,-0.07813107186594109,0.14027297705952504,0.05760791529891733,-0.09659240158047323,0.12529333908508772,0.11244901658937793,0.07081010187616296,0.12812625245486814
2003-11-04,0.017134759280085572,0.32068613482525854,-0.015430375513519395,-0.05947072522422532,0.007774580760168757,0.1094766977119892,0.11811566401185225,-0.03579932444479525,0.13750215685981867,0.4078168134676433,-0.03996806668615707,0.3062732891745628,0.027488923377451173,-0.1495072228604066,0.11384732912461774,-0.08367873831832248,-0.08880481292302714,-0.11797283835117979,-0.03399467385210838,-0.059333853624136956,-0.36908311808200406,-0.2009886792029583,-0.06111144146670857,0.021414824073640492,-0.010661053818105804,-0.1379328106372241,0.11787723772481595,-0.04819476554348711,0.009544295818853948,0.11474096989180052,-0.15533816318250812,0.021929070042322894,0.020733858017538662,-0.073879234208551,0.030033562949082163,-0.05286100868035368,-0.0947488275036099,-0.01859670191406635,0.08253795986402451,0.0019140125743539217,0.07990112995438607,0.009537340464329542,0.09415080629733603,-0.10943861724798308,0.03359869056904348,-0.01734890508134639,0.15418799308275552,0.030399838426172995,-0.10077747611345533,0.3361739970017997,-0.08597556866069382,0.026300220593692348,0.2563106789266724,0.04204054241805905,0.04221543209902002,-0.17085887715254314,-0.1788700440566104,0.026218851954190416,-0.2954661852698778,0.050393771184276216,-0.028108289948225323,0.2860600448965603,-0.26465596856444984,-0.2991428759752589,0.1895313127773404,0.1595672980783369,0.11891158151226622,-0.012090865295385203,-0.21057367960272363,0.07740669298501861,-0.08958068177716803,-0.11700021697734256,-0.16982567913402108,-0.01087763481179405,0.05926952077813397,-0.09383607776395943,0.02780125661846682,0.07596750820992004,0.02964478528751638,0.1412072363459818,0.08322182631472483,-0.020478018391580474,-0.3245298348565501,0.03076280978007004,-0.16362431363961924,0.16573932604142896,-0.1444825065513087,-0.027259276087543565,-0.09616474234642072,0.268367521820002,-0.03002111182322764,-0.026802876045954434,-0.20270904216232455,0.18654379991424513,-0.03887188165969609,0.027574274054463197,0.07979896154474221,0.0890191047938549,-0.10028623345005715,0.21271105142463623
2003-11-05,0.05169201950014471,0.2546841356775285,0.010654052819003673,-0.07483651565891627,0.01776065599375533,0.0831723091405768,0.16648070445151572,-0.11901852512087084,0.009332920624363129,0.40622474409112985,-0.022684959755204234,0.184753450275839,0.027488912611244313,-0.07849363950609153,0.03267132711596512,-0.0928223612170099,-0.02783830042202251,-0.07132222381387973,-0.013996811822881384,-0.07139838408136027,-0.09491789605641875,-0.12882462192626312,-0.05576906540858268,0.03962593549667005,-0.08978130954654447,-0.1854577448126129,0.10316858583006483,-0.026323630598270205,0.10039863640712098,0.13104635721128757,-0.19029429722367622,-0.005768350016684549,-0.034663972415918634,-0.054451941596394035,0.048658504482293766,-0.12480809032786067,-0.03656651090092061,-0.052365363310786436,0.0842462474961285,-0.07771847564330174,0.033590427463492924,-0.04958857141803399,-0.053884635304589375,0.07209321391022469,0.016341916659776627,-0.011754072998926302,0.026570962679791525,-0.07653226335564486,-0.03165035282033057,0.22835133199042648,-0.11007182077287993,0.014855334423784242,0.1389019306409387,0.108984072088434,0.04836250665798511,-0.14909491372687866,-0.17887005568775807,0.039186620639991156,-0.1451152578983845,0.03222413789382737,-0.06750399199345564,0.22019542427904668,-0.17236911901354768,-0.20915224427655302,0.17622416495264034,0.07342202676783287,0.1571653183077333,-0.01209086186081669,-0.07555204984958877,0.05837433159097155,0.09868166345734511,-0.049174473373344775,-0.16982569400369016,0.0391401891491892,-0.02923907079328956,-0.03638293167205679,0.042330592449216935,0.09448979789335812,0.027683219811193534,0.06116869222954825,0.06015905124943133,-0.06998494730582641,-0.24870195500862716,0.06674541065252049,-0.16362432410249686,0.0005324651246361199,-0.1516597887918835,-0.03502674009838055,-0.045857501458979696,0.2683675126303242,-0.0532770793262446,-0.01045325509694378,-0.14975138002993044,0.1867201111470323,-0.047852756945370466,-0.009966177529786662,0.10968335282210441,0.05452003245559452,-0.010901032805357763,0.18009414335612198
2003-11-06,0.08985213180622031,0.0994355048923915,-0.0303947607274734,-0.04230064959247176,-0.04947384962759957,0.26928487393772543,-0.019933920075489605,-0.13558048497832592,0.01673478927487357,0.36300189720919557,0.08420940478565307,0.18475343792966994,-0.0009326132230931294,-0.006595145651644288,-0.03571542237912358,-0.04513456536999923,-0.05843045875192579,-0.0937464853548367,0.1277151019322777,-0.0937394071505962,-0.10616678181262215,-0.09962769351219439,-0.032546078161286976,0.0013467419603201125,0.048412398253001025,-0.09361513300598585,0.024137108569685567,-0.07590558974868307,-0.10846275929374354,0.07076944299758407,-0.11682753014494636,0.018052977711357544,0.09229297276056421,-0.10171968663352304,0.07341467429157267,-0.19867524498934327,0.025810501060007922,-0.05183809030016772,0.031798174964982606,-0.011735337258600726,-0.005633622525940934,0.03162547338818275,-0.08328150595606432,-0.05663077673596246,0.02433435962235417,-0.024513955961287914,-0.1555761922430553,0.03004413432949749,0.0032120747919754025,0.24533837754072843,0.008937317691011228,-0.025647094913711907,0.07332427690841202,0.04864927001768297,0.05799642386952447,0.05302541244327318,-0.1788598000782832,0.000488324328041175,-0.11000486621340179,-0.0188117587996073,-0.038250802021897054,0.22901704471116496,-0.22975149265858164,-0.09896464607529386,0.07777727366474792,0.05362759478288908,-0.0018834740318580602,-0.09083239408829476,-0.05624512118808828,0.05837432251407356,-0.08297335779573264,-0.012274252279892189,-0.007480874563985264,-0.09888514316416772,0.06418616698283054,-0.24885569472983457,-0.09233284809900555,0.13011882644301123,-0.06500374563469866,0.10023169921417957,-0.01259368487889748,-0.04423710874136789,-0.21637213187473478,0.07019923397532261,-0.09761707697852487,0.0999714766921102,-0.09281340999006185,0.13353823062766035,-0.042026222852030566,0.18080300800398863,-0.09883135500402988,-0.01625702245804599,-0.21609015706499454,0.047487267216551665,-0.0034582625564206484,-0.0038328606537712307,0.22187523784996793,0.04270175223106161,-0.16823199509043402,0.12776159242749802
2003-11-07,0.03223743725297548,0.05041793186667376,0.04107517906868502,0.026345182822306405,-0.059567303945581546,0.20661461955065064,-0.01993391958869228,-0.11204368325649378,-0.039149778471098046,0.34008700662354985,0.15638102027086506,0.20292807463941967,-0.08636100921368857,-0.009029356007917344,-0.03149681917627181,-0.022981535544469692,-0.11049647814947114,-0.09374649634025614,0.1735429005283023,-0.09041639097374257,-0.11831370094462819,-0.002291941919375404,-0.230977553608156,0.08890587716406609,0.015582605233736481,-0.11907232689389563,0.04388625079670532,-0.02749936885175602,-0.032542499014926334,0.02821958301005044,-0.1294031668739305,-0.02231696250162513,0.08237931355492782,0.04260302324795799,0.053836239908548286,-0.1258780578876995,0.02581049050125035,0.051135901326539994,-0.042584853296009716,-0.01173534821562907,-0.005633635166022953,0.1091236057024209,-0.131323097891408,-0.14538291408544818,-0.019421592310980108,-0.05343349027139597,-0.17613312457303662,0.09317230137032947,-0.020510053224395128,0.1636544106093923,0.06916801927660675,-0.006907242749869818,0.0801197902997419,0.04864925774450542,0.04170654254158581,-0.03317689898571055,-0.12976069275313798,0.220930951553286,-0.0827097497869765,-0.1125541809422714,-0.045116077137061485,0.3004678655232374,-0.19037469805745974,-0.021964855724450158,0.11018786804376529,0.19334479103480096,-0.21557113469472947,-0.2085968731632811,-0.12314593417446544,0.07597099543845275,-0.020522879846241703,0.07004206215200855,-0.013717078385275203,-0.08274904736543078,0.11991938290588032,-0.27092264746489825,-0.1115644787914406,0.052248835996080524,0.01980967190214275,0.050159771551197524,0.06326804930846208,0.03693042539756629,-0.21571909121541727,0.06299192021233199,-0.021383251306444005,0.24936333632570518,-0.08290819324394154,0.25957379907889444,-0.09435038056857219,0.10574473124163915,-0.09274694911581269,0.01667088511099869,-0.2356577895804893,-0.18496229608753847,-0.04822073277415961,-0.006692398467997478,0.11987959599610279,0.10436116151467238,-0.16587971020024656,0.1325340002190204
2003-11-10,0.13111642157683517,0.053659678337698254,0.03657893404251863,-0.015986481978942643,-0.012312832858737768,0.1495254234539589,-0.039860734022157764,-0.21139882859741102,-0.03998975943895644,0.2186347241390207,0.1420111535571578,0.2555564642590089,-0.04971075072354972,-0.09889043084651838,0.06305352629169138,-0.03374832962242114,-0.0686480482345885,-0.05298168067074443,0.0196042128282714,-0.1197019511160872,-0.22414785178499527,0.06101692537551308,-0.08800908838125206,0.21931648673017082,0.08882264841045975,-0.010683639725177921,-0.048666425869456416,-0.013461870607888435,0.059959246495522416,-0.007575370444020416,-0.20176868562807915,-0.14714404379778936,0.23100792505172715,0.06452906030198552,-0.010772048183538725,-0.11708297929492911,0.02194753622942939,-0.012180620547703474,-0.07331752898394414,0.0673426015315442,0.023365014976537587,0.17600026258668208,-0.016337600131306557,-0.01808795113611426,-0.16173466265265576,-0.07114138817288401,0.002964109698005214,0.16012165969827793,-0.1542078858296859,0.2094664208508712,0.09296919295858659,-0.10439494029327406,0.17174041530584064,-0.06628932716227484,0.03932472991415682,-0.10010849601373388,-0.12976070562873301,0.08838402962010096,-0.19070894370433786,0.030765810878419834,-0.034105692191872344,0.21672086900523854,-0.12105738730103587,0.0852379768414084,0.0312634680633947,0.18669308765958859,-0.11845586664186848,-0.09645251047674372,-0.302059870184931,0.14842563645507234,-0.04795369243857641,0.08183870200213168,0.002950719378746917,-0.09849286639937947,0.2301723798235917,-0.13981192973659792,-0.02975283316978567,0.07898406942771068,0.1306606234727416,0.04266800746704768,0.005557260258862503,-0.05064824969638667,-0.18553398515526634,0.03273799810392591,0.016247593262363,0.1745348491892693,0.08290457228015885,0.1852072208603878,-0.15014904012468158,-0.16125863541770222,-0.0713401247709766,-0.030214823911635626,-0.18722769926855176,-0.4587644867578632,-0.040596997469242016,-0.13260574587744162,-0.05604778425096939,0.1660524105325386,-0.14396401885644763,0.1325353320967144
2003-11-11,0.16603345736060557,0.09012037615084562,0.08868642022798282,-0.01598649467813695,-0.030298843139511932,0.12671929789382622,0.08560406660316446,-0.08051141433736111,0.09152223902432408,0.26531380882162875,0.07312565511233797,0.1250745793820747,-0.001062336221226894,-0.09297498707960328,0.0038620858561935517,-0.13650803107841583,-0.05359195485733536,-0.05298169139297607,0.15627749149455913,-0.040444386336459096,-0.1320509695764072,-0.03686365642722978,-0.17296581121755863,0.14055450962289887,0.012819534684108925,-0.05843651364977414,-0.024366543480582637,0.07263471097372937,0.06226004027532404,-0.0012241640831093287,-0.09880452989754791,-0.14714405411179998,0.18316526034881286,0.05365100843267344,0.003043063523309217,-0.05997361486273412,-0.007253401266835185,0.04393835167031616,-0.050510686855477674,0.05952282548888683,0.0380097462653603,0.04920620860548659,-0.009534811727662578,0.006397037853128606,-0.055729196692128315,-0.10345970515149255,0.09637045824035391,0.11078247804999339,-0.07720927731573456,0.038606971442899846,-0.0720717860709075,-0.05594983055556591,-0.0059746996612171106,-0.006187407075257663,0.019160574992743856,-0.1233928588562712,-0.1260010284521681,0.06586700431120981,-0.0795445493172701,0.04375081537100537,-0.05331080439908909,0.07793269462336874,-0.07145257083058586,0.0540630103780949,-0.0100449895541855,0.21563450164319903,-0.21239475612220807,-0.16450992165975484,-0.1585258217380396,0.09470156135693471,-0.15991020800038513,0.0704109165618505,-0.08206865911909936,-0.06473194485840406,0.07649163255933779,-0.07235268822459057,-0.010074104903728504,0.007518098817652376,0.1286520706606381,0.10970678622119379,-0.08030474435544009,0.03890618552970038,-0.1855339938225677,0.01676373473855194,0.019364584195442406,0.2387635212390328,0.039614578595005424,0.17156296915215238,-0.10449657174753373,-0.14810939557678937,-0.07134012850711324,0.08716387062247337,-0.0273100430175959,-0.3248948121388066,0.018462485050260193,-0.08049925380505292,-0.11213510819273496,0.13118938004541095,-0.18198410411521806,0.19462874316858111
2003-11-12,0.18081378116163374,0.08447032027634982,0.006176907053284842,-0.031165636898826222,0.050417738416954974,0.10679040422587946,0.12279410092116652,-0.22484236248418177,-0.1311699570958016,0.0539560602521236,-0.03899565850190554,0.10541332029502325,-0.07059127076971151,-0.05712996037025598,-0.0032133120760580933,0.016740836209698056,0.010864483189668999,-0.01575865365445847,0.0946440862629733,-0.06913376820175175,-0.22724802955741202,-0.08140391192529255,-0.14044727590394795,0.08854217899803281,0.07104229875516166,0.09276501403813035,-0.07808960416825336,0.15016562875748882,0.02684768138849119,-0.008980294299329426,-0.06730668495505027,-0.09435282468333693,0.28247435367637097,-0.024120511776553295,-0.01639440817105918,-0.11444484346197896,0.18823416834574774,0.0555333136042202,-0.04823602951327562,0.12226653106966455,0.0506515380130627,0.09650319462859944,0.0025713699797171204,-0.02613220832584471,0.007120402436636362,-0.1304735420483329,0.18303662481797178,0.0935367248059052,-0.03507669228306721,-0.04302538595677841,-0.027215217663142957,-0.08182262269064851,-0.14765368782786842,-0.050801191271348606,0.029269917189447728,-0.1449009835447465,-0.08042652311913702,-0.0362838707512102,-0.05183497414728096,0.04567890108265328,-0.09288411298826123,0.16464348889104272,-0.05056978779297799,-0.0008252381462628576,-0.12310341171780068,0.04044234038802654,-0.07990353772262462,0.11721254385603717,-0.0055537011503991,0.040619799553682584,-0.19297485029690176,0.029757630632976505,-0.04962974209208608,-0.02353636747437066,-0.0077286414779092006,-0.12148069728207453,-0.04753104114325381,0.07249475156362088,0.0918624273956968,0.10970677943999431,-0.15840387312866108,0.01849462159869133,-0.1691047398601347,0.13478070598692804,-0.09295603385979445,0.28525256279473116,0.12086689660278299,0.12944940618067874,-0.03577339928434502,-0.04406382841628625,-0.08196538799913576,0.12495062177812812,-0.20520195405324296,-0.18782002599115302,-0.05523117451737151,-0.08469882563470095,-0.20126938355442753,0.1006416104977711,-0.1969447665171688,0.1880597137965347
2003-11-13,0.12646816962465204,0.12491221835695035,0.006176897093486768,0.20877564228311335,0.18163180488233902,0.10017748484783058,0.21772609940892493,0.09314454564431005,-0.1890254651118974,0.20244671743841514,-0.11707265737806051,0.03645783565702387,-0.027222352657007072,0.08030649867045425,-0.09934128133534563,-0.18698694105105568,0.0016101168243534713,0.046574719158139204,0.10620539718957767,-0.09760882789406673,-0.25791838005182943,-0.09641544763338088,-0.1745133955211443,0.08790009453046914,-0.09348358465317824,0.09883754243611931,-0.07483115132046819,0.17496232394112615,0.07418976425676173,-0.03209803511303448,-0.09096475265572652,-0.04649716327041859,0.16303452477885386,-0.06576045207882421,-0.02877564760505298,-0.014008991847501946,0.08195948864724202,0.049730137188482265,-0.07297217188480093,0.007093911155018275,-0.01983560400026844,0.021588320725713303,0.02800269682595042,-0.10481792753399749,-0.029241331794523023,-0.10548392082045573,0.2187095151466966,0.03571658262213928,0.011611462196969404,0.023276824517910615,-0.011472305959614498,-0.0998178739548815,-0.11181809238973511,0.09514947703011864,0.03369078152374302,-0.253606688009198,-0.014370248351270435,-0.1250460032275544,-0.021360935302561536,-0.04618538147489524,-0.046316715885084736,0.07060334059620353,0.04159768490738971,-0.07352514258889666,-0.0702336942508663,-0.00963716494687661,0.10621605704345168,0.10117953244947525,0.046473905310816424,0.060472989317235416,-0.08826493639119583,-0.041755021497249724,0.12274875848361075,-0.07139747628280063,-0.00772865521679282,0.009980856245458867,0.017425723995589316,0.19253246456786424,0.07269265842808484,0.016500536182357663,-0.05710748254140856,0.001251569768306084,-0.22955577944338662,-0.1305853072298502,-0.14784584946690438,0.3814766613133851,0.054469682507771094,0.13562442807895073,-0.17966462119714102,-0.015551534608760138,-0.11411501030580055,0.2554500998860407,-0.10111701249331839,-0.24948583916919287,-0.21502892026874185,-0.1271398921850006,-0.07177840375593096,0.023588744260219986,-0.18535241290567514,0.03948727779079827
2003-11-14,0.14686526013839324,0.1975117144485836,-0.00938007886023187,0.1386540955963562,0.10200896234107037,0.4346522033083101,0.19536535431602248,-0.0019411162550541717,-0.021189700759187417,0.16982627345645204,-0.06187561072599295,0.07951516173670604,-0.1785932039593155,0.026941499350896465,0.1540689718477456,-0.05515408866255121,0.07892554400763083,0.10888413226104092,-0.027092182143587856,-0.23990784111627073,-0.37113380489389414,-0.14725186844990223,-0.06454440394961097,0.07261528310121099,-0.04709541315313415,0.15467663560488906,-0.09890991377638143,0.09690761669848996,-0.1276044107423096,0.08119473310444972,-0.12639997423290328,-0.06747741004668423,0.10507954735798213,-0.09829327503824076,-0.03201231538971773,0.05129757011679978,0.1795936281734442,0.049730132637311686,-0.18720582336121513,-0.008946053201366811,0.005993458537803407,0.05463156335179966,0.06822722546740068,0.09475075319847184,0.028577046771724436,-0.10522091496707661,0.02236103503212692,-0.14405828357167724,-0.05372496832206126,-0.0767510608782384,-0.06252122478112554,-0.09515712921532664,-0.05522131576784645,-0.015273006225262082,0.031233069136343057,-0.259226126514741,-0.014370259169012373,-0.04324927250770023,0.05565636617870255,0.040655308177258244,-0.013927054973403477,0.17638819595066535,0.06448829714854702,-0.1313478879861797,-0.03854951795071899,-0.06241167181638729,0.040606345205887746,0.15289828087239637,-0.03721428731334843,0.01775475251336268,-0.082545906609227,-0.04175503364049324,0.08415750268075438,-0.06036292898895515,-0.025706657831872967,0.035725334330658866,-0.10721170256030926,0.14741088072679806,0.13324126076079087,0.10382201547670473,-0.19095715394258458,-0.03972360088615855,-0.27873176673611344,-0.11164052357610318,-0.01388184517494652,0.37699470557446846,-0.029146995230132162,-0.0585507662682258,-0.1440308867998135,0.013197712410036738,-0.15052136272712896,0.18617775106666445,-0.08294651117305325,-0.12870221618362265,-0.18538560063661894,-0.1563447866012496,-0.10114672920275418,0.0743951618076044,-0.05017074468235125,0.07940067213256943
2003-11-17,0.1307292509747568,0.270513221936682,0.07372690010583328,-0.04460330464215425,-0.21495963460713108,0.4656797692214043,0.1953653882249589,0.18997525164602322,0.10020769440426792,0.058123947170115486,-0.06187736360118543,0.17497230727005883,-0.06711217093065552,-0.01545279871560044,0.09780638509430756,-0.24648150583148318,-0.012079408155708552,0.1486092245556994,-0.005953038040765284,-0.07083823688567298,-0.30777499392155205,-0.0874537365487942,-0.12213885247861409,0.07820404418490023,-0.0065726987303382535,0.1521356687779475,-0.1264366494179625,0.025406646201532233,-0.1385220059482482,0.0006978422323687632,-0.10529410800665928,-0.049974322013794426,0.1523528615030561,-0.06339105242038678,-0.03811635651057577,0.02407083579641053,0.2187716557734837,0.08097716734805757,-0.1636855550693254,-0.011720562280696081,-0.0031937927432713785,-0.1614213449241164,-0.03767850907771008,0.16848158817409914,0.08502689211251808,-0.045159623570701614,0.046970634083810116,-0.06728307125857798,-0.056730066403354845,0.12304866978248281,-0.018406323849649315,-0.16504392945159818,-0.04646158252535761,-0.08348184040805223,0.018133863218241637,-0.01752664355834473,0.030338923990374956,-0.3295362598052619,-0.024171704162030676,-0.09457135090457162,-0.10124184842739782,0.36042246314675924,0.0037206461181143965,-0.25941562434052584,0.07657377127217167,-0.09342201286154216,0.02571990176954358,0.1896120866649922,0.041119504040689064,0.10304761448466243,0.0034361872257764143,-0.0868630380441683,0.08415747661754078,-0.2231490285803025,0.013515876329589924,0.03528682481635514,-0.04297268013330991,0.17161859394205475,0.07550402118432727,0.05726413178627956,-0.19095714100410152,-0.04002588915247039,-0.23046158406877562,0.13764130345416684,0.08333527191693622,0.2961074787701829,-0.11404869500660954,0.06610923531163435,-0.13336311749807947,-0.09305589521189023,-0.1255088923398552,0.1578851945234466,-0.016496505309048594,-0.14413555027157315,-0.07441447189945295,-0.1009589055001176,-0.08923303238522012,0.02177116637586418,-0.13612140640339127,0.10673477648852805
2003-11-18,0.041427568654083674,0.2778187147734154,0.12875428358551147,-0.0446033187643737,-0.13694125886427116,0.33886273186650856,0.20386257893393986,-0.017503697668951834,-0.01876391574059403,0.14336921948586587,-0.05844907961378156,0.1506541647521269,-0.06711217532194481,0.07716125109413421,0.027412227099485972,-0.18635552209621936,0.10438246102785763,0.03902316823292891,0.10810876279538933,-0.12476693605508904,-0.20449869498733922,-0.11584303802649622,-0.12790994294905075,0.05098534753371617,-0.11558960623864035,0.11496267070311383,-0.055843168618486205,0.06802066330686131,-0.1680909608355327,0.04955781721929415,-0.02169373934862575,-0.06181752294261647,-0.04004695364682717,-0.004903772807207809,-0.025904437569534675,0.03941459677779144,0.1305709656105533,0.012373020704582191,-0.0963685995964878,0.11556444785271772,-0.025605005674092744,-0.17471292949526676,0.13012177716838272,0.25938047916248214,0.025412700278943323,-0.03333000855981329,0.2534851169357357,0.05794411758205671,-0.07822757617642612,0.03547187115865824,-0.08631913786884367,-0.11846817511107575,-0.13974993714936673,-0.06686141880101323,0.024559988511931467,-0.21445608013902331,-0.07904299783512454,-0.30128355459420364,0.0058861997431616745,-0.0945713535013919,0.03999955845443408,0.22543429916776014,-0.005715831429618172,-0.2940585233767327,0.0981494937986731,-0.06293377105891118,0.019789690978713803,0.060514470837479385,0.17894418001946644,0.114493667684677,0.04090423398555688,-0.06130017496805604,0.050901739054812885,-0.30557974345865396,-0.009253729016798662,-0.003259528555660451,0.07403832570265607,0.2580095339070521,0.12157919350091181,0.028418740730272275,0.021935134761588853,0.026465992668159792,-0.17783325077423487,-0.03198350607056758,-0.05569258728005825,0.20320063994078172,-0.03068234631536495,-0.008093595799491603,-0.07804360226739558,-0.07465846057067343,-0.08951849129693183,-0.02227015226315037,0.051200602506291985,-0.19079137930570145,-0.08101459904891342,-0.10455128663176938,-0.05098564444866892,0.03427259337543127,-0.029961476050689113,0.04587938479255771
2003-11-19,0.14320066340400375,0.19298434535202122,0.12599626161353003,0.0008405023098850757,-0.159537755684374,0.3171484919966156,0.1290777394497387,-0.16080828870551575,-0.142256681179611,0.2452523715823484,-0.05009394299870157,0.2020941797993216,-0.07916296516060986,0.0231147647163331,0.13172465828719684,-0.11283307326390875,0.12493474683902597,0.038989017748721086,0.10876968317583548,-0.2043897226091958,-0.17753896628902952,-0.1158430400405949,-0.10119744364735693,0.09336541485621475,-0.08984286447178608,0.09866124802574014,-0.03679133940644671,0.03320592355837354,-0.12470662360297823,0.04878674746091284,0.028325176739298276,-0.0635716606503076,-0.033721738794133226,-0.08886412088523209,-0.031568941164505586,0.0923727252792406,0.07688418890214258,-0.06266213613120629,-0.1563254804053285,0.11650020561419,0.053914392529165175,-0.13035860165641633,0.1945228692354573,0.11291136425626627,-0.0020419441514049263,-0.09777833272812883,0.003516504297830661,0.16755866456449814,-0.035359712990606404,-0.06543110550874898,-0.19468206815664782,-0.08289428055336023,-0.08767538434307164,0.09771048670521311,-0.0010066886219561196,-0.0806639479306133,-0.11099060603563314,-0.17133897744757637,-0.012184064444360234,-0.18179188312412525,0.1915799703479723,0.04516621678831126,0.023924873755686065,-0.22234187335869704,0.13682525673173235,-0.0880515355432025,0.008770410495219936,-0.06584439975567771,0.01248764953791457,0.16988407645914047,0.09713394394555737,-0.1030010203349276,0.10749543330997714,-0.1852305870784405,-0.12337461527637697,0.020280473432631622,0.18534115917489338,0.22673967778625184,0.11121642233246885,0.13446855860071968,-0.019302208089918015,0.06606877240924232,-0.10263822966005497,-0.024237149578496136,-0.04700168698595107,0.35917466340286125,-0.10929006076182539,-0.030543680154185973,-0.08238596157795228,-0.15839218324317955,-0.10813554928354979,0.03260015276970406,-0.03630069021429917,0.07863374681174089,-0.08325736125659025,-0.15912624330198868,-0.050985644982684465,0.056294953176331444,-0.15306090918367857,-0.015981617671302562
2003-11-20,0.13500576930239017,0.21710825752983698,0.08777330230334195,0.1078126559838745,-0.0787364876619678,0.22872355873106476,0.00554896096822284,-0.31006341736839754,-0.1298410826971176,0.24615650177754597,-0.10175917129594071,0.058368350334167575,-0.1162185768033914,-0.08866276360017385,0.18494787045347372,0.11171326134636747,0.09410488468807111,0.06331709789284812,0.185384628866512,-0.3287325905767937,-0.1551659832712937,-0.051652378541482774,-0.1767187750772637,-0.025209615295407592,-0.14715402050714796,-0.10827778169316214,-0.022050352411825964,0.12834597361717742,-0.09315388313500361,0.04878674347993687,-0.015326075886850424,-0.07895394093073965,0.02196879936187176,-0.08886413093934774,0.002961477587783259,0.1655771535374478,0.10665180208606993,0.02068242641180259,-0.17877208406514655,0.035331955176346366,0.10931120684644714,-0.22698534271924586,0.09062400786831848,0.25377799110425314,0.11756898686049064,-0.0439109696345353,0.14867660467303573,0.28415374500951157,-0.030124946979645004,-0.2113593737453621,-0.1559367394037433,-0.08334826840335563,0.05294930787000975,0.05736336183370971,0.01228136547022617,0.08998472099136165,0.06523209742681205,-0.30365095896905353,-0.023792566247732936,-0.08778007212963192,0.1254200177509563,0.025438095102727223,0.02125737407716857,-0.19270623571125436,0.11332110646429956,-0.031092710972476418,0.0297648395799634,-0.07334221853229456,0.030388020226665428,0.1742637237257779,-0.02434046817409011,-0.11836634169243872,0.25380144286326184,-0.18523059107699416,-0.08414329122532106,0.04584437416010656,0.10885814201033667,0.15222855902757446,0.1946137166934289,0.2601154582894949,-0.10468779153368656,0.079500619935991,-0.10708491069347376,-0.09528117164642483,-0.13081387527500546,-0.04858130892088982,0.027363118166586226,-0.06650645819167612,-0.08596873473896599,-0.16081200021522793,-0.10907682838073893,0.0701907795915406,-0.12263197879613731,0.10463974511737867,-0.03247238833868846,-0.14226722231200015,-0.12972059364316557,0.091994640727264,-0.15306091844445338,0.045474877763502335
2003-11-21,0.1319777745284705,0.13207416877518358,-0.00012932658006028857,-0.13460363787968782,-0.08820795184732277,0.1826292289158044,0.20739031449296194,-0.3382228486453253,-0.1125483524209853,0.1325469911035497,-0.05163515467864033,0.10209799828638601,-0.20372999124676353,-0.06738646696652573,0.22904767950747493,0.11171325547810049,0.09827193209275187,-0.046967166701005765,-0.048252904237034905,-0.1478250838802535,-0.3567303179407165,-0.04435843890777709,-0.10645504639954124,0.06331650457905517,-0.07708360070802936,0.08685910003934315,0.009088366688509836,0.20818282991393108,-0.20031951169354817,0.09908534418435025,-0.015326081525395975,-0.048539717618761274,-0.11574944130961734,-0.2580348660703293,-0.02696472943235651,0.029622739284160034,0.12320957878697177,-0.1358008383569228,-0.19699742917551807,0.03179395042344119,0.08977175321372492,-0.03032378713413903,0.07704995829480876,0.18818770572883253,0.045255051837148626,-0.04297397396460171,0.09987401373239364,0.184444002264919,0.024323186058387437,-0.1816361109449995,-0.16230110862322136,-0.14745405655173013,0.0028249544845507252,-0.014656963652452303,0.010576924972409786,0.019827416662127385,0.087394052676485,-0.30223767199150614,0.14895112258319815,-0.005619059494227719,0.24538489221042828,0.06030390805805224,-0.005801163621143168,-0.08439567855625016,0.03791480115219389,-0.09869410180200806,-0.07179011025211125,-0.09473406922015763,0.08877017772943739,0.019154585320385054,-0.04944651010708216,-0.1183663492653374,0.31177890567540334,-0.023271114704798798,0.02702809674402786,0.03018260734522572,0.12084410952488388,0.05992657514943193,0.13276201749017752,0.3709794780986864,-0.24594017278062513,0.0795006111873273,-0.09411582028136482,0.05533983924027805,-0.09721640394259125,0.07440630237385383,0.12313829787658859,-0.06650645914781868,-0.006225624888722297,-0.07369753663659952,-0.0800402272351655,0.07019076594471516,-0.3254371561946506,0.2216960037711534,0.03455109100466685,-0.09335103249853319,-0.12377897784114057,0.1075723705775608,-0.02724120063746983,0.1334113357785597
2003-11-24,0.15952292078069039,0.17312609125731934,0.057094476327672665,-0.15026827059571665,-0.07258480357478944,0.18997879762638614,0.20739030682157844,-0.1731093324159906,0.006133584273318872,0.06266519386681754,-0.07529780615965795,-0.08083610988778613,-0.05792169768080932,-0.06738648005945476,0.10313956975344378,0.019377731021491294,0.00014024211824499228,0.08735780555226225,0.20480580815067864,-0.07826227786359957,-0.15120138074191344,-0.07384821064417027,-0.17273327355403856,0.05123986855350018,-0.15087179221731842,0.09560075739698196,0.094543168902725,0.13326388522886495,-0.15809028337131345,0.026702481637024888,-0.1219763633659911,-0.04532724127736442,-0.21342106730878402,-0.20370132059312296,0.03328009810418824,0.015855207395104595,0.13156306925227448,-0.04832554298179749,-0.05921612016880783,0.20468055117577935,0.09897646946695286,-0.18065429510274622,-0.057306137069480595,-0.13358572493375118,0.11319936157813107,0.08727807903173908,0.04071354939008541,0.003470892115757801,0.018889571316971724,-0.012806021569078861,-0.03968629455295485,-0.15136508290174905,-0.010108716324703728,-0.011084281785804114,0.05262572896585253,0.09642775719730712,0.2252505116888118,-0.3022376780423065,-0.08900460006780682,-0.08632025950818199,0.23484768604528863,0.03867643157039537,0.034757767862185394,-0.2432385277287682,0.03791479252770275,-0.2513944430183799,-0.019486150740856894,0.014024058235601876,0.08877017568854224,0.0011233415322072355,-0.1252355232522192,-0.18874491875622884,0.44024707799628987,0.0922915318464822,0.028013412270880646,0.08157384676143352,0.07039274493111453,0.11761852217928455,0.1233750641092339,-0.2479951545990582,-0.22021115292934482,0.13071583463341496,-0.13478900944309577,0.09192943551660628,-0.12833643224778546,0.07250020031680142,0.1377153686684867,-0.08847528700176567,-0.09016542520782651,0.01965051207769812,-0.09241695932748542,0.02684619360473198,-0.22856072840075492,0.11758162607132605,0.10464775197948048,-0.07456089478883904,-0.15685189410320655,0.10828430779256348,0.023237577704382638,0.16399244529116092
2003-11-25,0.08879873287555698,-0.2769520947665697,0.02353272793668449,-0.0756417874887413,-0.037346735932833955,0.16497334208746187,0.33072642123247414,0.04181976452827118,0.030750849812260884,0.09424128015592793,0.008447853206412953,-0.0843975681100536,0.034443693876387176,-0.012614529751507847,0.008145958235732388,-0.0519474613620595,0.03222150676171228,0.17500056777088974,0.2138431164210733,-0.08618114424116147,-0.09340279606553209,-0.08419417383865119,-0.12588818117240674,0.030055610895377866,0.048388773789581244,0.08905241358695178,0.09295946999037749,0.050311115555763876,-0.09417878853386566,-0.0898983352138543,-0.060203530161829166,-0.040341496184455074,0.018581754348659323,-0.17895651734792484,0.031344889833722314,0.06942872291995895,0.033772095834859045,0.005824663851661412,0.05447882214726991,0.12780705159464048,0.023931675061933434,0.18119396697816673,0.013771875555275963,-0.11547468177813858,0.17025377889597657,0.20194728852322655,0.1616411296865038,-0.11822215578604452,0.05995380041961365,0.12162618725087009,-0.111428063690695,-0.09617779867304747,-0.13932642717653745,0.009117229784437313,0.05992502482141703,-0.1590205009362203,0.04951208688707915,-0.24319653595699825,-0.27371442672220203,-0.27681751374226043,0.2600488358682212,-0.0036543884236181954,0.02798057888115397,-0.21977786483464937,0.027942533604157365,-0.09924163551010236,-0.10235098478891204,0.0871494186313412,0.05078233214821377,0.0282447516213361,-0.1372157937190963,-0.17062794242340332,0.2721889974840501,-0.10750648486252538,0.037214850655927154,-0.06905422665419438,-0.21289780359331145,0.2347609016150732,0.14472944232587726,-0.3097015205757142,-0.13509205656222956,0.12182192514613666,-0.0673223895897256,0.027119902010087196,-0.040658066436407736,0.19736426896488204,0.11490876139137905,0.04011449339322224,-0.04405623362546365,0.08250205662625887,-0.10115691428240503,0.07205000197772393,-0.17682871399935082,0.0917374652412602,0.08797919117953494,-0.10020615723030502,-0.13113951727907597,0.014513658380302516,0.03324685666096119,0.19694250412246606
2003-11-26,0.09691285022801636,-0.05470846075335962,-0.03686368479123088,-0.03041719423282429,-0.011582942422673312,0.23890670751618698,-0.5883625992300963,-0.10165186252743903,0.003139710613992393,0.05996117376106288,-0.0633456467534483,-0.1739512253356037,0.05049721925713925,0.12440564492635023,0.03438661539898163,0.028450731413870167,0.11452474146172915,0.05263009832228896,0.3595954318315844,-0.1647675177063079,-0.04435146843678129,-0.018319270503171996,-0.15379970303899218,0.037062428463228436,0.057995342721319655,0.13169178904799406,0.1407031605286711,0.07089578211210973,-0.17072648911591087,-0.02169692625839991,-0.05532091631091701,-0.07580416628955866,0.1722848221884361,-0.12680193152154853,0.0164008767465505,0.23083592662000438,-0.05317194770210371,-0.13645101226543183,-0.007201425819843201,0.20890387972490057,0.06964442451816787,0.025735153872519186,0.1669493942294878,0.05908008876755876,0.22757078609156264,0.04115298933975089,0.07248758192201202,0.1983230546861221,-0.048616616082470025,0.00087642662608491,0.024084053399821264,-0.13365107190012399,-0.0818343276268251,0.08884391507754509,0.03600205579467088,-0.11342050759432669,-0.11980597728206295,-0.16569477405596617,-0.16609039824277932,-0.28748960441510585,0.25313188427272737,0.09460821852994525,0.04334472677265318,-0.066476394853444,0.07416290525211693,-0.09924164750664902,-0.17266653914740981,0.054708507508283516,0.3041569066086135,0.025557941237146165,0.016064354488412133,-0.030627614675309094,0.12752718293430398,-0.03137649891808599,-0.04663877076266205,0.020623456087551575,-0.15558162626738314,0.18595837260548448,0.192628986977173,-0.20063775428792796,-0.1741308067911485,-0.18955539918573594,-0.025395444765910512,0.05400496404446468,-0.19265571832674502,0.1412023608204394,-0.030364932100180615,0.07766246219314163,-0.05018864014787239,-0.07507339799123762,-0.12511571260591534,0.07205000075313779,-0.25709694247317516,0.10710273036215653,-0.009183795015527027,-0.06431815675467265,-0.10107966840995329,0.027096692025976074,-0.010853105981692052,0.07110123595396757
2003-11-28,0.2631514364553386,-0.16358399053872505,-0.048290755043219856,-0.08384204499426672,0.21431314611936989,0.03425689929704817,-0.4702464179724969,-0.049915066747816136,0.2421024628675901,0.1026841538185191,0.06348203972233632,-0.06462760961754269,-0.0131401679121239,-0.05158813587000536,-0.060297973671439256,-0.033157728102772024,0.12698103380793446,0.00667771180094711,0.35843671839926566,-0.23703144080344662,-0.044351476318600494,-0.09907624636648857,-0.07177687486077079,0.1264720842779552,0.0202642754419159,0.07012861595501127,0.08894298638280843,0.06728370420012333,-0.14163240471319463,-0.021696934621256932,-0.08275262700748529,-0.09721298162149834,0.11022414287313013,-0.07550709725130623,-0.02325956744561558,0.039983812738447484,0.029646619217125882,-0.12717709620517592,-0.09394599452444759,0.20685175118688803,0.03991933627836064,-0.026257188436345048,-0.06858801491035978,0.12977483984216912,0.011774317933086335,-0.004705601774137341,0.05301463941564998,0.14593606578987728,0.13431855992399647,0.08532382646077662,0.0035694154026936426,-0.1240244452858359,0.08994712543232183,0.0771454997571955,0.018351159684203963,0.0779375596833279,-0.030681904702377805,-0.19843889972576245,-0.024944700990924995,-0.14488237828976272,0.14170728567058982,0.04694785519486486,0.056645885380537386,-0.1208860078750391,-0.06784094185520848,0.0014969745578731193,0.04589617497693187,-0.052359899681308344,0.145940924726594,-0.041074214528674616,-0.00011782652062848311,-0.060991050950170954,0.1165431009035142,-0.07004017274013669,-0.05481540278904536,0.04710801097090682,-0.09797851072657081,0.13500148502950912,0.1365378146620118,-0.11140316720822216,-0.05112638234842208,-0.34910415166122116,-0.07243773271521661,0.35612777007584223,-0.007951423452196165,-0.042161520166082364,0.14216119685405756,0.14860311222387268,-0.050188652457852895,-0.4460728440168683,-0.14160478771787516,0.08068861810628541,-0.2568397816549575,0.13048830928529084,0.05790551752761421,-0.16824002658289133,-0.1308288350999654,0.018092346922449216,0.05279063026785684,0.10531946878971561
2003-12-01,0.1887557558318373,-0.14827643447454608,-0.043317443153147735,0.1021855477182481,0.17734672780798624,0.09978643240856577,-0.13940974729089495,-0.21881636723164702,0.05676366827235022,0.016058375302903913,0.05920098093952653,-0.021812943580567113,0.06704753854801047,0.07443337643556884,-0.21798078111483987,0.21937349838600237,0.056827925025138504,0.08621698019684865,0.3511103425986145,-0.29190056603723924,-0.1992342065507576,-0.18003660880978173,-0.08239545826266907,0.027860634725629062,0.21881649168899425,0.022689440810616142,0.023162187186288243,0.15192953380514565,0.01839684617970822,-0.09964923529129793,-0.09197966310370753,-0.06318919597394358,0.11729779051853897,-0.28020911435425505,0.0015721832916314779,-0.10795086307489778,-0.03600168970598703,-0.11188174568263556,-0.11318650771923423,0.08415031310109246,-0.03557435863242324,-0.039710110659146994,-0.048117598553396076,0.10004673015622682,0.06747357718958996,-0.01623215345950463,0.03816808961584932,0.14153748237422545,0.2590149327860369,0.11580523330499128,-0.020154549304918355,-0.114568615089356,0.2135866112237843,0.07157557009222809,0.014468983426391364,-0.043264522972479985,-0.044536287582455654,-0.13276298997663682,-0.024944633880293287,-0.05735279157194483,0.05730995258731642,-0.10188395119387715,0.08103284530746067,-0.07004225676230308,-0.1568723680222122,-0.04096459467980964,0.09132573157171224,0.09989850067972209,0.11507722351544544,-0.05419443357517313,0.03587641872542842,-0.06270397017899387,0.07798956739896931,0.011847457338157067,-0.05481525370711864,0.01737445535637641,-0.10848276029844406,0.1260522213217739,0.1638068770918347,0.03054118529079629,0.0642765306773282,-0.25391447309271886,-0.2927298109772438,0.0419275587206372,-0.12995686447504912,-0.024663643266758434,0.14614043205880023,0.20368502746944195,-0.05018865284717414,-0.3181548990882114,-0.13919436925308828,0.06396368210865337,0.08822925406886233,0.11019045448545238,0.01406913183991041,-0.15307252911301467,-0.11429338619057933,0.015101995778746127,-0.11250168239955378,0.09349456666268528
2003-12-02,0.06445317666612188,-0.14009339553295216,0.0036725581014691875,0.08374760881160428,0.22713696702825673,0.6038391114538567,-0.05647585572391067,-0.05220581104210111,0.20064789953915796,-0.3893189187766124,-0.052360271172455244,0.0015566364489052527,0.08517042985002228,-0.05340848018228329,-0.043972450208933714,0.05102263195944774,0.04089190456859083,0.13830077230510643,-0.00013788446503376804,-0.26120940433268325,-0.16362365927360703,-0.2006002523641083,0.020069813024976648,0.03182324944548305,0.3922998762357455,0.009107414427519452,-0.03346020192411173,0.07025056345336345,0.009672404924701625,-0.05523568646749571,-0.08422335798526588,-0.06025865704513941,0.17689933123157908,-0.2568719335347943,-0.09405947308451645,-0.08698114361325199,0.07104034671547411,-0.09321287509990586,-0.020866894231508424,0.2926115323770304,-0.02577250861121186,0.15761331503674247,0.1497482144657324,0.10004671612809242,-0.02075508918601048,-0.032780893034050164,-0.1174850120805271,-0.17556572983988428,0.16949815981931016,0.11346092371795909,-0.05385822045121303,-0.08118704980044283,0.2266344518132898,0.10406701323732645,0.03551260163544239,-0.1386425908776332,-0.1071683780078497,-0.03776342027813904,-0.12273593398922057,-0.0890785085327441,0.021071071131009173,0.020424340430391187,-0.00748856264491324,-0.08176527935985621,-0.19938758236330043,-0.09947021230002881,-0.05653928345820949,0.13182985703699027,0.1086471688711838,0.013807887256559011,0.03019960729714981,-0.06864530685926945,0.07798955972306854,0.03632071627340735,-0.14096334273961875,-0.04071504321826081,-0.05802184495251776,0.20198597294201281,0.20185807493159397,0.0340080806546574,0.05211235097585146,-0.14888398342410436,-0.16606162524988016,-0.055797720049260924,-0.014216032813245983,-0.15383476695123083,0.1461404227611691,0.09991874462120515,-0.06948532427893965,-0.26085770574116013,-0.15461790925340588,-0.055579878488904985,0.05598528648989345,0.08034983417456446,0.03213259930194425,-0.20640909699406984,-0.03931530692492589,-0.016624823381273895,-0.189080125344268,0.059524064111094836
2003-12-03,-0.01402955289894538,0.034214036799380156,-0.1043100064203316,-0.025970008813355257,0.29426988792178416,0.6566056050293543,-0.1105419133447323,0.02339786766249401,-0.05579900586744386,-0.23633583167158007,-0.01783369325620164,-0.09165185458966076,0.024905719079745398,0.11330996844166416,0.1105588170606392,-0.1390037020493738,0.02446412933047756,0.06417372856474989,-0.06023792259819988,0.10042132991358783,0.23868029701399956,0.04225039888296261,-0.029994058067675418,0.12454558118849916,0.27309177614807295,-0.15168576959279031,-0.10069882900905987,0.09642117713998442,-0.16696348063911678,-0.04927814824127338,-0.0823885598637313,-0.10171273381008179,0.19332720951075283,0.09277830829760557,-0.08604324065286185,-0.21483975249479256,0.2772964096929381,-0.12499295494181767,0.044002726528669635,0.13054496443429442,-0.1371557289003823,0.041882074243630614,0.21005871464305037,0.15666986551249498,-0.013402881008646872,0.0900732871694032,0.08773875212354956,-0.13705247417710598,0.10418295072213737,0.008806514973260229,0.01819120689219583,-0.0806423198076557,-0.19381588919826742,0.04805843520733374,0.06740883053859707,-0.028445320874965804,-0.04852895774106027,0.05108004447833706,-0.1372095417261769,-0.09126019107300865,-0.18744277717349572,0.05911908483593179,0.28731427478446725,-0.023254031926505162,-0.14106799193756023,-0.05407556709252232,-0.09123724857914434,0.005029098796066241,0.17625171494127248,0.05807884837492388,0.038390260165157376,0.05390386346281349,-0.13898276416931904,0.0013195178392377898,-0.12183972529504265,-0.1051028232085404,-0.12101152075791852,0.3217255555961541,0.2370645762263348,0.16935895460172287,-0.02268844455711478,-0.1738810828988727,-0.06498398854613525,-0.5427877640633718,-0.008652877301030143,-0.27835321096867094,0.168302771370906,-0.09824389077146496,-0.06852209652766278,-0.3011147556443122,-0.18285981032150886,-0.16156465897822334,-0.02727536842286056,0.010314957122655219,-0.042369561505751316,-0.14155674646021257,-0.18005937046173318,0.10788200603287984,-0.24727391366439555,0.027444197947378204
2003-12-04,0.10245556137384638,-0.045904711217861285,0.0694829137725625,-0.025970023097942645,0.08262276892377078,0.5413308270245151,-0.07799511579265818,0.14605742677490174,-0.019653736681153552,-0.1714107593733473,-0.001029156652921882,-0.04473092131628717,0.30582338724761626,0.04097062886337395,0.08895531736175714,-0.21595514753771053,0.03539507825998839,-0.01223045888759456,-0.14055367884900244,-0.24094262187281995,0.4874727995888724,0.0422503970446312,0.199659780879556,0.15439162359078984,0.21100662979272222,0.03268605716051587,-0.2285508626998732,-0.016691811350619035,-0.06237846653610416,0.04982135174912494,-0.04765005804002395,-0.1386167891471364,0.08872042783367144,0.13374200578809953,-0.14845534428115292,0.08132603616331682,0.05298233914347441,-0.028309470784342608,0.07671356812770237,0.32078521818165706,0.005490340095603451,0.04259170910587334,0.13609399733260444,-0.003348899308884432,-0.002405400772959939,0.02575865540213042,-0.1622090373652297,-0.2030421500602523,-0.01934925483000058,-0.00821962755194579,0.07460278844186302,-0.05211509211746808,-0.37605024354926864,0.12944873229536294,0.008891836739503124,-0.010846127700382333,-0.18428158321897506,-0.08202516327691317,-0.08090175195035272,-0.04058318240511479,-0.04394793448336617,-0.08973732190252552,0.1890137461433061,0.10862688241895269,-0.021179730368133424,-0.22017023246703235,-0.12757068236947133,-0.11154345036979882,0.2743972207310776,0.08221860915168792,0.308686487169346,0.06848891162834915,-0.07951773046760754,-0.16784807197100507,-0.12183973811540524,-0.047351683206749054,-0.0047703091759480586,0.1916043968701029,0.1900934970591533,0.14418835697943339,0.00766257857041168,-0.24174982449466662,0.02067580800849583,0.0913585325372025,0.05372106659268728,-0.1383689181127808,0.1030496158145031,-0.3960833511597057,-0.052045540935855346,-0.19728574619355155,-0.12135199260880589,-0.2122680133394187,-0.00441045800523687,-0.21588072450014886,0.22454745780900146,-0.303589013750339,-0.23721129623137846,0.056125488509687335,-0.22754408340784063,-0.07406386476740766
2003-12-05,0.14829646248242712,-0.15546686065240775,0.08541239205744401,-0.029440508784630205,0.0826227595306843,0.4063196653430749,0.11179354175022468,0.03869641816424416,0.14081845495697953,-0.17141077110494354,-0.0881982183225756,-0.032084020473665424,0.07247521223847136,-0.18405874379403597,0.22879318444082614,-0.015028027101285797,0.07790580067441565,0.1019701638318148,0.14403296502718255,-0.07227935750398269,0.11020365328191088,-0.09921893442158113,-0.012682021126028157,0.15537388273101263,0.12250201656509391,-0.034597225761745086,-0.05270158745229058,-0.024639492832362737,-0.17157443395834135,0.2233672707566207,0.017779963794183513,-0.1246645751017949,0.10718524393293884,0.2655966567570335,-0.07376135010011438,0.1379946168597207,-0.0450946851313297,0.00017862736289158947,-0.08205919437298662,0.16435725672351803,0.11072278331666548,0.051770966236173235,0.1404470809145169,-0.025998946628979325,-0.02334328022924596,0.01687433907130143,-0.005784465104993108,0.08443176075214334,-0.25552656628463843,0.11993219654999034,0.20906115766579286,-0.019575819489095446,-0.358896506904566,0.12944871812903966,-0.0003640997685843236,-0.03688588897406355,-0.04469849335374074,-0.05117876043226965,-0.0011056525644768504,-0.10130908857695382,0.0073737335405183015,-0.09554447176973933,0.09607917352992755,0.32924031963677663,-0.06701865248130398,-0.1562644087641877,-0.08970131635762815,-0.10076919219079301,0.27610426245064296,0.06945459524638521,0.19013409109604787,0.01262599895535836,0.05775633544677741,-0.05186960487160143,-0.30907617121779946,-0.014526902836640829,0.002681790532695089,0.19439179476017135,0.18648793940471156,0.12187675447319025,-0.030562654688408505,-0.33968490025806675,0.05359728758575543,0.0018163172200601969,0.1658176306805628,-0.019323225664219335,0.09231822900311833,-0.25866916457334577,-0.1778540347233288,-0.36662832115739363,0.0031761375888841557,-0.13047884038256102,-0.07527101674839415,-0.3134886272075852,-0.10796334937325902,-0.24012756194851054,0.009343691674578927,0.0524076262386855,-0.33460691146358623,-0.1823339708506825
2003-12-08,0.21647827329482675,-0.06356460856123017,0.01804263818304932,-0.041213548692435535,0.15917964298163004,0.019200996680245015,0.14952446095632185,-0.01550793354153177,0.12483785488001266,-0.08255079910374945,-0.2716954200342039,0.02363743131781996,0.19885548649235074,-0.02887276117489692,0.25855892651793316,0.08899432110364393,0.1084195162394552,0.16375254736384864,0.08734738357916778,-0.13736086233463418,0.08447941389936957,-0.10099778961867016,-0.1283639361885155,0.04951813797280543,0.1450761081527546,0.10876118632631536,-0.05464038025538062,0.10371515052772191,-0.05110054141141654,0.14260297005010425,0.10011174152873809,-0.10135871383482341,0.2350544997045386,0.09690599101779825,-0.11873969499659509,0.054347181954852296,-0.10539456758346069,-0.04609425770511173,-0.032712762238977094,0.001995810469497517,0.09431722745141044,-0.003833943441202313,-0.08603219696189437,0.03467593024483812,0.02309844266044161,-0.009967168796447504,0.1622051625172913,0.025769072931665964,-0.2801252621467471,0.10079677794736872,0.14069520120252976,0.005689544675163743,-0.2997231483747285,0.0891636434091578,0.0011122588922017349,-0.12091173847720776,-0.08621798705657285,-0.31054781612840693,-0.15254626676019245,-0.021096576117117415,0.012923418950008253,0.06326937405080535,0.1569226581231346,0.3292403142766548,-0.06607017360463636,-0.09821189043335411,0.07867116107434188,-0.03462181145676562,0.2855941292037119,0.054370930678032815,0.20877113517956408,-0.0319208420856703,0.042177344034556585,0.09545362255224182,-0.17792958333856995,0.15496891142124225,0.005981383384334384,0.21278909285988493,0.11669989378803367,0.027488749928625683,0.07948542400829943,-0.3606091087298848,0.03516052633721305,0.00815127404411048,0.12889684278740574,0.08448305865044632,0.006169539704551867,-0.17607595710726645,-0.07212608767286534,-0.2180485136014899,0.017279777691831397,-0.0422695589887072,-0.05928998104908033,-0.23027706488258848,-0.09757089405631054,-0.23224212322504342,-0.019658944005248372,-0.03902983432161796,-0.3313275542114046,-0.12224855859555173
2003-12-09,0.17324661994895973,-0.06356460950508769,-0.05456644036098206,-0.14835414379108197,0.01572735901696601,0.12085690941366821,0.15557442542529015,-0.17357085669830405,0.14810022548106955,-0.20440423893382773,-0.18569767940123108,-0.026192804158027553,0.10740977967579916,0.10692011539729786,0.2314572533914605,0.21981440516816234,0.11081204505427963,0.0997379790647445,0.15759108983547143,-0.16361765938955664,0.03889775381638823,-0.016486630075413174,-0.04615372404139507,0.04951812749535401,0.053000372559204444,-0.03468873356036677,0.14176728569839922,0.1037151535690655,-0.11584525031481879,0.12177573492867166,0.09220636132354797,-0.0972107843785451,0.17373774208811305,0.23000793468597497,-0.11581156757460989,0.054696158060085424,-0.05906620638119282,-0.05013180083814427,-0.10150128515453358,-0.012933150753171968,-0.008472613382669131,0.03040247022883352,-0.010055859011126381,-0.02073672028724288,-0.023531111718355396,-0.03036264447641317,0.0037461020267329642,-0.11976753336853362,-0.19773518555676703,-0.0421920451222601,0.27813693056105315,-0.10568867136058359,-0.2639195231681743,-0.08647642492382158,0.04241531476966518,-0.14131253468212512,0.06778905684767166,-0.31269853654389923,-0.0531150098475053,-0.1236520703548812,-0.03169004183809624,-0.007503735015358477,0.07544539003376254,0.15820795597433102,-0.04994078653628991,-0.09821451174215513,0.2809119521409232,0.20941941665930772,0.2855976498917056,-0.03953200900211835,-0.032126256911707035,-0.09608301449770622,0.08237622606918528,0.1784816991927425,-0.23034324242300164,0.2587372399332963,0.01572645250750912,0.26280800225655887,0.07639421809958975,0.16432123182378774,-0.10315971185112566,-0.299886184155922,0.30183894199193273,-0.024243085531956213,0.055570933395019895,-0.04910741287837573,0.03319968353440582,-0.17607595948979213,-0.07896580010923268,-0.10961171162105687,0.06583800323089106,-0.10270327121711503,-0.0952996523474052,0.01956143724535918,-0.011516485622556359,-0.1985365603780497,-0.20107181823457732,-0.03902984647151392,-0.18226979811259716,0.06543956079089762
2003-12-10,0.12024997281147191,-0.19889161379726622,0.01416524094234501,-0.1093762415453726,0.050410334291236474,0.3434361591719577,0.14942129062056272,-0.15130706748603917,0.12567545258086432,-0.27578974139395285,-0.1929302707730526,-0.012162893396317131,0.02282394319067735,0.1585132842675117,0.1703042587700999,0.3433489380133805,0.08566878782777633,-0.03417559943106942,0.2246636208084185,-0.15896967696974845,0.10582286715842604,-0.049610224813104224,-0.09984986719942644,0.06299989885844326,0.05762951778899051,-0.18137828441531492,0.059691101076575284,0.10371514681531413,-0.2091531045761719,0.2296452611422145,0.08735405850600243,0.068506745191177,-0.01567365523678343,0.08116478659011583,-0.17069051319052994,0.07069479619144747,-0.08237311954678499,-0.07960829689505472,-0.17542182938644016,-0.19675225209863378,-0.08208581297225456,-0.04796623940983181,-0.14870933803621186,-0.057803011499988434,0.08153155187513951,0.03304446897782895,-0.09411944278943708,-0.1206865636367185,-0.06667105489053478,-0.1845798370973472,0.2657352798172009,-0.043263932927938786,-0.1510111468201804,0.07548428098694716,0.011538864007379208,0.05840927855338194,0.06534981320481134,-0.2575080730351843,0.05859811471982237,-0.10715515874011408,0.008569611222372375,0.07164835640368898,0.09304138441788047,0.05609031178074991,0.059391442304147654,-0.09799162105812119,0.333041854998293,-0.06061563750934665,0.31528830150571135,-0.03562043210121048,0.06502768660441823,-0.15215556318458678,0.299291010221424,0.20329912337774053,-0.2926787461714119,0.0953292227551166,0.0056518420235301585,0.24345213232319401,0.013382050750647337,0.24544705306406284,0.11539105944442593,-0.2987791676218359,0.14840219013964817,0.08838217378753753,0.017466847841251104,0.14497479689746187,0.016667460640478474,-0.17444643107177443,-0.15822918198974573,0.13845867094585285,0.05339144464132124,-0.20328729203423737,-0.1052818117466099,0.01419140405782957,-0.1147709035146582,-0.15643139214732144,-0.18823305023517614,-0.0064515976360049465,-0.2814291643529494,0.08372346478323425
2003-12-11,0.08371129727727569,-0.25267271129749613,-0.06460908710697984,-0.03282322774858248,0.12592047926842903,0.13021195978252065,-0.02393478931119259,-0.5028039166210508,-0.13407073127161637,-0.3679903668712098,-0.20818662876115177,0.06861394458634484,-0.11749436636954565,0.18992616851248717,0.22447020585705282,0.6159391980690355,0.17895388787619612,-0.10000428553948514,0.21241720934812217,-0.18733522844185352,0.10382793424678226,0.02116733032843738,-0.1568301772980735,0.09052379067101012,0.01939229807314121,-0.09607536807962391,0.08498529907882045,0.045604593166265237,-0.1464008352006657,0.21912694250611592,-0.007822356892451069,0.0786460293480051,-0.05985622763212995,0.09987595774219125,-0.15124615440331704,0.0339760295009216,-0.08237313319101533,-0.13863396989805407,-0.22903141866213425,-0.30755521549989656,-0.11454230752675311,0.03237721236705235,0.04522161668411106,0.052213569212721446,0.08076590314694602,0.06969435476969063,0.07152160295634101,0.05258638706161502,-0.0710360811851445,-0.13400426869857263,0.4765977812020001,-0.1651266380225105,-0.0940062089936809,-0.016600046697196547,0.02615071155768965,0.10157712546797878,-0.015781758194699447,-0.3083659947545649,0.028390086919220698,-0.08194613419431174,0.15584344696454536,0.3102709923279155,0.07781415535680593,0.10567776098818653,0.06405185822793841,-0.2916697455462504,0.41260917320089097,-0.15960396117614895,0.2285162171814309,0.00628518498893693,0.034384588821933584,-0.12196720228532806,0.3801957965393352,0.08422596018435902,-0.16012688394954352,0.07579079955689787,-0.013409398972858028,0.2109332639611101,-0.0031314823747609724,0.21853760538687192,0.12631652944793761,-0.20129092748091637,0.1515272111600662,0.17088503340702296,-0.02731833159049303,0.11431401623084476,-0.00973434477805551,-0.02189619099375715,-0.25671295966775437,-0.007848500875050336,0.07394816501641635,-0.1970403458882075,-0.21779100499980916,-0.07184586368785803,-0.11477090734903125,-0.09818221182449581,-0.052354817033489424,0.03774387278817501,-0.06584115071813687,-0.1260809801067017
2003-12-12,0.022819148903795466,-0.17534793685436334,-0.0016237636530358535,0.11826353032210667,0.21062337155170027,0.2825563891096151,-0.12917021277655436,0.08521793989243594,0.1324099095837037,-0.0265797198306561,-0.14566633380072472,0.16055427307355596,-0.17026265040238367,0.23275296718212166,0.24815546296573499,-0.009974275417461122,-0.01983377953804532,-0.10000428777864089,0.1545428118336561,-0.2548122798098828,0.17212001610078273,0.01160436805760171,-0.10043061350954234,0.09814979381892876,-0.023194008645236245,-0.18836318543263977,0.11229512465567641,-0.10805258962980785,-0.10530266392677412,0.12118731910067806,0.012187075263244553,0.04482781185437568,-0.045019267867014615,0.08419527702514897,-0.15311789602478867,0.03836714487818153,-0.1416648323041662,-0.163155865661621,-0.33474573000214586,-0.3520146773361482,-0.1466097901276133,-0.09400920477592116,0.10004065919543502,-0.07702145843110542,0.06662936038135821,0.051072080265047,0.04800352277995331,0.028779991795229314,-0.12362925282252152,-0.23804510591394637,0.3676305561454887,-0.10375039336059479,0.060285973406720275,0.09896229856395869,0.010782681406155101,0.04396719428996153,0.003180660491434229,-0.32055670744111,0.09887250809605945,-0.10289658810008392,0.05935444766660179,0.1404258011507283,0.08340760915829468,0.2304070480867613,0.0891347682879153,-0.2241769806308033,0.24037728643857098,-0.29322253565079975,0.06858580633400607,0.05359602881776752,0.14705117803427636,-0.14194372112422018,0.23076314388591743,0.025580548355992803,0.004987868879207609,0.1372331153234019,-0.0211982975386172,0.1271658399868058,0.007545912115349203,0.1412937641077299,0.1561735292694416,0.08212565823823051,0.2099027471087495,-0.09864852712410976,0.05923781501644883,0.05452920980341937,-0.062295408375821044,-0.07297313106471655,-0.21454321907456553,-0.11436532724436803,0.05806993083909626,-0.13307036778245052,-0.2189647307826361,0.25110281180442473,-0.003280480615659545,-0.19892454487936512,-0.06411722841514747,0.0687671700345404,0.008391189742113772,-0.12608098768418113
2003-12-15,0.1367614459046866,-0.30715101938547107,0.035737029709312015,-0.13365732510977385,0.25591248794095905,0.2166363222396024,-0.01495861802133219,0.0014428029962676894,0.18380119726720973,0.03981832264784947,-0.08855822002464682,0.03348472422876572,-0.027347130365705647,0.06368529840559967,0.1189318274266694,0.04494692253946505,0.013766878268751396,-0.28001366271379685,0.017483189162798094,-0.22016644522336964,0.17986511803150035,0.10941207186466881,-0.06308796101105348,0.1530347305603281,0.07040690009990493,-0.22375039804933,0.11883899449363403,-0.17368224469455162,-0.19215244251318764,0.11177473230836643,0.0361939536099254,0.026816309552594654,0.042091330519170814,-0.2746363856619601,-0.004731081675220811,-0.1931901552323565,-0.05520446404745465,-0.13443290515416007,-0.31001401978879495,-0.26155281225661464,-0.04763681214342524,-0.1852623487276453,-0.03254902020136777,-0.29855112995560756,0.072040481239118,0.06635865047871317,0.11961824693212621,-0.06791691546337006,-0.16081031407557148,0.11105198153405817,0.11963554348823156,-0.033093150207713556,0.006287326287777012,0.00725380127658141,-0.01933243994740236,0.0346384072049668,0.027693637503927233,-0.27028879160568586,-0.044698012210681044,0.1193487765706844,0.09585227771688778,0.04781480384925275,0.04346217497213226,0.16204798966396264,0.012246308372544182,-0.150656253334728,0.10967310077429406,-0.11167157751990024,0.13251885906998634,0.037352032966776874,0.2279563679296767,-0.12561358276479517,0.19268148847477157,0.1317250469403909,0.026822448796913177,0.09978797477232396,-0.01800049788235516,0.15744111522121393,0.001658918965431049,0.15030604713625031,0.09959409113230112,0.08212565199307978,0.12167854538506605,0.07953136675441508,0.07542540713612977,-0.0870326851244639,0.14582601137704626,-0.10033090254648482,0.08483846099486218,-0.09167196722685943,0.12741748371392816,-0.03615740063025423,-0.27997906545253115,0.20289340935560882,0.021787437142884867,-0.16791304730175863,0.04701068708740007,0.0677288463942003,-0.14106075002248125,-0.037893379689834916
2003-12-16,0.10190451549631413,-0.30751004714798313,-0.021603335112113497,-0.12089186463181331,0.17254088526104464,0.004153722919022752,-0.061783867593866795,0.5921256570320671,-0.1353902275991611,0.1308114443825716,-0.12516519330652912,-0.04442847644696625,0.0510354830480171,0.19160459535381294,-0.05948248960764304,-0.5633838990057515,0.013766873809989191,-0.36196700899951856,0.13872460223841312,-0.04112469239410742,0.4872428957072843,0.11190185654971127,-0.12745399681613823,-0.017467103365956964,-0.0959011287778225,-0.23255259530837472,0.054971168350358875,0.10735936383136604,0.07359208764263135,0.051781776959094285,0.008449445957643029,0.003280307084246512,-0.14505151695196203,-0.07664738637870407,0.03210604473025376,-0.27127670152216016,-0.08439333183123883,-0.18817381080578308,-0.08075840601609403,0.08373856767020417,-0.1685915915976368,-0.10038150351070743,0.08505893976922253,-0.3629858884638665,0.01208349579354355,0.058383300755413085,0.08902043816635108,-0.20971877727478647,-0.10184584607562967,-0.03246180034755997,0.07324034429020491,-0.10818536996531773,0.03865313472061002,0.007253796056432034,-0.024017711712057858,-0.029787634678587426,0.06940735836675385,-0.1853318879485938,-0.0378081168330959,0.0497519473952329,0.13305328113740256,0.02040822931826327,0.022092494767577926,0.2811819674786077,-0.06269891817727735,-0.01829186601710143,0.19730379605661183,-0.1688037530102257,0.15618047745667257,0.04614935105694888,0.16513017295751217,-0.14507405802453932,0.23819064528098086,0.020301646113949218,0.14282167749449848,0.10014527591471857,0.1133473957675032,0.22247596973476672,0.02390761143650652,0.22945574685189832,0.2702982742179452,-0.060442789493726994,-0.02811600772409214,-0.025282881621209903,0.01959377676930017,0.2867555197393614,0.26126297887176264,-0.013644965790078154,-0.01548386659238611,-0.09388477953412727,0.11892675270412618,-0.1447226679760277,-0.29268641131864276,0.057773683016494326,-0.032195775859496255,-0.05925018636955638,0.1390858363957177,-0.005404430719235811,-0.25394273123936734,-0.09011590255073221
2003-12-17,0.07939450509820153,-0.3075100539622927,-0.020313621520089347,0.04746600698997143,0.5902687083121172,-0.03106183208859743,-0.12262392494980745,-0.21659068182726857,-0.19534765305013008,0.0254745423504298,0.04000825165718281,0.06960431015035198,0.004244443500416646,0.2934799316974982,-0.005314957851205708,0.2726601050227158,0.0002285577283073406,-0.4603490375683751,0.11736051580057633,-0.5090519840944875,0.08119380519208606,0.04077925681868661,0.07557626619050338,-0.060210600470809304,-0.10816162941324922,-0.1597241895036585,-0.04730611682658161,0.06981563385670761,0.03667262508284029,0.06886500001800945,0.05993643953702192,-0.08187256945466158,-0.1992901378254566,0.08309290461518515,-0.09214160757756573,-0.29076873313692786,0.009568584882094255,-0.11983869584975933,-0.03924761953726325,0.08373856915333064,-0.16332487091781256,-0.1455894920770477,0.33781689434773043,-0.41877357226136247,-0.10713278695440476,-0.05733196099090626,0.23399567433005095,-0.21632041343622704,-0.0990767824195097,-0.29292355144918997,0.1426186360411214,-0.0005908104051438093,-0.00036321689415748305,0.3204106834150868,-0.04422900942574588,-0.34419623895008766,0.014930442391519489,-0.2142451075054776,0.10591444419972296,0.05782752094902881,0.20546458407640533,-0.018537589750276324,0.07262247417491667,0.4443823473027094,-0.2171656317694187,0.03435408653768199,0.06405058966841276,-0.11903397802857964,-0.13239444595170555,-0.01308991999725868,0.22265090261529272,-0.1983769044665707,0.2891387161681662,0.04274204072425789,0.17165431496953926,0.0936523664861956,0.13430606554566024,0.15375291537101385,0.07095667886494539,0.2072655877767936,0.31448533408423973,0.11212437169219774,-0.11165818098325592,0.027734202663264214,0.07445220198674957,0.193637710562301,0.04187444257733723,-0.04677303340536783,-0.05833826249484656,0.14638687178609297,0.0431731028608051,-0.1793382198058484,-0.16132178022797294,0.24588721468222022,0.05632873778301384,-0.151845799834246,0.1226912757712836,0.01743786089009981,-0.10543092661455356,-0.17312430266511936
2003-12-18,0.14077073642482563,-0.30767349533827804,0.08003069226434444,0.061927745162293824,0.3007564891994329,0.1890923154199034,-0.1421344331508017,0.17654429698632648,-0.00014250221944080014,-0.21002944908111312,-0.045190801037804304,-0.02509120048215862,-0.005499588769627759,0.11412999566941728,0.15846272325544528,0.024780302508690035,-0.09931900645930694,-0.28002381060189524,0.04775019546168852,-0.4208304087680531,0.04271580514968795,0.017731970332965905,0.058989510764490674,0.16027133492935053,-0.03193026178724812,-0.0007397068743994243,-0.18137485462082192,0.008219864724634082,0.1195423059683917,-0.03729792428633778,0.09239929935542021,-0.0623136153161356,-0.12794391797296267,0.07975105187058301,-0.1004206033612625,-0.2094317066258184,0.18897875706086723,-0.11983869627662096,0.0570609997528632,0.014583884815550955,-0.11854170924237155,-0.06043646231880192,0.0466685941411388,-0.20289759599936924,0.014543677679847714,-0.011864450359484366,-0.029594776145487174,-0.21632042451009176,-0.1955591567863026,-0.042839908958209605,0.03825252927908026,0.09333061969266422,-0.0795600811267748,0.1991730885388258,-0.08144410831946196,-0.08447634250828977,-0.018172124288702837,-0.18506194029672796,0.018746741884931927,0.1051122983087752,0.037715598362233316,-0.03798792273517452,0.03279879120618069,0.5184572643900992,-0.05069815821782416,0.026095162925289427,-0.03092674937659852,-0.107363381551404,-0.13249103912040633,0.03967253917465741,0.27695467560914844,-0.1833005189568676,0.3688597781374372,0.08000103079035938,0.020670759749421445,-0.08587979646370973,-0.10597827641002422,-0.0017840008137869306,0.05803481841076955,0.0980120350302759,0.23919627679742272,0.1428748641270707,-0.19834495900627774,0.18241693612836257,0.20888655082444446,0.35593591636725186,-0.21578201300676947,-0.11406302057417546,-0.05266092381339144,0.08364653208632755,-0.005490067225323312,-0.13510407806284516,-0.15267890325437508,0.27637877721793436,0.18600691140464817,-0.06490816454008594,0.05034845766873722,0.05819639122826885,-0.1890779185161256,-0.2620418344950042
2003-12-19,0.14077073334804832,-0.1295939887847571,-0.011887034518883078,0.2981697502068751,0.2340379124943154,0.049606553386761454,-0.17818448031478762,-0.11798793798787849,-0.27123483464624626,-0.07045730499463024,-0.05894436057547119,-0.16414763944429447,-0.03260480039735023,0.25624416041221676,0.1068810742463312,0.31906467700248115,-0.058790995915697926,-0.08800412608642678,0.05798081144270707,-0.38019895214915633,-0.09052626134493048,0.19198196002006002,-0.11922086606186165,0.06810609041413003,-0.09227333145023697,-0.0772855714307914,-0.13252907403465708,0.02154517930023259,-0.0972015827736205,-0.06676506868639277,0.10800894084716633,-0.05800657310984266,-0.04773788093731124,0.042367452660831625,-0.07837139816404654,-0.09226622072826687,-0.014839496578532792,-0.10914829770731516,0.15378673087104178,-0.04974341319322496,-0.07625668713372402,0.056971386837017225,-0.13346717331511793,-0.2022864521643253,-0.024039032606640233,0.06896756486899262,0.015135583929415513,0.015056475787367551,-0.17489824113480634,0.12658133475649452,0.057638598039727366,0.017750313448215392,-0.2634596770303665,0.0657457946585289,-0.01305323831459333,-0.0674087480678348,0.24653477015552266,-0.3111886730067268,0.28087611405280044,0.027370418501930442,0.09305778815595192,0.16636947111071732,-0.08036145940972954,0.3924383912814737,-0.06209113705701367,0.12327194873053038,0.15111636602226905,-0.2587175313979997,0.16711590057230438,0.0005853822254542732,-0.09251043272412213,-0.07508251619240439,0.4197065004893453,0.1433089036078588,0.03133568577051541,-0.06715547145114696,-0.26984638174383013,-0.0020727201846876212,-0.013599345136975574,0.5832543969046576,0.2798523769450509,-0.12404492069978926,-0.08109899692059559,-0.10300812557079332,0.07905702164079599,0.2266354208785942,-0.08898483254934901,-0.15222829857222928,0.042205859897664726,-0.06861164359951791,0.02878919211001514,0.012847424683528017,-0.10815825331365606,-0.08381233476911275,0.20485226031627723,0.021997429159959073,0.0733068520287612,-0.011106423534043728,-0.006811627217776862,-0.22595042043110106
2003-12-22,0.14651406106453035,-0.1313015792726764,-0.04747481217093211,0.027486609149906204,0.024857225408884603,0.19571168723059515,-0.10579915106048626,0.3376430727470986,0.07490965017017653,-0.29617904053660155,0.031816583389818485,0.12981939376760068,0.06535817456250725,0.28705060302971025,-0.0035473295116438984,-0.29509735886656047,-0.035544564612811295,-0.07059713673258822,0.057980798061911976,-0.11864113822645574,-0.11545122056728188,0.08889936337273245,0.033736467376952885,0.11807085980676826,-0.10375251067965068,-0.041008117456938414,-0.02273443650749412,0.06582476378693196,-0.06503080936255341,-0.14533462194432192,0.13681381042642105,-0.05318160595605014,-0.08538614457330095,0.0617889093030603,-0.10843558854025112,-0.28500202209548464,-0.11489885556760121,-0.22524578575409082,0.23249560403477104,0.02737334725894901,-0.07036463128234922,0.007495057344846968,-0.12192537387108882,-0.198315053323778,-0.12627086206608223,-0.030845795877560558,0.03204373229504884,-0.2336892587216435,-0.08665319297731398,0.18445743458396183,-0.024817722892801177,-0.039771992545633635,-0.025774800069796103,0.014795562455978774,0.0058386716098983455,-0.12562865097006393,0.039939505276266406,-0.13925792013022423,0.24967622410400195,0.059609571326051096,-0.026715628987989223,0.09029238210753132,-0.07119630021402909,0.4460937705282057,0.08713665774809459,-0.017067379880585765,0.13463255382882477,-0.10042996093019704,0.09733419616116068,0.0001586324480981718,-0.12658301239786734,-0.0750825171632613,0.29892742506808734,0.255980336066313,0.09737958223870447,0.028627563045288473,-0.13329205912206926,0.052135489140275375,-0.09319879599039307,0.537950747160517,0.27985236533012015,-0.07219407021067363,-0.07937691225443831,-0.2927760431316847,0.03578931585462048,0.41678743806042784,-0.22776603200038364,-0.1016678073804731,0.11717384120322151,-0.16336521660790526,0.016182608132196987,-0.1176325760154169,-0.09740029660243102,-0.046927445729591996,0.15184033334038502,0.05754021797928399,0.08034211360931821,-0.08571694547882686,-0.07752102953944093,-0.10315105861225515
2003-12-23,0.08361471949081331,-0.031357534782279,-0.047474793444887295,0.07787316228060397,-0.01526447416656661,-0.026569006032853365,-0.13897245010583242,0.11924050359402538,0.06917740691812133,-0.18520898360599827,-0.050261586610555624,-0.048269278982256476,0.16874858184444988,0.18643798917563625,0.06574499136370224,-0.03138359016362123,0.05367744441223535,-0.07059714925582403,0.09480869646148588,-0.12249148668317131,0.11318117773347251,0.05198907477937035,0.12150587029858373,0.0016402641029979077,-0.0891792626693547,0.015231270147391554,-0.022734442841990457,-0.1395882724825732,0.011823805990096158,-0.24915683617634682,0.06875124957324805,-0.04162822508570132,0.019518950995453966,0.007771935805552666,0.12634765184340338,-0.14114827223526627,-0.23120041864487498,-0.05981311192763043,0.24006555425631004,0.027373335792374803,0.006612080697662773,-0.07434819857573739,-0.14476369167577655,-0.2276323112902089,0.0030505746231835676,0.10279442822816727,-0.00893363104871976,-0.21528488076050992,-0.17083246855238904,0.10394181985563736,0.02112794914395781,-0.0651567382295907,0.12223418406439468,0.08449071063378383,0.024330006062177455,-0.17096047432545622,-0.06357433061912642,-0.04289435224093944,-0.09019069311602095,-0.15965632858078668,-0.04908036240936856,0.269717130127104,-0.016094205537692093,0.3084955284121021,0.08588613989862348,0.052684930919506476,0.24202894303230166,-0.015040627895101112,0.08355354530195361,0.07369246509311918,-0.12658301850944492,-0.032907033994593264,0.08787200117894912,0.20980058480233177,-0.03550269131689492,0.21534688246216155,-0.12887989364784064,0.06250018405490536,-0.032483199216637164,0.4516344606661395,0.28816757614428223,-0.1765905022541817,-0.08056106698383145,-0.08423842910166306,0.022435783000081037,0.09575466502205589,-0.1999234641100188,-0.11030153686455224,0.2205834768774565,-0.041749105148077975,0.06066081661477682,0.035474053033818835,-0.12627607270150065,-0.13020395395906081,0.16014963979268568,-0.08610464304520211,0.13151984184345822,-0.10767460710922523,-0.04941100886081455,-0.05518271054891939
2003-12-24,0.10829336038249598,0.008410827445072143,-0.15011983954583843,0.17317359355078926,-0.03302234240895387,0.1563268801090152,-0.262785961897688,0.03191000890613212,-0.022233431624396137,-0.1852090482370767,-0.09368236342244675,0.15213300898364274,0.037765050363264704,0.13178546892994591,0.28471203961495384,0.10854758700473627,0.19320324968191696,-0.10760474663150073,-0.3541349113882405,-0.14692625644700627,-0.05559529528068995,0.06359989501530969,0.17329955306080203,0.15819404460821435,-0.02121518927084479,0.17159070944526553,-0.08554933298468026,0.00580853217935136,0.07506271305559721,-0.14108989551062867,0.16255752916057462,-0.05643562068002423,0.08438145919446423,0.0814981492136569,-0.09749767888716987,0.013558017035668633,-0.20881666690187808,-0.04524289129145919,0.4266246390825717,-0.14109957532201642,-0.004836667194649464,0.14120979435191805,0.017337459023776054,-0.14954113803067845,-0.043803443897038385,0.05344775373967722,0.2139982858510896,0.020132231120178447,-0.28715411717695744,-0.043733215231644154,-0.10131816029620498,0.04651783886009127,-0.1492601722822538,0.19893011557637774,0.012438631675057241,-0.310606763954065,-0.3860410195863852,-0.1302087197410181,0.08839007816903659,-0.15334159494302105,0.053754885667309495,0.2286998424894911,-0.0727076148039108,0.33796863292449203,0.058276627568781936,0.054761688033458156,0.13407967971904572,-0.06982724344504125,-0.042311241473080595,0.1221125962302249,-0.24313925729609184,-0.093119067748882,0.07595464817237906,0.05984358085004703,-0.00032095467404565217,0.061186729923031154,-0.10138381584337683,0.12407352949067435,-0.0480384181056109,0.3538073418499743,0.34052475729291426,-0.2310283200665097,0.03201254725616352,-0.18155422182324635,0.039662216531372155,0.1866095763709687,-0.2920275834112385,-0.06942761857554404,0.018150748209289486,-0.0822321519844572,-0.005123418454108164,-0.06720804108575913,0.04212347095409535,0.017052912523852024,0.12351853200611154,-0.054631206710922975,0.15839145551663275,-0.14179066248822675,-0.20543588345339447,-0.05518271286802431
